,,,,,Games,Games,Passing,Passing,Passing,Passing,Passing,Rushing,Rushing,Rushing,Rushing,Receiving,Receiving,Receiving,Receiving,Receiving,Fumbles,Fumbles,Scoring,Scoring,Scoring,Fantasy,Fantasy,Fantasy,Fantasy,Fantasy,Fantasy,Fantasy
Rk,Player,Tm,FantPos,Age,G,GS,Cmp,Att,Yds,TD,Int,Att,Yds,Y/A,TD,Tgt,Rec,Yds,Y/R,TD,Fmb,FL,TD,2PM,2PP,FantPt,PPR,DKPt,FDPt,VBD,PosRank,OvRank
1,Marshall Faulk*+\FaulMa00,STL,RB,27,14,14,0,0,0,0,0,253,1359,5.37,18,113,81,830,10.25,8,0,,26,2,,379,459.9,465.9,419.4,228,1,1
2,Edgerrin James*\JameEd00,IND,RB,22,16,16,0,0,0,0,0,387,1709,4.42,13,87,63,594,9.43,5,5,4,18,1,,332,395.3,405.3,363.8,181,2,2
3,Jeff Garcia *\GarcJe00,SFO,QB,30,16,16,355,561,4278,31,10,72,414,5.75,4,0,0,0,,0,7,1,4,,1,341,340.5,357.5,350.5,149,1,3
4,Daunte Culpepper*\CulpDa00,MIN,QB,23,16,16,297,474,3937,33,16,89,470,5.28,7,0,0,0,,0,11,6,7,,2,338,338.5,366.5,354.5,147,2,4
5,Eddie George*+\GeorEd00,TEN,RB,27,16,16,0,0,0,0,0,403,1509,3.74,14,65,50,453,9.06,2,5,4,16,,,284,334.2,344.2,309.2,133,3,5
6,Randy Moss*+\MossRa00,MIN,WR,23,16,16,0,0,0,0,0,3,5,1.67,0,129,77,1437,18.66,15,2,,15,1,,236,313.2,316.2,274.7,125,1,6
7,Marvin Harrison*\HarrMa00,IND,WR,28,16,16,0,0,0,0,0,0,0,,0,169,102,1413,13.85,14,2,,14,,,225,327.3,330.3,276.3,114,2,7
8,Tony Gonzalez*+\GonzTo00,KAN,TE,24,16,16,0,0,0,0,0,0,0,,0,150,93,1203,12.94,9,0,,9,,,174,267.3,270.3,220.8,113,1,8
9,Terrell Owens*+\OwenTe00,SFO,WR,27,14,13,0,0,0,0,0,3,11,3.67,0,146,97,1451,14.96,13,3,1,13,1,,224,321.2,325.2,272.7,113,3,9
10,Rod Smith*\SmitRo01,DEN,WR,30,16,16,0,0,0,0,0,6,99,16.50,1,173,100,1602,16.02,8,1,1,9,,,222,322.1,326.1,272.1,111,4,10
11,Rich Gannon*+\GannRi00,OAK,QB,35,16,16,284,473,3430,28,11,89,529,5.94,4,0,0,0,,0,9,5,4,1,,296,296.1,318.1,307.1,104,3,11
12,Peyton Manning *\MannPe00,IND,QB,24,16,16,357,571,4413,33,15,37,116,3.14,1,0,0,0,,0,5,3,1,,2,294,294.1,318.1,309.1,102,4,12
13,Mike Anderson\AndeMi00,DEN,RB,27,16,12,0,0,0,0,0,297,1487,5.01,15,32,23,169,7.35,0,4,4,15,1,,250,272.6,282.6,261.1,99,4,13
14,Donovan McNabb*\McNaDo00,PHI,QB,24,16,16,330,569,3365,21,13,86,629,7.31,6,4,2,5,2.50,0,7,4,6,,1,286,288.0,311.0,300.0,94,5,14
15,Robert Smith*\SmitRo00,MIN,RB,28,16,16,0,0,0,0,0,295,1521,5.16,7,44,36,348,9.67,3,4,1,10,,,245,280.9,287.9,262.9,94,5,15
16,Fred Taylor\TaylFr00,JAX,RB,24,13,13,0,0,0,0,0,292,1399,4.79,12,53,36,240,6.67,2,4,2,14,,,244,279.9,287.9,261.9,93,6,16
17,Derrick Alexander\AlexDe00,KAN,WR,29,16,16,0,0,0,0,0,3,45,15.00,0,144,78,1391,17.83,10,0,,10,,,204,281.6,284.6,242.6,93,5,17
18,Ahman Green\GreeAh00,GNB,RB,23,16,11,0,1,0,0,0,263,1175,4.47,10,99,73,559,7.66,3,6,4,13,,,243,316.4,326.4,279.9,92,7,18
19,Isaac Bruce*\BrucIs00,STL,WR,28,16,16,0,0,0,0,0,1,11,11.00,0,135,87,1471,16.91,9,1,1,9,,,200,287.2,291.2,243.7,89,6,19
20,Curtis Martin\MartCu00,NYJ,RB,27,16,16,1,1,18,1,0,316,1204,3.81,9,96,70,508,7.26,2,2,2,11,,,238,307.9,315.9,272.9,87,8,20
21,Torry Holt*\HoltTo00,STL,WR,24,16,15,0,0,0,0,0,2,7,3.50,0,139,82,1635,19.94,6,2,2,6,,,196,278.2,283.2,237.2,85,7,21
22,Ricky Watters\WattRi00,SEA,RB,31,16,16,0,0,0,0,0,278,1242,4.47,7,92,63,613,9.73,2,5,2,9,,,236,298.5,306.5,267.0,84,9,22
23,Charlie Garner*\GarnCh00,SFO,RB,28,16,15,0,0,0,0,0,258,1142,4.43,7,94,68,647,9.51,3,4,3,10,,,233,300.9,309.9,266.9,82,10,23
24,Ed McCaffrey\McCaEd00,DEN,WR,32,16,16,0,0,0,0,0,0,0,,0,149,101,1317,13.04,9,0,,9,1,,188,288.7,291.7,238.2,77,8,24
25,Lamar Smith\SmitLa00,MIA,RB,30,15,15,0,1,0,0,0,309,1139,3.69,14,38,31,201,6.48,2,3,3,16,,,224,255.0,264.0,239.5,73,11,25
26,Joe Horn*\HornJo00,NOR,WR,28,16,16,0,0,0,0,0,6,10,1.67,0,151,94,1340,14.26,8,1,,8,,,183,277.0,280.0,230.0,72,9,26
27,Stephen Davis *\DaviSt00,WAS,RB,26,15,15,0,0,0,0,0,332,1318,3.97,11,49,33,313,9.48,0,4,4,11,,,221,254.1,264.1,237.6,70,12,27
28,Elvis Grbac*\GrbaEl00,KAN,QB,30,15,15,326,547,4169,28,14,30,110,3.67,1,0,0,0,,0,7,3,1,,,262,261.8,284.8,275.8,70,6,28
29,Tiki Barber\BarbTi00,NYG,RB,25,16,12,0,0,0,0,0,213,1006,4.72,8,95,70,719,10.27,1,9,3,9,,,221,290.5,299.5,255.5,69,13,29
30,Tim Brown\BrowTi00,OAK,WR,34,16,16,0,0,0,0,0,3,12,4.00,0,133,76,1128,14.84,11,0,,11,,,180,256.0,259.0,218.0,69,10,30
31,Cris Carter *\CartCr00,MIN,WR,35,16,16,0,0,0,0,0,0,0,,0,161,96,1274,13.27,9,3,1,9,,,179,275.4,279.4,227.4,69,11,31
32,James Stewart\StewJa00,DET,RB,29,16,16,0,0,0,0,0,339,1184,3.49,10,48,32,287,8.97,1,4,2,11,2,,213,245.1,253.1,229.1,62,14,32
33,Jimmy Smith*\SmitJi00,JAX,WR,31,15,14,0,0,0,0,0,0,0,,0,145,91,1213,13.33,8,1,,8,,,169,260.3,263.3,214.8,58,12,33
34,Warrick Dunn*\DunnWa00,TAM,RB,25,16,14,0,0,0,0,0,248,1133,4.57,8,69,44,422,9.59,1,1,1,9,,,208,251.5,258.5,229.5,56,15,34
35,Eric Moulds*\MoulEr00,BUF,WR,27,16,16,0,0,0,0,0,2,24,12.00,0,164,94,1326,14.11,5,1,,5,,,165,259.0,262.0,212.0,54,13,35
36,Amani Toomer\ToomAm00,NYG,WR,26,16,14,0,0,0,0,0,5,91,18.20,1,124,78,1094,14.03,7,1,1,8,,,165,242.5,246.5,203.5,54,14,36
37,Shannon Sharpe\SharSh00,BAL,TE,32,16,15,0,0,0,0,0,0,0,,0,105,67,810,12.09,5,0,,5,,,111,178.0,181.0,144.5,50,2,37
38,Jamal Lewis\LewiJa00,BAL,RB,21,16,13,0,0,0,0,0,309,1364,4.41,6,36,27,296,10.96,0,6,2,6,1,,200,227.0,235.0,213.5,49,16,38
39,David Boston\BostDa00,ARI,WR,22,16,16,0,0,0,0,0,3,9,3.00,0,133,71,1156,16.28,7,2,1,7,,,157,227.5,231.5,192.0,46,15,39
40,Muhsin Muhammad\MuhaMu00,CAR,WR,27,16,16,0,0,0,0,0,2,12,6.00,0,156,102,1183,11.60,6,1,,6,,,156,257.5,260.5,206.5,45,16,40
41,Corey Dillon*\DillCo00,CIN,RB,26,16,16,0,0,0,0,0,315,1435,4.56,7,26,18,158,8.78,0,4,3,7,,,195,213.3,222.3,204.3,44,17,41
42,Freddie Jones\JoneFr00,SDG,TE,26,16,16,0,0,0,0,0,0,0,,0,126,71,766,10.79,5,3,2,5,,,103,173.6,178.6,138.1,42,3,42
43,Ricky Williams\WillRi00,NOR,RB,23,10,10,1,1,34,0,0,248,1000,4.03,8,55,44,409,9.30,1,6,3,9,,,190,234.3,243.3,212.3,39,18,43
44,Jerome Bettis\BettJe00,PIT,RB,28,16,16,0,2,0,0,1,355,1341,3.78,8,19,13,97,7.46,0,1,,8,,,190,202.8,206.8,197.3,39,19,44
45,Mark Brunell\BrunMa00,JAX,QB,30,16,16,311,512,3640,20,14,48,236,4.92,2,0,0,0,,0,7,4,2,,1,227,227.2,251.2,241.2,35,7,45
46,Keenan McCardell\McCaKe00,JAX,WR,30,16,16,0,0,0,0,0,0,0,,0,140,94,1207,12.84,5,3,3,5,,,145,238.7,244.7,191.7,34,17,46
47,Antonio Freeman\FreeAn00,GNB,WR,28,15,15,0,0,0,0,0,2,5,2.50,0,120,62,912,14.71,9,1,1,9,,,144,205.7,209.7,174.7,33,18,47
48,Kyle Brady\BradKy00,JAX,TE,28,16,15,0,0,0,0,0,0,0,,0,94,64,729,11.39,3,0,,3,1,,93,156.9,159.9,124.9,32,4,48
49,Wayne Chrebet\ChreWa00,NYJ,WR,27,16,16,0,0,0,0,0,3,-3,-1.00,0,143,69,937,13.58,8,0,,8,,,141,210.4,213.4,175.9,31,19,49
50,Chad Lewis*\LewiCh00,PHI,TE,29,16,16,0,0,0,0,0,0,0,,0,110,69,735,10.65,3,0,,3,,,92,160.5,163.5,126.0,31,5,50
51,Shaun King\KingSh00,TAM,QB,23,16,16,233,428,2769,18,13,73,353,4.84,5,0,0,0,,0,4,1,5,1,,222,222.1,242.1,235.1,30,8,51
52,Frank Wycheck*\WychFr00,TEN,TE,29,16,16,2,2,53,1,0,0,0,,0,109,70,636,9.09,4,2,3,4,,,88,157.7,163.7,122.7,27,6,52
53,Terry Glenn\GlenTe00,NWE,WR,26,16,16,0,0,0,0,0,4,39,9.75,0,163,79,963,12.19,6,0,,6,,,136,215.2,218.2,175.7,25,20,53
54,Tyrone Wheatley\WheaTy00,OAK,RB,28,14,13,0,0,0,0,0,232,1046,4.51,9,34,20,156,7.80,1,4,3,10,,,174,194.2,203.2,184.2,23,20,54
55,Kerry Collins\CollKe00,NYG,QB,28,16,16,311,529,3610,22,13,41,65,1.59,1,0,0,0,,0,7,2,1,,,215,214.9,232.9,227.9,23,9,55
56,Emmitt Smith\SmitEm00,DAL,RB,31,16,16,0,0,0,0,0,294,1203,4.09,9,14,11,79,7.18,0,6,5,9,,,172,183.2,191.2,177.7,21,21,56
57,Keyshawn Johnson\JohnKe00,TAM,WR,28,16,16,0,0,0,0,0,2,5,2.50,0,122,71,874,12.31,8,2,2,8,,,132,202.9,207.9,167.4,21,21,57
58,Jamal Anderson\AndeJa00,ATL,RB,28,16,16,0,0,0,0,0,282,1024,3.63,6,58,42,382,9.10,0,6,4,6,1,,171,212.6,222.6,191.6,20,22,58
59,Ike Hilliard\HillIk00,NYG,WR,24,14,14,0,0,0,0,0,3,19,6.33,0,105,55,787,14.31,8,0,,8,,,129,183.6,186.6,156.1,18,22,59
60,Derrick Mason*+\MasoDe00,TEN,WR,26,16,10,0,0,0,0,0,1,1,1.00,0,89,63,895,14.21,5,1,,6,,,126,188.6,191.6,157.1,15,23,60
61,Troy Brown\BrowTr00,NWE,WR,29,16,15,0,0,0,0,0,6,46,7.67,0,119,83,944,11.37,4,2,2,5,,,125,208.0,213.0,166.5,14,24,61
62,Brett Favre\FavrBr00,GNB,QB,31,16,16,338,580,3812,20,16,27,108,4.00,0,0,0,0,,0,9,5,0,,2,205,205.3,232.3,221.3,13,10,62
63,Bill Schroeder\SchrBi00,GNB,WR,29,16,16,0,0,0,0,0,2,11,5.50,0,119,65,999,15.37,4,1,1,4,,,123,188.0,192.0,155.5,12,25,63
64,Ken Dilger\DilgKe00,IND,TE,29,16,16,0,0,0,0,0,0,0,,0,72,47,538,11.45,3,1,1,3,,,70,116.8,120.8,93.3,9,7,64
65,Michael Pittman\PittMi00,ARI,RB,25,16,12,0,0,0,0,0,184,719,3.91,4,91,73,579,7.93,2,5,3,6,,,160,232.8,241.8,196.3,9,23,65
66,Jerry Rice\RiceJe00,SFO,WR,38,16,16,0,1,0,0,0,1,-2,-2.00,0,122,75,805,10.73,7,3,2,7,,,118,193.3,198.3,155.8,7,26,66
67,Dwayne Carswell\CarsDw00,DEN,TE,28,16,16,0,0,0,0,0,0,0,,0,64,49,495,10.10,3,0,,3,,,68,116.5,119.5,92.0,7,8,67
68,Jay Riemersma\RiemJa00,BUF,TE,27,12,12,0,0,0,0,0,0,0,,0,60,31,372,12.00,5,1,1,5,,,65,96.2,100.2,80.7,4,9,68
69,Oronde Gadsden\GadsOr00,MIA,WR,29,16,16,0,0,0,0,0,0,0,,0,93,56,786,14.04,6,0,,6,,,115,170.6,173.6,142.6,4,27,69
70,Peter Warrick\WarrPe00,CIN,WR,23,16,16,0,0,0,0,0,16,148,9.25,2,126,51,592,11.61,4,2,1,7,,,114,165.0,172.0,139.5,3,28,70
71,Marcus Pollard\PollMa00,IND,TE,28,16,14,0,0,0,0,0,0,0,,0,42,30,439,14.63,3,0,,3,1,,64,93.9,96.9,78.9,3,10,71
72,Jeff Graham\GrahJe00,SDG,WR,31,14,13,0,0,0,0,0,0,0,,0,112,55,907,16.49,4,1,1,4,,,113,167.7,171.7,140.2,2,29,72
73,Drew Bledsoe\BledDr00,NWE,QB,28,16,16,312,531,3291,17,13,47,158,3.36,2,0,0,0,,0,9,4,2,,,193,193.4,216.4,206.4,2,11,73
74,Jackie Harris\HarrJa00,DAL,TE,32,16,7,0,0,0,0,0,0,0,,0,56,39,306,7.85,5,0,,5,1,,63,101.6,104.6,82.1,2,11,74
75,Steve Beuerlein\BeueSt00,CAR,QB,35,16,16,324,533,3730,19,18,44,106,2.41,1,0,0,0,,0,9,8,1,1,,192,191.8,223.8,209.8,,12,75
76,Charles Evans\EvanCh00,BAL,,33,1,0,0,0,0,0,0,0,0,,0,,0,0,,0,0,,0,,,,,,,,5,76
77,Charles Kirby\KirbCh20,TAM,,26,6,2,0,0,0,0,0,0,0,,0,0,0,0,,0,0,,0,,,,,,,,3,77
78,Frank Sanders\SandFr00,ARI,WR,27,16,16,0,0,0,0,0,0,0,,0,116,54,749,13.87,6,0,,6,,,111,164.9,167.9,137.9,,30,78
79,Kurt Warner*\WarnKu00,STL,QB,29,11,11,235,347,3429,21,18,18,17,0.94,0,0,0,0,,0,4,1,0,,2,189,188.9,210.9,206.9,,13,
80,Brian Griese*\GrieBr00,DEN,QB,25,10,10,216,336,2688,19,4,29,102,3.52,1,0,0,0,,0,5,3,1,,1,188,187.7,200.7,191.7,,14,
81,Kordell Stewart\StewKo00,PIT,QB,28,16,11,151,289,1860,11,8,78,436,5.59,7,0,0,0,,0,8,3,7,,,182,182.0,199.0,190.0,,16,
82,Vinny Testaverde\TestVi00,NYJ,QB,37,16,16,328,590,3732,21,25,25,32,1.28,0,0,0,0,,0,7,4,0,,2,182,182.5,214.5,207.5,,15,
83,Steve McNair*\McNaSt00,TEN,QB,27,16,15,248,396,2847,15,13,72,403,5.60,0,0,0,0,,0,12,4,0,,,180,180.2,203.2,193.2,,17,
84,Jay Fiedler\FiedJa00,MIA,QB,29,15,15,204,357,2402,14,14,54,267,4.94,1,0,0,0,,0,2,2,1,,,153,152.8,174.8,166.8,,18,
85,James Allen\AlleJa00,CHI,RB,25,16,15,0,0,0,0,0,290,1120,3.86,2,60,39,291,7.46,1,5,4,3,,,151,190.1,200.1,170.6,,24,
86,Rob Johnson\JohnRo00,BUF,QB,27,12,11,175,306,2125,12,7,42,307,7.31,1,1,1,-6,-6.00,0,4,2,1,,,151,152.1,167.1,158.6,,19,
87,Tony Richardson\RichTo00,KAN,RB,29,16,16,0,0,0,0,0,147,697,4.74,3,75,58,468,8.07,3,3,2,6,,,149,206.5,214.5,177.5,,25,
88,Charlie Batch\BatcCh00,DET,QB,26,15,15,221,412,2489,13,15,44,199,4.52,2,0,0,0,,0,6,3,2,,,147,147.5,171.5,162.5,,20,
89,Jon Kitna\KitnJo00,SEA,QB,28,15,12,259,418,2658,18,19,48,127,2.65,1,0,0,0,,0,17,6,1,,,147,147.0,178.0,166.0,,21,
90,Trent Green\GreeTr00,STL,QB,30,8,5,145,240,2063,16,5,20,69,3.45,1,0,0,0,,0,3,2,1,,,145,145.4,155.4,150.4,,22,
91,Jake Plummer\PlumJa00,ARI,QB,26,14,14,270,475,2946,13,21,37,183,4.95,0,0,0,0,,0,8,3,0,,,140,140.1,170.1,161.1,,23,
92,Jeff Blake\BlakJe00,NOR,QB,30,11,11,184,302,2025,13,9,57,243,4.26,1,0,0,0,,0,7,3,1,,,139,139.3,157.3,148.3,,24,
93,Kevin Faulk\FaulKe00,NWE,RB,24,16,9,0,0,0,0,0,164,570,3.48,4,68,51,465,9.12,1,6,4,5,1,,128,178.5,188.5,153.0,,26,
94,Cade McNown\McNoCa00,CHI,QB,23,10,9,154,280,1646,8,9,50,326,6.52,3,0,0,0,,0,8,3,3,,,124,124.4,142.4,133.4,,25,
95,Brad Johnson\JohnBr00,WAS,QB,32,12,11,228,365,2505,11,15,22,58,2.64,1,0,0,0,,0,5,3,1,,,120,120.0,141.0,135.0,,26,
96,Travis Prentice\PrenTr00,CLE,RB,24,16,11,0,0,0,0,0,173,512,2.96,7,43,37,191,5.16,1,2,1,8,,,116,153.3,160.3,134.8,,27,
97,Tim Biakabutuka\BiakTi00,CAR,RB,26,12,11,0,0,0,0,0,173,627,3.62,2,58,34,341,10.03,2,4,3,4,,,115,148.8,157.8,131.8,,28,
98,Aaron Brooks\BrooAa00,NOR,QB,24,8,5,113,194,1514,9,6,41,170,4.15,2,0,0,0,,0,4,1,2,,,112,111.6,124.6,117.6,,28,
99,Doug Flutie\FlutDo00,BUF,QB,38,11,5,132,231,1700,8,3,36,161,4.47,1,0,0,0,,0,5,2,1,,,112,112.1,123.1,115.1,,27,
100,Chris Chandler\ChanCh00,ATL,QB,35,14,13,192,331,2236,10,12,21,60,2.86,0,1,1,-4,-4.00,0,7,1,0,,,109,110.0,126.0,121.5,,29,
101,Donald Hayes\HayeDo00,CAR,WR,25,15,15,0,0,0,0,0,0,0,,0,112,66,926,14.03,3,1,1,3,,,109,174.6,178.6,141.6,,31,
102,Charles Johnson\JohnCh00,PHI,WR,28,16,16,0,0,0,0,0,5,18,3.60,0,100,56,642,11.46,7,0,,7,,,108,164.0,167.0,136.0,,32,
103,Ron Dayne\DaynRo00,NYG,RB,22,16,4,0,0,0,0,0,228,770,3.38,5,3,3,11,3.67,0,1,1,5,,,106,109.1,113.1,107.6,,29,
104,Curtis Conway\ConwCu00,SDG,WR,29,14,14,0,0,0,0,0,3,31,10.33,0,99,53,712,13.43,5,0,,5,,,104,157.3,160.3,130.8,,33,
105,Sean Dawkins\DawkSe00,SEA,WR,29,16,16,0,0,0,0,0,0,0,,0,102,63,731,11.60,5,0,,5,,,103,166.1,169.1,134.6,,35,
106,Darrell Jackson\JackDa00,SEA,WR,22,16,9,0,0,0,0,0,1,-1,-1.00,0,93,53,713,13.45,6,2,2,6,,,103,156.2,161.2,129.7,,34,
107,James McKnight\McKnJa00,DAL,WR,28,16,15,0,0,0,0,0,0,0,,0,106,52,926,17.81,2,1,1,2,,,103,154.6,158.6,128.6,,37,
108,Marcus Robinson\RobiMa00,CHI,WR,25,11,11,0,0,0,0,0,1,9,9.00,0,102,55,738,13.42,5,1,1,5,,,103,157.7,161.7,130.2,,36,
109,Richie Anderson *\AndeRi00,NYJ,RB,29,16,10,0,0,0,0,0,27,63,2.33,0,125,88,853,9.69,2,2,2,2,,,100,187.6,192.6,143.6,,31,
110,Shawn Bryson\BrysSh00,BUF,RB,24,16,7,0,0,0,0,0,161,591,3.67,0,46,32,271,8.47,2,1,,2,1,,100,132.2,138.2,116.2,,30,
111,Johnnie Morton\MortJo00,DET,WR,29,16,16,0,0,0,0,0,4,25,6.25,0,116,61,788,12.92,3,1,1,3,1,,99,160.3,164.3,129.8,,38,
112,Dedric Ward\WardDe00,NYJ,WR,26,16,16,0,0,0,0,0,4,23,5.75,0,119,54,801,14.83,3,1,1,3,,,98,152.4,156.4,125.4,,39,
113,Gus Frerotte\FrerGu00,DEN,QB,29,10,6,138,232,1776,9,8,22,64,2.91,1,0,0,0,,0,5,3,1,,,97,97.4,111.4,105.4,,30,
114,Andre Rison\RisoAn00,OAK,WR,33,16,0,0,0,0,0,0,0,0,,0,70,41,606,14.78,6,0,,6,,,97,137.6,140.6,117.1,,40,
115,Qadry Ismail\IsmaQa00,BAL,WR,30,15,13,0,0,0,0,0,0,0,,0,95,49,655,13.37,5,0,,5,,,96,144.5,147.5,120.0,,41,
116,Az-Zahir Hakim\HakiAz00,STL,WR,23,16,4,0,0,0,0,0,5,19,3.80,0,81,53,734,13.85,4,7,5,5,,,95,148.3,156.3,121.8,,43,
117,Terance Mathis\MathTe00,ATL,WR,33,16,16,0,0,0,0,0,1,-5,-5.00,0,124,57,679,11.91,5,1,1,5,,,95,152.4,156.4,123.9,,42,
118,Sammy Morris\MorrSa00,BUF,RB,23,12,8,0,0,0,0,0,93,341,3.67,5,48,37,268,7.24,1,2,1,6,,,95,131.9,138.9,113.4,,32,
119,Hines Ward\WardHi00,PIT,WR,24,16,15,0,0,0,0,0,4,53,13.25,0,83,48,672,14.00,4,2,1,4,,,95,142.5,146.5,118.5,,44,
120,Albert Connell\ConnAl00,WAS,WR,26,16,12,0,0,0,0,0,0,0,,0,102,39,762,19.54,3,0,,3,,,94,133.2,136.2,113.7,,46,
121,Terrell Fletcher\FletTe00,SDG,RB,27,16,6,0,0,0,0,0,116,384,3.31,3,71,48,355,7.40,1,2,2,4,,,94,141.9,149.9,117.9,,33,
122,Shawn Jefferson\JeffSh00,ATL,WR,31,16,14,0,0,0,0,0,1,1,1.00,0,104,60,822,13.70,2,1,,2,,,94,154.3,157.3,124.3,,45,
123,Priest Holmes\HolmPr00,BAL,RB,27,16,2,0,0,0,0,0,137,588,4.29,2,46,32,221,6.91,0,2,1,2,,,91,122.9,129.9,106.9,,34,
124,Peerless Price\PricPe00,BUF,WR,24,16,16,0,0,0,0,0,2,32,16.00,0,106,52,762,14.65,3,4,3,3,,,91,143.4,149.4,117.4,,47,
125,Trent Dilfer\DilfTr00,BAL,QB,28,11,8,134,226,1502,12,11,20,75,3.75,0,1,1,-1,-1.00,0,8,2,0,,,89,90.5,106.5,101.0,,31,
126,Larry Centers\CentLa00,WAS,RB,32,15,6,0,0,0,0,0,19,103,5.42,0,93,81,600,7.41,3,1,,3,,,88,169.3,175.3,128.8,,35,
127,Tony Banks\BankTo00,BAL,QB,27,11,8,150,274,1578,8,8,19,57,3.00,0,0,0,0,,0,5,,0,,1,87,86.8,97.8,94.8,,32,
128,Bobby Shaw\ShawBo00,PIT,WR,25,16,0,0,0,0,0,0,0,0,,0,69,40,672,16.80,4,2,2,4,,,87,127.2,132.2,107.2,,48,
129,Irving Fryar\FryaIr00,WAS,WR,38,14,6,0,0,0,0,0,2,16,8.00,0,76,41,548,13.37,5,0,,5,,,86,127.4,130.4,106.9,,49,
130,Willie Jackson\JackWi00,NOR,WR,29,15,7,0,0,0,0,0,0,0,,0,80,37,523,14.14,6,2,1,6,,,86,123.3,127.3,104.8,,50,
131,Jacquez Green\GreeJa00,TAM,WR,24,16,16,0,0,0,0,0,5,13,2.60,0,103,51,773,15.16,1,0,,1,,,85,135.6,138.6,110.1,,51,
132,James Thrash\ThraJa00,WAS,WR,25,16,9,0,0,0,0,0,10,82,8.20,0,74,50,653,13.06,2,1,1,2,,,84,133.5,137.5,108.5,,52,
133,Darnell Autry\AutrDa00,PHI,RB,24,11,7,0,0,0,0,0,112,334,2.98,3,37,24,275,11.46,1,2,1,4,,,83,106.9,113.9,94.9,,36,
134,Jerome Pathon\PathJe00,IND,WR,25,16,10,0,0,0,0,0,1,3,3.00,0,89,50,646,12.92,3,0,,3,,,83,132.9,135.9,107.9,,53,
135,Mike Alstott *\AlstMi00,TAM,RB,27,13,13,0,1,0,0,0,131,465,3.55,5,19,13,93,7.15,0,3,2,5,,,82,94.8,99.8,88.3,,37,
136,Jeremy McDaniel\McDaJe00,BUF,WR,24,16,6,0,0,0,0,0,0,0,,0,69,43,697,16.21,2,0,,2,,,82,124.7,127.7,103.2,,54,
137,Sylvester Morris\MorrSy00,KAN,WR,23,15,14,1,1,31,0,0,0,0,,0,105,48,678,14.13,3,3,3,3,,,81,129.0,135.0,105.0,,55,
138,Ryan Leaf\LeafRy00,SDG,QB,24,11,9,161,322,1883,11,18,28,54,1.93,0,0,0,0,,0,12,6,0,,,77,76.7,103.7,94.7,,33,
139,Randy Jordan\JordRa00,OAK,RB,30,16,0,0,0,0,0,0,46,213,4.63,3,32,27,299,11.07,1,1,,4,,,75,102.2,108.2,88.7,,38,
140,Torrance Small\SmalTo00,PHI,WR,30,14,14,0,1,0,0,1,1,1,1.00,0,94,40,569,14.23,3,0,,3,1,,75,115.0,119.0,96.0,,56,
141,Fred Beasley\BeasFr00,SFO,RB,26,15,15,0,0,0,0,0,50,147,2.94,3,51,31,233,7.52,3,0,,6,,,74,105.0,111.0,89.5,,39,
142,Tim Couch\CoucTi00,CLE,QB,23,7,7,137,215,1483,7,9,12,45,3.75,0,0,0,0,,0,2,,0,,,74,73.8,85.8,82.8,,34,
143,Eddie Kennison\KennEd00,CHI,WR,27,16,10,0,0,0,0,0,3,72,24.00,0,95,55,549,9.98,2,1,,2,,,74,129.1,132.1,101.6,,57,
144,Chris Warren\WarrCh00,2TM,RB,32,14,1,0,0,0,0,0,74,296,4.00,2,43,32,303,9.47,1,3,2,3,,,74,105.9,113.9,89.9,,40,
145,J.J. Stokes\StokJ.00,SFO,WR,28,16,3,0,0,0,0,0,1,6,6.00,0,53,30,524,17.47,3,0,,3,1,,73,103.0,106.0,88.0,,58,
146,Jeff George\GeorJe00,WAS,QB,33,6,5,113,194,1389,7,6,7,24,3.43,0,0,0,0,,0,3,1,0,,,72,72.0,82.0,78.0,,35,
147,J.R. Redmond\RedmJ.00,NWE,RB,23,12,5,0,0,0,0,0,125,406,3.25,1,29,20,126,6.30,2,2,,3,,,71,91.2,97.2,81.2,,41,
148,Terrence Wilkins\WilkTe00,IND,WR,25,14,7,0,0,0,0,0,3,8,2.67,0,67,43,569,13.23,3,4,3,3,,,70,112.7,118.7,91.2,,59,
149,Leslie Shepherd\ShepLe00,MIA,WR,31,13,11,0,0,0,0,0,4,3,0.75,0,59,35,446,12.74,4,0,,4,,,69,103.9,106.9,86.4,,60,
150,Ricky Proehl\ProeRi00,STL,WR,32,12,4,0,0,0,0,0,0,0,,0,39,31,441,14.23,4,0,,4,,,68,99.1,102.1,83.6,,61,
151,Napoleon Kaufman\KaufNa00,OAK,RB,27,14,2,0,0,0,0,0,93,499,5.37,0,24,13,127,9.77,1,1,1,1,,,67,79.6,86.6,73.1,,42,
152,Kevin Johnson\JohnKe01,CLE,WR,24,16,16,1,3,23,0,1,0,0,,0,98,57,669,11.74,0,0,,0,,,66,122.8,126.8,95.3,,62,
153,Troy Aikman\AikmTr00,DAL,QB,34,11,11,156,262,1632,7,14,10,13,1.30,0,0,0,0,,0,2,2,0,,1,65,64.6,83.6,78.6,,38,
154,Brandon Bennett\BennBr00,CIN,RB,27,16,0,0,0,0,0,0,90,324,3.60,3,29,19,168,8.84,0,2,1,3,,,65,84.2,91.2,74.7,,43,
155,Randall Cunningham\CunnRa00,DAL,QB,37,6,3,74,125,849,6,4,23,89,3.87,1,0,0,0,,0,4,1,1,,1,65,64.9,72.9,68.9,,37,
156,Jim Harbaugh\HarbJi00,SDG,QB,37,7,5,123,202,1416,8,10,16,24,1.50,0,0,0,0,,0,5,3,0,,,65,65.0,81.0,75.0,,36,
157,Thomas Jones\JoneTh00,ARI,RB,22,14,4,0,0,0,0,0,112,373,3.33,2,46,32,208,6.50,0,4,3,2,,,64,96.1,105.1,80.1,,44,
158,Germane Crowell\CrowGe00,DET,WR,24,9,7,0,0,0,0,0,1,12,12.00,0,73,34,430,12.65,3,0,,3,,,62,96.2,99.2,79.2,,63,
159,Stephen Alexander*\AlexSt00,WAS,TE,25,16,16,0,0,0,0,0,0,0,,0,72,47,510,10.85,2,2,1,2,,,61,108.0,112.0,84.5,,12,
160,Zack Crockett\CrocZa00,OAK,RB,28,16,4,0,0,0,0,0,43,130,3.02,7,15,10,62,6.20,0,0,,7,,,61,71.2,74.2,66.2,,46,
161,Herman Moore\MoorHe00,DET,WR,31,15,11,0,0,0,0,0,0,0,,0,80,40,434,10.85,3,0,,3,,,61,101.4,104.4,81.4,,64,
162,Antowain Smith\SmitAn00,BUF,RB,28,11,3,0,0,0,0,0,101,354,3.50,4,5,3,20,6.67,0,1,,4,,,61,64.4,67.4,62.9,,45,
163,Marty Booker\BookMa00,CHI,WR,24,15,7,0,0,0,0,0,2,-1,-0.50,0,74,47,490,10.43,2,2,1,2,,,59,105.9,109.9,82.4,,65,
164,David Patten\PattDa00,CLE,WR,26,14,11,0,0,0,0,0,0,0,,0,72,38,546,14.37,1,2,1,1,,,59,96.6,100.6,77.6,,66,
165,Rickey Dudley\DudlRi00,OAK,TE,28,16,16,0,0,0,0,0,1,-7,-7.00,0,49,29,350,12.07,4,1,,4,,,58,87.3,90.3,72.8,,13,
166,Jermaine Fazande\FazaJe00,SDG,RB,25,13,7,0,0,0,0,0,119,368,3.09,2,18,16,104,6.50,0,1,1,2,,,57,73.2,80.2,65.2,,47,
167,Akili Smith\SmitAk00,CIN,QB,25,12,11,118,267,1253,3,6,41,232,5.66,0,0,0,0,,0,14,8,0,,,57,57.3,77.3,63.3,,39,
168,Duce Staley\StalDu00,PHI,RB,25,5,5,0,0,0,0,0,79,344,4.35,1,33,25,201,8.04,0,3,2,1,,,57,81.5,89.5,69.0,,48,
169,Dorsey Levens\LeveDo00,GNB,RB,30,5,5,0,0,0,0,0,77,224,2.91,3,21,16,146,9.13,0,0,,3,,,55,71.0,77.0,63.0,,49,
170,Justin Watson\WatsJu00,STL,RB,25,14,2,0,0,0,0,0,54,249,4.61,4,11,10,56,5.60,0,0,,4,,,55,64.5,67.5,59.5,,50,
171,Kevin Lockett\LockKe00,KAN,WR,26,16,2,0,0,0,0,0,0,0,,0,56,33,422,12.79,2,3,,2,,,54,87.2,90.2,70.7,,67,
172,Chris Sanders\SandCh00,TEN,WR,28,16,14,0,0,0,0,0,0,0,,0,61,33,536,16.24,0,1,,0,,,54,86.6,89.6,70.1,,68,
173,Wesley Walls\WallWe00,CAR,TE,34,8,8,0,0,0,0,0,0,0,,0,49,31,422,13.61,2,0,,2,,,54,85.2,88.2,69.7,,14,
174,Kimble Anders\AndeKi00,KAN,RB,34,15,7,0,0,0,0,0,76,331,4.36,2,19,15,76,5.07,0,1,,2,,,53,67.7,70.7,60.2,,51,
175,Desmond Clark\ClarDe00,DEN,TE,23,16,2,0,0,0,0,0,0,0,,0,38,27,339,12.56,3,0,,3,,,52,78.9,81.9,65.4,,16,
176,Andrew Glover\GlovAn00,NOR,TE,33,16,14,0,0,0,0,0,0,0,,0,40,21,281,13.38,4,0,,4,,,52,73.1,76.1,62.6,,15,
177,David Sloan\SloaDa00,DET,TE,28,15,10,0,0,0,0,0,0,0,,0,60,32,379,11.84,2,0,,2,,,50,81.9,84.9,65.9,,17,
178,Richard Huntley\HuntRi00,PIT,RB,28,13,0,0,0,0,0,0,46,215,4.67,3,19,10,91,9.10,0,1,1,3,1,,49,58.6,62.6,53.6,,52,
179,Rocket Ismail\IsmaRa00,DAL,WR,31,9,9,0,0,0,0,0,8,73,9.13,0,43,25,350,14.00,1,1,1,1,1,,48,73.3,77.3,60.8,,69,
180,James Jett\JettJa00,OAK,WR,30,16,13,0,0,0,0,0,0,0,,0,39,20,356,17.80,2,0,,2,,,48,67.6,70.6,57.6,,71,
181,Wane McGarity\McGaWa00,DAL,WR,24,14,0,0,0,0,0,0,6,49,8.17,1,49,25,250,10.00,0,2,,3,,,48,72.9,75.9,60.4,,70,
182,Reidel Anthony\AnthRe00,TAM,WR,24,16,1,0,0,0,0,0,0,0,,0,33,15,232,15.47,4,0,,4,,,47,62.2,65.2,54.7,,72,
183,Laveranues Coles\ColeLa00,NYJ,WR,23,13,3,0,0,0,0,0,2,15,7.50,0,42,22,370,16.82,1,0,,1,1,,47,68.5,71.5,57.5,,73,
184,Itula Mili\MiliIt00,SEA,TE,27,16,6,0,0,0,0,0,0,0,,0,47,28,288,10.29,3,1,,3,,,47,74.8,77.8,60.8,,19,
185,Dave Moore\MoorDa00,TAM,TE,31,16,16,0,0,0,0,0,0,0,,0,54,29,288,9.93,3,0,,3,,,47,75.8,78.8,61.3,,18,
186,Greg Clark\ClarGr00,SFO,TE,28,15,15,0,0,0,0,0,0,0,,0,51,38,342,9.00,2,1,,2,,,46,84.2,87.2,65.2,,20,
187,Dennis Northcutt\NortDe00,CLE,WR,23,15,8,0,0,0,0,0,9,33,3.67,0,82,39,422,10.82,0,1,,0,,,46,84.5,87.5,65.0,,74,
188,Stanley Pritchett\PritSt00,PHI,RB,27,16,2,0,0,0,0,0,58,225,3.88,1,30,25,193,7.72,0,1,1,1,,,46,70.8,77.8,58.3,,53,
189,Travis Taylor\TaylTr01,BAL,WR,22,9,8,0,0,0,0,0,2,11,5.50,0,54,28,276,9.86,3,1,1,3,,,45,72.7,76.7,58.7,,75,
190,Brad Hoover\HoovBr00,CAR,RB,24,16,4,0,0,0,0,0,89,290,3.26,1,19,15,112,7.47,0,1,1,1,,,44,59.2,66.2,51.7,,54,
191,Reggie Kelly\KellRe00,ATL,TE,23,16,16,0,0,0,0,0,0,0,,0,50,31,340,10.97,2,1,1,2,,,44,75.0,79.0,59.5,,21,
192,Shaun Alexander\AlexSh00,SEA,RB,23,16,1,0,0,0,0,0,64,313,4.89,2,11,5,41,8.20,0,2,2,2,,,43,48.4,53.4,45.9,,55,
193,Scott Mitchell\MitcSc00,CIN,QB,32,8,5,89,187,966,3,8,10,61,6.10,1,0,0,0,,0,4,2,1,,,43,42.7,55.7,50.7,,40,
194,Bubba Franks\FranBu00,GNB,TE,22,16,13,0,0,0,0,0,0,0,,0,55,34,363,10.68,1,1,,1,,,42,76.3,79.3,59.3,,22,
195,Shane Matthews\MattSh00,CHI,QB,30,6,5,102,178,964,3,6,10,35,3.50,0,0,0,0,,0,2,,0,,,42,42.1,51.1,48.1,,41,
196,Terrell Davis\DaviTe00,DEN,RB,28,5,4,0,0,0,0,0,78,282,3.62,2,2,2,4,2.00,0,1,,2,,,41,42.6,45.6,41.6,,56,
197,Donald Driver\DrivDo00,GNB,WR,25,16,2,0,0,0,0,0,1,4,4.00,0,49,21,322,15.33,1,0,,1,1,,41,61.6,64.6,51.1,,77,
198,Doug Pederson\PedeDo00,CLE,QB,32,11,8,117,210,1047,2,8,18,68,3.78,0,0,0,0,,0,4,,0,,,41,40.7,51.7,48.7,,42,
199,Yancey Thigpen\ThigYa00,TEN,WR,31,12,0,0,0,0,0,0,0,0,,0,26,15,289,19.27,2,0,,2,,,41,55.9,58.9,48.4,,76,
200,Robert Holcombe\HolcRo00,STL,RB,25,14,9,0,0,0,0,0,21,70,3.33,3,12,8,90,11.25,1,0,,4,,,40,48.0,48.0,44.0,,57,
201,Frank Moreau\MoreFr00,KAN,RB,24,11,0,0,0,0,0,0,67,179,2.67,4,1,0,0,,0,2,1,4,,,40,39.9,43.9,39.9,,58,
202,Aaron Shea\SheaAa00,CLE,TE,24,15,8,0,0,0,0,0,0,0,,0,51,30,302,10.07,2,1,1,2,,,40,70.2,74.2,55.2,,23,
203,Tony Martin\MartTo00,MIA,WR,35,10,5,0,0,0,0,0,0,0,,0,63,26,393,15.12,0,0,,0,,,39,65.3,68.3,52.3,,78,
204,Mark Bruener\BrueMa00,PIT,TE,28,16,16,0,0,0,0,0,0,0,,0,34,17,192,11.29,3,0,,3,,,37,54.2,57.2,45.7,,24,
205,Tony McGee\McGeTo00,CIN,TE,29,14,14,0,0,0,0,0,0,0,,0,49,26,309,11.88,1,0,,1,,,37,62.9,65.9,49.9,,25,
206,Mario Bates\BateMa00,DET,RB,27,13,0,0,0,0,0,0,31,127,4.10,2,21,15,109,7.27,0,0,,2,,,36,50.6,56.6,43.1,,60,
207,Isaac Byrd\ByrdIs00,CAR,WR,26,15,4,0,0,0,0,0,0,0,,0,44,22,241,10.95,2,0,,2,,,36,58.1,61.1,47.1,,79,
208,Christian Fauria\FaurCh00,SEA,TE,29,15,10,0,0,0,0,0,0,0,,0,39,28,237,8.46,2,1,,2,,,36,63.7,66.7,49.7,,27,
209,Kent Graham\GrahKe00,PIT,QB,32,12,5,66,148,878,1,1,8,7,0.88,0,0,0,0,,0,1,1,0,,,36,35.8,40.8,36.8,,43,
210,Chris Hetherington\HethCh00,CAR,RB,28,16,5,0,0,0,0,0,23,65,2.83,2,21,14,116,8.29,1,0,,3,,,36,50.1,53.1,43.1,,59,
211,Johnny McWilliams\McWiJo00,MIN,TE,28,15,7,0,0,0,0,0,0,0,,0,29,22,180,8.18,3,0,,3,,,36,58.0,61.0,47.0,,26,
212,Keith Poole\PoolKe00,NOR,WR,26,15,4,0,0,0,0,0,0,0,,0,37,21,293,13.95,1,1,,1,,,35,56.3,59.3,45.8,,80,
213,Jeff Thomason\ThomJe00,PHI,TE,31,16,5,0,0,0,0,0,0,0,,0,14,10,46,4.60,5,0,,5,,,35,44.6,44.6,39.6,,28,
214,Stoney Case\CaseSt00,DET,QB,28,5,1,56,91,503,1,4,16,117,7.31,1,0,0,0,,0,1,1,1,,1,34,33.8,44.8,37.8,,44,
215,Byron Chamberlain\ChamBy00,DEN,TE,29,15,0,0,0,0,0,0,0,0,,0,32,22,283,12.86,1,0,,1,,,34,56.3,59.3,45.3,,29,
216,Errict Rhett\RhetEr00,CLE,RB,30,5,4,0,0,0,0,0,71,258,3.63,0,19,14,78,5.57,0,0,,0,,,34,47.6,50.6,40.6,,61,
217,Terry Allen\AlleTe00,NOR,RB,32,4,3,0,0,0,0,0,46,179,3.89,2,1,1,7,7.00,0,0,,2,1,,33,33.6,36.6,33.1,,63,
218,Obafemi Ayanbadejo\AyanOb00,BAL,RB,25,8,4,0,0,0,0,0,15,37,2.47,1,29,23,168,7.30,1,0,,2,,,33,55.5,58.5,44.0,,64,
219,Bob Christian\ChriBo00,ATL,RB,32,16,14,0,0,0,0,0,9,19,2.11,0,63,44,315,7.16,0,0,,0,,,33,77.4,80.4,55.4,,62,
220,Brock Huard\HuarBr00,SEA,QB,24,5,4,49,87,540,3,2,5,29,5.80,0,0,0,0,,0,2,,0,,,33,32.5,37.5,34.5,,45,
221,Anthony Johnson\JohnAn00,JAX,RB,33,12,3,0,0,0,0,0,28,112,4.00,1,16,12,153,12.75,0,0,,1,,,33,44.5,50.5,38.5,,65,
222,Chris Fuamatu-Ma'afala\FuamCh00,PIT,RB,23,7,1,0,0,0,0,0,21,149,7.10,1,16,11,107,9.73,0,0,,1,,,32,42.6,48.6,37.1,,66,
223,Derrick Mayes\MayeDe00,SEA,WR,26,13,8,0,0,0,0,0,0,0,,0,47,29,264,9.10,1,0,,1,,,32,61.4,64.4,46.9,,81,
224,Matthew Hatchette\HatcMa00,MIN,WR,26,14,4,0,0,0,0,0,0,0,,0,33,16,190,11.88,2,0,,2,,,31,47.0,50.0,39.0,,84,
225,Joe Jurevicius\JureJo00,NYG,WR,26,14,3,0,0,0,0,0,0,0,,0,49,24,272,11.33,1,1,1,1,,,31,55.2,59.2,43.2,,82,
226,Pete Mitchell\MitcPe00,NYG,TE,29,14,5,0,0,0,0,0,0,0,,0,37,25,245,9.80,1,1,,1,,,31,55.5,58.5,43.0,,31,
227,Brandon Stokley\StokBr00,BAL,WR,24,7,1,0,0,0,0,0,1,6,6.00,0,17,11,184,16.73,2,0,,2,,,31,42.0,45.0,36.5,,83,
228,Jermaine Wiggins\WiggJe00,2TM,TE,25,15,2,0,0,0,0,0,0,0,,0,28,18,207,11.50,2,1,1,2,,,31,48.7,52.7,39.7,,30,
229,Greg Comella\ComeGr00,NYG,RB,25,16,12,0,0,0,0,0,10,45,4.50,0,50,36,274,7.61,0,2,1,0,,,30,65.9,69.9,47.9,,67,
230,Courtney Hawkins\HawkCo00,PIT,WR,31,13,5,0,0,0,0,0,0,0,,0,43,19,238,12.53,1,0,,1,,,30,48.8,51.8,39.3,,85,
231,Patrick Johnson\JohnPa00,BAL,WR,24,12,9,0,0,0,0,0,2,21,10.50,0,37,12,156,13.00,2,0,,2,,,30,41.7,44.7,35.7,,87,
232,Alvis Whitted\WhitAl00,JAX,WR,26,16,3,0,0,0,0,0,0,0,,0,26,13,137,10.54,3,1,1,3,,,30,42.7,46.7,36.2,,86,
233,Roland Williams\WillRo01,STL,TE,25,16,11,0,0,0,0,0,0,0,,0,25,11,102,9.27,3,0,,3,1,,30,41.2,44.2,35.7,,32,
234,Craig Yeast\YeasCr00,CIN,WR,24,15,7,0,0,0,0,0,1,15,15.00,0,51,24,301,12.54,0,3,1,0,,,30,53.6,57.6,41.6,,88,
235,William Henderson\HendWi00,GNB,RB,29,16,6,0,0,0,0,0,2,16,8.00,0,45,35,234,6.69,1,1,1,1,,,29,64.0,68.0,46.5,,69,
236,J.J. Johnson\JohnJ.00,MIA,RB,26,13,1,0,0,0,0,0,50,168,3.36,1,12,10,61,6.10,0,0,,1,,,29,38.9,41.9,33.9,,70,
237,Tony Simmons\SimmTo00,NWE,WR,26,12,2,0,0,0,0,0,0,0,,0,30,14,231,16.50,1,0,,1,,,29,43.1,46.1,36.1,,89,
238,Thurman Thomas\ThomTh00,MIA,RB,34,9,0,0,0,0,0,0,28,136,4.86,0,24,16,117,7.31,1,1,1,1,,,29,45.3,52.3,37.3,,68,
239,Tony Carter\CartTo00,NWE,RB,28,16,6,0,0,0,0,0,37,90,2.43,2,15,9,73,8.11,0,0,,2,,,28,37.3,37.3,32.8,,71,
240,Tyrone Davis\DaviTy00,GNB,TE,28,14,9,0,0,0,0,0,0,0,,0,40,19,177,9.32,2,2,2,2,1,,28,46.7,51.7,37.2,,33,
241,Kris Mangum\MangKr00,CAR,TE,27,15,7,0,0,0,0,0,0,0,,0,31,19,215,11.32,1,0,,1,,,28,46.5,49.5,37.0,,34,
242,Cecil Martin\MartCe00,PHI,RB,25,16,9,0,0,0,0,0,13,77,5.92,0,39,31,219,7.06,0,1,1,0,,,28,58.6,62.6,43.1,,72,
243,Eric Bjornson\BjorEr00,NWE,TE,29,8,6,0,0,0,0,0,0,0,,0,33,20,152,7.60,2,0,,2,,,27,47.2,50.2,37.2,,35,
244,Robert Chancey\ChanRo20,SDG,RB,28,4,3,0,1,0,0,0,42,141,3.36,2,2,1,6,6.00,0,0,,2,,,27,27.7,30.7,27.2,,76,
245,William Floyd\FloyWi00,CAR,RB,28,10,8,0,0,0,0,0,16,33,2.06,1,27,17,114,6.71,1,0,,2,,,27,43.7,46.7,35.2,,75,
246,Brian Kozlowski\KozlBr00,ATL,TE,30,16,3,0,0,0,0,0,0,0,,0,25,15,151,10.07,2,0,,2,,,27,42.1,45.1,34.6,,36,
247,Bernie Parmalee\ParmBe00,NYJ,RB,33,14,0,0,0,0,0,0,27,87,3.22,2,13,9,66,7.33,0,0,,2,,,27,36.3,36.3,31.8,,73,
248,Tai Streets\StreTa00,SFO,WR,23,15,1,0,0,0,0,0,1,0,0.00,0,41,19,287,15.11,0,1,1,0,,,27,45.7,49.7,36.2,,90,
249,Robert Thomas\ThomRo02,DAL,RB,26,16,15,0,0,0,0,0,15,51,3.40,0,31,23,117,5.09,2,2,1,2,,,27,49.8,53.8,38.3,,74,
250,Anthony Becht\BechAn00,NYJ,TE,23,14,10,0,0,0,0,0,0,0,,0,30,16,144,9.00,2,1,,2,,,26,42.4,45.4,34.4,,37,
251,John Davis\DaviJo00,MIN,TE,27,15,9,0,0,0,0,0,0,0,,0,29,17,202,11.88,1,0,,1,,,26,43.2,46.2,34.7,,38,
252,E.G. Green\GreeE.00,IND,WR,25,7,0,0,0,0,0,0,0,0,,0,26,18,201,11.17,1,0,,1,,,26,44.1,47.1,35.1,,91,
253,Plaxico Burress\BurrPl00,PIT,WR,23,12,9,0,0,0,0,0,0,0,,0,65,22,273,12.41,0,1,1,0,,,25,47.3,51.3,36.3,,92,
254,Danny Farmer\FarmDa00,CIN,WR,23,13,2,0,0,0,0,0,0,0,,0,33,19,268,14.11,0,1,1,0,,,25,43.8,47.8,34.3,,94,
255,Reggie Jones\JoneRe00,SDG,WR,29,11,2,0,0,0,0,0,0,0,,0,38,22,253,11.50,0,1,,0,,,25,47.3,50.3,36.3,,93,
256,Fred McCrary\McCrFr00,SDG,RB,28,15,12,0,0,0,0,0,7,8,1.14,0,26,18,141,7.83,2,1,1,2,,,25,42.9,46.9,33.9,,78,
257,Rodney Thomas\ThomRo00,TEN,RB,27,16,0,0,0,0,0,0,61,175,2.87,0,11,8,35,4.38,1,1,1,1,,,25,33.0,37.0,29.0,,77,
258,Jamel White\WhitJa00,CLE,RB,23,13,0,0,0,0,0,0,47,145,3.09,0,19,13,100,7.69,0,0,,0,,,25,37.5,43.5,31.0,,79,
259,Marc Edwards\EdwaMa00,CLE,RB,26,16,8,0,0,0,0,0,2,9,4.50,0,22,16,128,8.00,2,2,1,2,,,24,39.7,43.7,31.7,,80,
260,Trevor Gaylor\GaylTr00,SDG,WR,23,14,2,0,0,0,0,0,0,0,,0,31,13,182,14.00,1,0,,1,,,24,37.2,40.2,30.7,,96,
261,Erron Kinney\KinnEr00,TEN,TE,23,16,9,0,0,0,0,0,0,0,,0,35,19,197,10.37,1,1,1,1,,,24,42.7,46.7,33.2,,39,
262,Carl Pickens\PickCa00,TEN,WR,30,9,6,0,0,0,0,0,0,0,,0,29,10,242,24.20,0,0,,0,,,24,34.2,37.2,29.2,,95,
263,Jeremy Brigham\BrigJe00,OAK,TE,25,15,3,0,0,0,0,0,0,0,,0,19,13,107,8.23,2,0,,2,,,23,35.7,38.7,29.2,,40,
264,KaRon Coleman\ColeKa00,DEN,RB,22,9,0,0,0,0,0,0,54,183,3.39,1,3,1,5,5.00,0,2,1,1,,,23,23.8,27.8,23.3,,81,
265,Larry Foster\FostLa00,DET,WR,24,10,0,0,0,0,0,0,2,31,15.50,0,27,17,175,10.29,1,2,2,1,,,23,39.6,44.6,31.1,,97,
266,Howard Griffith\GrifHo00,DEN,RB,33,14,14,0,0,0,0,0,5,4,0.80,0,31,16,101,6.31,2,0,,2,,,23,38.5,41.5,30.5,,82,
267,Neil O'Donnell\ODonNe00,TEN,QB,34,7,1,36,64,530,2,3,9,-2,-0.22,0,0,0,0,,0,0,,0,,,23,23.0,29.0,26.0,,46,
268,Macey Brooks\BrooMa00,CHI,WR,25,16,3,0,0,0,0,0,0,0,,0,50,26,216,8.31,0,0,,0,,,22,47.6,50.6,34.6,,98,
269,Jerald Moore\MoorJe00,NOR,RB,26,11,1,0,0,0,0,0,37,156,4.22,1,0,0,0,,0,0,,1,,,22,21.6,24.6,21.6,,83,
270,Dan Campbell\CampDa00,NYG,TE,24,16,5,0,0,0,0,0,0,0,,0,13,8,46,5.75,3,1,1,3,,,21,28.6,29.6,24.6,,42,
271,Autry Denson\DensAu00,MIA,RB,24,11,0,0,0,0,0,0,31,108,3.48,0,23,14,105,7.50,0,1,,0,,,21,35.3,41.3,28.3,,84,
272,Curtis Enis\EnisCu00,CHI,RB,24,12,5,0,0,0,0,0,36,84,2.33,1,11,8,68,8.50,0,0,,1,,,21,29.2,29.2,25.2,,85,
273,Jake Reed\ReedJa00,NOR,WR,33,7,6,0,0,0,0,0,0,0,,0,31,16,206,12.88,0,0,,0,,,21,36.6,39.6,28.6,,99,
274,Kaseem Sinceno\SincKa00,CHI,TE,24,11,11,0,0,0,0,0,0,0,,0,41,23,206,8.96,0,0,,0,,,21,43.6,46.6,32.1,,41,
275,Mack Strong\StroMa00,SEA,RB,29,16,13,0,0,0,0,0,3,9,3.00,0,30,23,141,6.13,1,0,,1,,,21,44.0,47.0,32.5,,86,
276,Troy Edwards\EdwaTr00,PIT,WR,23,14,1,0,0,0,0,0,3,4,1.33,0,44,18,215,11.94,0,1,1,0,,,20,37.9,41.9,28.9,,101,
277,Terry Hardy\HardTe00,ARI,TE,24,16,15,0,0,0,0,0,0,0,,0,45,27,160,5.93,1,2,1,1,,,20,47.0,51.0,33.5,,44,
278,Mike Sellers\SellMi00,WAS,TE,25,15,6,0,0,0,0,0,1,2,2.00,0,11,8,78,9.75,2,0,,2,,,20,28.0,28.0,24.0,,43,
279,Terrelle Smith\SmitTe00,NOR,RB,22,14,9,0,0,0,0,0,29,131,4.52,0,18,12,65,5.42,0,1,,0,,,20,31.6,34.6,25.6,,87,
280,R. Jay Soward\SowaR.00,JAX,WR,22,13,2,0,0,0,0,0,3,28,9.33,0,34,14,154,11.00,1,3,2,1,,,20,34.2,39.2,27.2,,100,
281,Troy Drayton\DrayTr00,KAN,TE,30,16,1,0,0,0,0,0,0,0,,0,9,8,70,8.75,2,0,,2,,,19,27.0,27.0,23.0,,45,
282,Ron Dugans\DugaRo00,CIN,WR,23,14,5,0,0,0,0,0,0,0,,0,38,14,125,8.93,1,0,,1,,,19,32.5,35.5,25.5,,104,
283,Terry Jackson\JackTe00,SFO,RB,24,15,1,0,0,0,0,0,5,6,1.20,1,5,5,48,9.60,1,0,,2,1,,19,24.4,24.4,21.9,,88,
284,Danny Kanell\KaneDa00,ATL,QB,27,5,1,57,116,524,2,5,1,0,0.00,0,0,0,0,,0,2,,0,,,19,19.0,27.0,24.0,,47,
285,Stacey Mack\MackSt00,JAX,RB,25,6,2,0,0,0,0,0,54,145,2.69,1,0,0,0,,0,3,1,1,,,19,18.5,22.5,18.5,,89,
286,Jason Tucker\TuckJa00,DAL,WR,24,16,7,0,0,0,0,0,4,42,10.50,1,28,13,126,9.69,0,3,2,1,,,19,31.8,36.8,25.3,,103,
287,Chris Walsh\WalsCh00,MIN,WR,32,16,0,0,0,0,0,0,0,0,,0,22,18,191,10.61,0,0,,0,,,19,37.1,40.1,28.1,,102,
288,Skip Hicks\HickSk00,WAS,RB,26,10,1,0,0,0,0,0,29,78,2.69,1,5,5,43,8.60,0,1,,1,,,18,23.1,23.1,20.6,,90,
289,Jamie Martin\MartJa00,JAX,QB,30,5,0,22,33,307,2,1,7,-6,-0.86,0,0,0,0,,0,0,,0,,,18,17.7,21.7,18.7,,49,
290,Jim Miller\MillJi00,CHI,QB,29,3,2,47,82,382,1,1,7,5,0.71,0,0,0,0,,0,1,,0,,,18,17.8,21.8,18.8,,48,
291,Todd Pinkston\PinkTo00,PHI,WR,23,16,1,0,0,0,0,0,0,0,,0,34,10,181,18.10,0,0,,0,,,18,28.1,31.1,23.1,,105,
292,Michael Wiley\WileMi00,DAL,RB,22,10,0,0,0,0,0,0,24,88,3.67,0,18,14,72,5.14,1,3,2,1,,,18,32.0,34.0,25.0,,91,
293,John Allred\AllrJo00,CHI,TE,26,5,3,0,0,0,0,0,0,0,,0,15,9,109,12.11,1,0,,1,,,17,25.9,28.9,21.4,,47,
294,Dave Brown\BrowDa00,ARI,QB,30,6,2,40,69,467,2,3,1,0,0.00,0,0,0,0,,0,2,2,0,,,17,16.7,24.7,19.7,,50,
295,Bert Emanuel\EmanBe00,MIA,WR,30,11,0,0,0,0,0,0,3,-2,-0.67,0,21,7,132,18.86,1,1,1,1,,,17,24.0,28.0,20.5,,106,
296,David LaFleur\LaFlDa00,DAL,TE,26,15,10,0,0,0,0,0,0,0,,0,21,12,109,9.08,1,0,,1,,,17,28.9,31.9,22.9,,46,
297,Jon Ritchie\RitcJo00,OAK,RB,26,13,12,0,0,0,0,0,0,0,,0,33,26,173,6.65,0,0,,0,,,17,43.3,46.3,30.3,,92,
298,Mike Cloud\ClouMi00,KAN,RB,25,16,4,0,0,0,0,0,30,84,2.80,1,2,2,16,8.00,0,0,,1,,,16,18.0,18.0,17.0,,94,
299,JaJuan Dawson\DawsJa00,CLE,WR,23,2,2,0,0,0,0,0,0,0,,0,14,9,97,10.78,1,0,,1,,,16,24.7,24.7,20.2,,109,
300,Kevin Dyson\DysoKe00,TEN,WR,25,2,2,0,0,0,0,0,0,0,,0,11,6,104,17.33,1,0,,1,,,16,22.4,25.4,19.4,,107,
301,Jonathan Linton\LintJo00,BUF,RB,26,14,2,0,0,0,0,0,38,112,2.95,0,4,3,8,2.67,1,3,1,1,,,16,19.0,23.0,17.5,,93,
302,Andre Reed\ReedAn00,WAS,WR,36,13,0,0,0,0,0,0,0,0,,0,18,10,103,10.30,1,0,,1,,,16,26.3,29.3,21.3,,108,
303,Rod Rutledge\RutlRo00,NWE,TE,25,16,11,0,0,0,0,0,0,0,,0,20,15,103,6.87,1,0,,1,,,16,31.3,34.3,23.8,,48,
304,Jed Weaver\WeavJe00,MIA,TE,24,16,0,0,0,0,0,0,0,0,,0,15,10,179,17.90,0,1,1,0,,,16,25.9,29.9,20.9,,49,
305,Lorenzo Neal\NealLo00,TEN,RB,30,16,6,0,0,0,0,0,1,-2,-2.00,0,13,9,31,3.44,2,0,,2,,,15,23.9,23.9,19.4,,95,
306,Robert Wilson\WilsRo01,NOR,WR,26,15,0,0,0,0,0,0,0,0,,0,19,11,154,14.00,0,0,,0,,,15,26.4,29.4,20.9,,110,
307,Fred Baxter\BaxtFr00,NYJ,TE,29,9,6,0,0,0,0,0,0,0,,0,9,4,22,5.50,2,0,,2,,,14,18.2,18.2,16.2,,50,
308,Na Brown\BrowNa00,PHI,WR,23,14,2,0,0,0,0,0,0,0,,0,19,9,80,8.89,1,0,,1,,,14,23.0,23.0,18.5,,111,
309,Mark Campbell\CampMa00,CLE,TE,25,16,10,0,0,0,0,0,0,0,,0,16,12,80,6.67,1,0,,1,,,14,26.0,26.0,20.0,,52,
310,Jim Kleinsasser\KleiJi00,MIN,TE,23,14,8,0,0,0,0,0,12,43,3.58,0,14,10,98,9.80,0,0,,0,,,14,24.1,24.1,19.1,,51,
311,O.J. McDuffie\McDuO.00,MIA,WR,31,9,1,0,0,0,0,0,1,-3,-3.00,0,25,14,143,10.21,0,0,,0,,,14,28.0,31.0,21.0,,112,
312,Adrian Murrell\MurrAd00,WAS,RB,30,15,0,0,0,0,0,0,20,50,2.50,0,22,16,93,5.81,0,1,,0,,,14,30.3,30.3,22.3,,96,
313,De'Mond Parker\ParkDe00,GNB,RB,24,8,0,0,0,0,0,0,18,85,4.72,0,12,9,50,5.56,0,0,,0,,,14,22.5,22.5,18.0,,97,
314,Walter Rasby\RasbWa00,DET,TE,28,16,8,0,0,0,0,0,0,0,,0,15,10,78,7.80,1,0,,1,,,14,23.8,23.8,18.8,,53,
315,Windrell Hayes\HayeWi00,NYJ,WR,24,8,1,0,0,0,0,0,1,2,2.00,0,19,6,126,21.00,0,0,,0,,,13,18.8,21.8,15.8,,114,
316,Doug Johnson\JohnDo00,ATL,QB,23,4,2,36,67,406,2,3,3,11,3.67,0,0,0,0,,0,4,3,0,,,13,13.3,22.3,16.3,,51,
317,Charles Lee\LeexCh00,GNB,WR,23,15,1,0,0,0,0,0,0,0,,0,21,10,134,13.40,0,0,,0,,,13,23.4,26.4,18.4,,113,
318,Paul Smith\SmitPa00,SFO,RB,22,10,0,0,0,0,0,0,18,72,4.00,0,3,2,55,27.50,0,2,,0,,,13,14.7,14.7,13.7,,98,
319,Dez White\WhitDe00,CHI,WR,21,15,0,0,0,0,0,0,0,0,,0,22,10,87,8.70,1,1,1,1,,,13,22.7,23.7,17.7,,115,
320,Karsten Bailey\BailKa00,SEA,WR,23,9,0,0,0,0,0,0,0,0,,0,14,6,62,10.33,1,0,,1,,,12,18.2,18.2,15.2,,117,
321,Joey Galloway\GallJo00,DAL,WR,29,1,1,0,0,0,0,0,0,0,,0,12,4,62,15.50,1,0,,1,,,12,16.2,16.2,14.2,,116,
322,Chris Howard\HowaCh00,JAX,RB,25,2,1,0,0,0,0,0,21,52,2.48,1,5,3,26,8.67,0,2,1,1,,,12,14.8,15.8,13.3,,102,
323,Sedrick Irvin\IrviSe00,DET,RB,22,6,0,0,0,0,0,0,9,49,5.44,0,12,8,90,11.25,0,1,1,0,,,12,19.9,20.9,15.9,,100,
324,Rob Konrad\KonrRo00,MIA,RB,24,15,14,0,0,0,0,0,15,39,2.60,0,24,14,83,5.93,0,0,,0,,,12,26.2,26.2,19.2,,99,
325,Moe Williams\WillMo00,MIN,RB,26,16,0,0,0,0,0,0,23,67,2.91,0,7,4,31,7.75,0,0,,0,1,,12,15.8,15.8,13.8,,103,
326,Nick Luchey\WillNi00,CIN,RB,23,14,4,0,0,0,0,0,10,54,5.40,0,19,7,84,12.00,0,2,1,0,,,12,18.8,19.8,15.3,,101,
327,Marco Battaglia\BattMa00,CIN,TE,27,16,10,0,0,0,0,0,0,0,,0,36,13,105,8.08,0,0,,0,,,11,23.5,26.5,17.0,,55,
328,Darrin Chiaverini\ChiaDa00,CLE,WR,23,10,2,0,0,0,0,0,0,0,,0,22,8,68,8.50,1,1,1,1,,,11,18.8,19.8,14.8,,120,
329,Casey Crawford\CrawCa00,CAR,TE,23,8,0,0,0,0,0,0,0,0,,0,9,4,47,11.75,1,0,,1,,,11,14.7,14.7,12.7,,54,
330,Bobby Engram\EngrBo00,CHI,WR,27,3,3,0,0,0,0,0,1,1,1.00,0,23,16,109,6.81,0,1,,0,,,11,27.0,30.0,19.0,,119,
331,Damon Huard\HuarDa00,MIA,QB,27,16,1,39,63,318,1,3,0,0,,0,0,0,0,,0,0,,0,,,11,10.7,16.7,13.7,,53,
332,Travis McGriff\McGrTr00,DEN,WR,24,15,0,0,0,0,0,0,0,0,,0,8,2,51,25.50,1,0,,1,,,11,13.1,13.1,12.1,,118,
333,Rick Mirer\MireRi00,SFO,QB,30,1,0,10,20,126,1,0,3,0,0.00,0,0,0,0,,0,0,,0,,1,11,11.0,11.0,11.0,,52,
334,Warren Moon\MoonWa00,KAN,QB,44,2,1,15,34,208,1,1,2,2,1.00,0,0,0,0,,0,1,,0,,,11,10.5,11.5,11.5,,54,
335,Donnell Bennett\BennDo00,KAN,RB,28,7,2,0,0,0,0,0,27,24,0.89,1,2,2,17,8.50,0,0,,1,,,10,12.1,12.1,11.1,,104,
336,Luther Broughton\BrouLu00,PHI,TE,26,15,1,0,0,0,0,0,0,0,,0,18,12,104,8.67,0,1,,0,,,10,22.4,25.4,16.4,,57,
337,Chris Calloway\CallCh00,NWE,WR,32,7,2,0,0,0,0,0,0,0,,0,10,5,95,19.00,0,0,,0,,,10,14.5,14.5,12.0,,122,
338,Ben Coates\CoatBe00,BAL,TE,31,16,9,0,0,0,0,0,0,0,,0,18,9,84,9.33,0,0,,0,1,,10,19.4,19.4,14.9,,56,
339,Hunter Goodwin\GoodHu00,MIA,TE,28,16,16,0,0,0,0,0,0,0,,0,13,6,36,6.00,1,0,,1,,,10,15.6,15.6,12.6,,59,
340,Sheldon Jackson\JackSh00,BUF,TE,24,16,8,0,0,0,0,0,0,0,,0,8,5,36,7.20,1,0,,1,,,10,14.6,14.6,12.1,,58,
341,Michael Westbrook\WestMi00,WAS,WR,28,2,2,0,0,0,0,0,0,0,,0,13,9,103,11.44,0,0,,0,,,10,19.3,22.3,14.8,,121,
342,Olandis Gary\GaryOl00,DEN,RB,25,1,0,0,0,0,0,0,13,80,6.15,0,5,3,10,3.33,0,0,,0,,,9,12.0,12.0,10.5,,107,
343,Sam Gash\GashSa00,BAL,RB,31,15,4,0,0,0,0,0,2,2,1.00,0,11,6,30,5.00,1,0,,1,,,9,15.2,15.2,12.2,,106,
344,Lamont Hall\HallLa00,NOR,TE,26,16,5,0,0,0,0,0,0,0,,0,7,5,33,6.60,1,0,,1,,,9,14.3,14.3,11.8,,60,
345,Steve Heiden\HeidSt00,SDG,TE,24,15,3,0,0,0,0,0,0,0,,0,12,6,32,5.33,1,0,,1,,,9,15.2,15.2,12.2,,61,
346,Brian Milne\MilnBr00,NOR,RB,27,16,2,0,0,0,0,0,2,1,0.50,0,5,5,33,6.60,1,0,,1,,,9,14.4,14.4,11.9,,105,
347,James Williams\WillJa01,SEA,WR,22,10,0,0,0,0,0,0,1,-5,-5.00,0,16,8,99,12.38,0,0,,0,,,9,17.4,17.4,13.4,,123,
348,Rabih Abdullah\AbduRa00,TAM,RB,25,12,0,0,0,0,0,0,16,70,4.38,0,2,2,14,7.00,0,0,,0,,,8,10.4,10.4,9.4,,108,
349,Will Blackwell\BlacWi00,PIT,WR,25,5,0,0,0,0,0,0,0,0,,0,3,2,23,11.50,0,0,,1,,,8,10.3,10.3,9.3,,125,
350,Chris Gedney\GednCh00,ARI,TE,30,13,3,0,0,0,0,0,0,0,,0,16,10,75,7.50,0,0,,0,,,8,17.5,17.5,12.5,,62,
351,Matt Hasselbeck\HassMa00,GNB,QB,25,16,0,10,19,104,1,0,4,-5,-1.25,0,0,0,0,,0,0,,0,,,8,7.7,7.7,7.7,,55,
352,Tywan Mitchell\MitcTy00,ARI,WR,25,10,1,0,0,0,0,0,0,0,,0,11,5,80,16.00,0,0,,0,,,8,13.0,13.0,10.5,,126,
353,Jeff Ogden\OgdeJe00,MIA,WR,25,16,0,0,0,0,0,0,0,0,,0,3,2,24,12.00,0,1,,1,,,8,10.4,10.4,9.4,,124,
354,Patrick Pass\PassPa00,NWE,RB,23,5,2,0,0,0,0,0,18,58,3.22,0,8,4,17,4.25,0,0,,0,,,8,11.5,11.5,9.5,,111,
355,Cory Schlesinger\SchlCo00,DET,RB,28,16,8,0,0,0,0,0,1,3,3.00,0,18,12,73,6.08,0,0,,0,,,8,19.6,19.6,13.6,,110,
356,Jerald Sowell\SoweJe00,NYJ,RB,26,16,0,0,0,0,0,0,2,0,0.00,0,7,6,84,14.00,0,0,,0,,,8,14.4,14.4,11.4,,109,
357,Marlon Barnes\BarnMa00,CHI,RB,24,13,0,0,0,0,0,0,15,81,5.40,0,3,1,7,7.00,0,1,1,0,,,7,7.8,8.8,7.3,,114,
358,Kwame Cavil\CaviKw00,BUF,WR,21,16,0,0,0,0,0,0,0,0,,0,8,4,66,16.50,0,0,,0,,,7,10.6,10.6,8.6,,127,
359,Bobby Collins\CollBo00,BUF,TE,24,12,2,0,0,0,0,0,0,0,,0,10,6,72,12.00,0,0,,0,,,7,13.2,13.2,10.2,,63,
360,Cory Geason\GeasCo00,PIT,TE,25,9,3,0,0,0,0,0,0,0,,0,4,3,66,22.00,0,0,,0,,,7,9.6,9.6,8.1,,64,
361,Terry Kirby\KirbTe00,OAK,RB,30,2,0,0,0,0,0,0,11,51,4.64,0,4,3,19,6.33,0,0,,0,,,7,10.0,10.0,8.5,,113,
362,Dan Kreider\KreiDa00,PIT,RB,23,10,7,0,0,0,0,0,2,24,12.00,0,8,5,42,8.40,0,0,,0,,,7,11.6,11.6,9.1,,115,
363,Chad Pennington\PennCh01,NYJ,QB,24,1,0,2,5,67,1,0,1,0,0.00,0,0,0,0,,0,0,,0,,,7,6.7,6.7,6.7,,56,
364,Maurice Smith\SmitMa00,ATL,RB,24,10,0,0,0,0,0,0,19,69,3.63,0,1,1,5,5.00,0,0,,0,,,7,8.4,8.4,7.9,,112,
365,Vincent Brisby\BrisVi00,NYJ,WR,29,3,1,0,0,0,0,0,0,0,,0,10,4,60,15.00,0,0,,0,,,6,10.0,10.0,8.0,,129,
366,Ernie Conwell\ConwEr00,STL,TE,28,16,1,0,0,0,0,0,2,23,11.50,0,9,5,40,8.00,0,0,,0,,,6,11.3,11.3,8.8,,66,
367,Billy Davis\DaviBi00,BAL,WR,28,16,1,0,0,0,0,0,0,0,,0,4,3,62,20.67,0,0,,0,,,6,9.2,9.2,7.7,,128,
368,Brian Finneran\FinnBr00,ATL,WR,24,12,0,0,0,0,0,0,0,0,,0,14,7,60,8.57,0,0,,0,,,6,13.0,13.0,9.5,,130,
369,Raymont Harris\HarrRa00,2TM,RB,30,4,0,0,0,0,0,0,13,36,2.77,0,4,4,20,5.00,0,0,,0,,,6,9.6,9.6,7.6,,118,
370,Damon Hodge\HodgDa00,DAL,WR,23,8,0,0,0,0,0,0,0,0,,0,10,4,60,15.00,0,0,,0,,,6,10.0,10.0,8.0,,131,
371,Andrew Jordan\JordAn00,MIN,TE,28,16,4,0,0,0,0,0,0,0,,0,15,8,63,7.88,0,0,,0,,,6,14.3,14.3,10.3,,65,
372,Jeff Lewis\LewiJe01,CAR,QB,27,5,0,16,32,120,0,1,8,36,4.50,0,0,0,0,,0,1,,0,,,6,6.4,7.4,7.4,,57,
373,Joe Montgomery\MontJo00,NYG,RB,24,3,0,0,0,0,0,0,1,4,4.00,1,0,0,0,,0,0,,1,,,6,6.4,6.4,6.4,,116,
374,Detron Smith\SmitDe00,DEN,RB,26,16,0,0,0,0,0,0,0,0,,0,3,1,1,1.00,1,0,,1,,,6,7.1,7.1,6.6,,117,
375,Michael Bishop\BishMi00,NWE,QB,24,8,0,3,9,80,1,1,7,-1,-0.14,0,0,0,0,,0,0,,0,,,5,5.1,6.1,6.1,,58,
376,Robert Brooks\BrooRo00,DEN,WR,30,4,0,0,0,0,0,0,0,0,,0,4,3,51,17.00,0,0,,0,,,5,8.1,8.1,6.6,,133,
377,Jim Finn\FinnJi00,IND,RB,24,16,1,0,0,0,0,0,1,1,1.00,0,6,4,13,3.25,1,1,1,1,,,5,9.4,10.4,7.4,,119,
378,Chris Greisen\GreiCh00,ARI,QB,24,3,0,6,10,65,1,0,1,1,1.00,0,0,0,0,,0,1,1,0,,,5,4.7,5.7,4.7,,59,
379,Clif Groce\GrocCl00,CIN,RB,28,8,6,0,0,0,0,0,3,4,1.33,0,13,11,45,4.09,0,0,,0,,,5,15.9,15.9,10.4,,122,
380,Brock Olivo\OlivBr00,DET,RB,24,13,0,0,0,0,0,0,0,0,,0,4,3,50,16.67,0,0,,0,,,5,8.0,8.0,6.5,,121,
381,Jeff Robinson\RobiJe00,STL,TE,30,16,2,0,0,0,0,0,0,0,,0,6,5,52,10.40,0,0,,0,,,5,10.2,10.2,7.7,,67,
382,Daimon Shelton\ShelDa00,JAX,RB,28,16,9,0,0,0,0,0,2,3,1.50,0,10,4,48,12.00,0,0,,0,,,5,9.1,9.1,7.1,,120,
383,Brian Stablein\StabBr00,DET,WR,30,14,4,0,0,0,0,0,0,0,,0,12,8,53,6.63,0,1,,0,,,5,13.3,13.3,9.3,,132,
384,D'Wayne Bates\BateDW00,CHI,WR,25,5,0,0,0,0,0,0,1,-2,-2.00,0,7,4,42,10.50,0,0,,0,,,4,8.0,8.0,6.0,,136,
385,Steve Bush\BushSt00,CIN,TE,26,16,0,0,0,0,0,0,0,0,,0,5,3,39,13.00,0,0,,0,,,4,6.9,6.9,5.4,,69,
386,Kenny Bynum\BynuKe00,SDG,RB,26,14,0,0,0,0,0,0,7,26,3.71,0,2,2,13,6.50,0,0,,0,,,4,5.9,5.9,4.9,,123,
387,Thabiti Davis\DaviTh00,NYG,WR,25,13,0,0,0,0,0,0,0,0,,0,5,2,40,20.00,0,0,,0,,,4,6.0,6.0,5.0,,135,
388,Karl Hankton\HankKa00,CAR,WR,30,16,0,0,0,0,0,0,0,0,,0,8,4,38,9.50,0,0,,0,,,4,7.8,7.8,5.8,,137,
389,Patrick Hape\HapePa00,TAM,TE,26,16,2,0,0,0,0,0,0,0,,0,13,6,39,6.50,0,0,,0,,,4,9.9,9.9,6.9,,70,
390,Curtis Jackson\JackCu00,NWE,WR,27,5,2,0,0,0,0,0,0,0,,0,12,5,44,8.80,0,1,,0,,,4,9.4,9.4,6.9,,134,
391,Alonzo Mayes\MayeAl00,CHI,TE,25,5,3,0,0,0,0,0,0,0,,0,9,4,40,10.00,0,0,,0,,,4,8.0,8.0,6.0,,68,
392,Fred McAfee\McAfFr00,NOR,RB,32,12,0,0,0,0,0,0,2,37,18.50,0,0,0,0,,0,0,,0,,,4,3.7,3.7,3.7,,125,
393,Mikhael Ricks\RickMi00,2TM,WR,26,4,1,0,0,0,0,0,0,0,,0,9,3,35,11.67,0,0,,0,,,4,6.5,6.5,5.0,,138,
394,Jon Witman\WitmJo00,PIT,RB,28,6,5,0,0,0,0,0,3,5,1.67,0,7,5,33,6.60,0,0,,0,,,4,8.8,8.8,6.3,,124,
395,Bubby Brister\BrisBu00,MIN,QB,38,2,0,10,20,82,0,1,5,20,4.00,0,0,0,0,,0,1,,0,,,3,3.3,4.3,4.3,,60,
396,Howard Cross\CrosHo00,NYG,TE,33,16,11,0,0,0,0,0,0,0,,0,7,4,30,7.50,0,0,,0,,,3,7.0,7.0,5.0,,72,
397,Scott Dragos\DragSc00,CHI,RB,25,9,2,0,0,0,0,0,0,0,,0,6,4,28,7.00,0,0,,0,,,3,6.8,6.8,4.8,,126,
398,Jason Dunn\DunnJa00,KAN,TE,27,14,2,0,0,0,0,0,0,0,,0,2,2,26,13.00,0,0,,0,,,3,4.6,4.6,3.6,,73,
399,Troy Hambrick\HambTr00,DAL,RB,24,3,0,0,0,0,0,0,6,28,4.67,0,0,0,0,,0,0,,0,,,3,2.8,2.8,2.8,,127,
400,Nate Jacquet\JacqNa00,2TM,WR,25,12,0,0,0,0,0,0,0,0,,0,3,1,25,25.00,0,3,,0,,,3,3.5,3.5,3.0,,140,
401,Larry Parker\ParkLa00,KAN,WR,24,16,0,0,0,0,0,0,1,-7,-7.00,0,4,3,41,13.67,0,1,,0,,,3,6.4,6.4,4.9,,139,
402,Alfred Pupunu\PupuAl00,DET,TE,31,9,0,0,0,0,0,0,0,0,,0,3,3,32,10.67,0,0,,0,,,3,6.2,6.2,4.7,,71,
403,Ron Rivers\RiveRo00,ATL,RB,29,6,0,0,0,0,0,0,8,27,3.38,0,1,0,0,,0,0,,0,,,3,2.7,2.7,2.7,,128,
404,Aaron Stecker\StecAa00,TAM,RB,25,10,0,0,0,0,0,0,12,31,2.58,0,1,1,15,15.00,0,1,1,0,,,3,3.6,4.6,3.1,,129,
405,Alex Van Pelt\VanPAl00,BUF,QB,30,1,0,4,8,67,0,0,0,0,,0,0,0,0,,0,0,,0,,,3,2.7,2.7,2.7,,61,
406,Reggie Brown\BrowRe00,SEA,RB,27,12,1,0,0,0,0,0,3,6,2.00,0,4,2,9,4.50,0,0,,0,,,2,3.5,3.5,2.5,,134,
407,Matt Cushing\CushMa00,PIT,TE,25,7,1,0,0,0,0,0,0,0,,0,5,4,17,4.25,0,0,,0,,,2,5.7,5.7,3.7,,75,
408,Chris Floyd\FloyCh00,2TM,RB,25,13,0,0,0,0,0,0,2,-1,-0.50,0,2,1,21,21.00,0,0,,0,,,2,3.0,3.0,2.5,,133,
409,Curtis Keaton\KeatCu00,CIN,RB,24,6,0,0,0,0,0,0,6,24,4.00,0,0,0,0,,0,0,,0,,,2,2.4,2.4,2.4,,130,
410,Amp Lee\LeexAm00,PHI,RB,29,3,0,0,0,0,0,0,1,2,2.00,0,3,1,20,20.00,0,0,,0,,,2,3.2,3.2,2.7,,132,
411,Ray Lucas\LucaRa00,NYJ,QB,28,7,0,21,41,206,0,4,6,42,7.00,0,0,0,0,,0,2,1,0,,,2,2.4,7.4,6.4,,62,
412,Moses Moreno\MoreMo00,SDG,QB,25,6,2,27,53,241,0,2,5,20,4.00,0,0,0,0,,0,3,3,0,,,2,1.6,6.6,3.6,,64,
413,Harold Shaw\ShawHa00,NWE,RB,26,16,0,0,0,0,0,0,9,12,1.33,0,4,2,11,5.50,0,0,,0,,,2,4.3,4.3,3.3,,131,
414,Ryan Wetnight\WetnRy00,GNB,TE,30,10,0,0,0,0,0,0,0,0,,0,9,3,20,6.67,0,0,,0,,,2,5.0,5.0,3.5,,74,
415,Spergon Wynn\WynnSp00,CLE,QB,22,7,1,22,54,167,0,1,3,15,5.00,0,0,0,0,,0,2,2,0,,,2,2.2,5.2,3.2,,63,
416,Chris Brazzell\BrazCh00,DAL,WR,24,9,0,0,0,0,0,0,0,0,,0,4,2,12,6.00,0,0,,0,,,1,3.2,3.2,2.2,,143,
417,Bobby Brown\BrowBo00,CLE,WR,23,6,0,0,0,0,0,0,0,0,,0,7,2,14,7.00,0,0,,0,,,1,3.4,3.4,2.4,,141,
418,Trung Canidate\CaniTr00,STL,RB,23,3,0,0,0,0,0,0,3,6,2.00,0,3,1,4,4.00,0,0,,0,,,1,2.0,2.0,1.5,,139,
419,Dameyune Craig\CraiDa00,CAR,QB,26,4,0,0,0,0,0,0,2,4,2.00,0,3,2,4,2.00,0,0,,0,,,1,2.8,2.8,1.8,,66,
420,Reggie Davis\DaviRe00,SDG,TE,24,10,0,0,0,0,0,0,0,0,,0,1,1,8,8.00,0,0,,0,,,1,1.8,1.8,1.3,,79,
421,Shockmain Davis\DaviSh00,NWE,WR,23,12,1,0,0,0,0,0,0,0,,0,11,2,12,6.00,0,0,,0,,,1,3.2,3.2,2.2,,142,
422,Dameane Douglas\DougDa00,PHI,WR,24,6,0,0,0,0,0,0,0,0,,0,4,1,9,9.00,0,0,,0,,,1,1.9,1.9,1.4,,146,
423,Deon Dyer\DyerDe00,MIA,RB,23,16,1,0,0,0,0,0,0,0,,0,2,2,14,7.00,0,0,,0,,,1,3.4,3.4,2.4,,136,
424,Zeron Flemister\FlemZe00,WAS,TE,24,5,0,0,0,0,0,0,0,0,,0,2,1,8,8.00,0,0,,0,,,1,1.8,1.8,1.3,,78,
425,John Friesz\FrieJo00,NWE,QB,33,1,0,11,21,66,0,1,0,0,,0,0,0,0,,0,0,,0,,,1,0.6,1.6,1.6,,68,
426,Jammi German\GermJa00,ATL,WR,26,9,0,0,0,0,0,0,0,0,,0,4,1,10,10.00,0,0,,0,,,1,2.0,2.0,1.5,,144,
427,Lennox Gordon\GordLe00,IND,RB,22,9,0,0,0,0,0,0,4,13,3.25,0,0,0,0,,0,0,,0,,,1,1.3,1.3,1.3,,138,
428,James Hodgins\HodgJa00,STL,RB,23,15,2,0,0,0,0,0,1,3,3.00,0,2,2,5,2.50,0,0,,0,,,1,2.8,2.8,1.8,,141,
429,Lenzie Jackson\JackLe00,CLE,WR,23,5,0,0,0,0,0,0,0,0,,0,3,1,5,5.00,0,0,,0,,,1,1.5,1.5,1.0,,149,
430,Damon Jones\JoneDa00,JAX,TE,26,1,0,0,0,0,0,0,0,0,,0,1,1,12,12.00,0,0,,0,,,1,2.2,2.2,1.7,,77,
431,Brian Kinchen\KincBr00,CAR,TE,35,16,0,0,0,0,0,0,0,0,,0,1,1,7,7.00,0,0,,0,,,1,1.7,1.7,1.2,,81,
432,Joel Makovicka\MakoJo00,ARI,RB,25,14,10,0,0,0,0,0,3,8,2.67,0,9,6,18,3.00,0,0,1,0,,,1,6.6,7.6,3.6,,142,
433,Dennis McKinley\McKiDe00,ARI,RB,24,16,0,0,0,0,0,0,0,0,,0,4,2,13,6.50,0,0,,0,,,1,3.3,3.3,2.3,,137,
434,Billy Miller\MillBi00,DEN,TE,23,12,0,0,0,0,0,0,0,0,,0,4,1,7,7.00,0,0,,0,,,1,1.7,1.7,1.2,,82,
435,Scottie Montgomery\MontSc00,DEN,WR,22,4,0,0,0,0,0,0,0,0,,0,1,1,10,10.00,0,0,,0,,,1,2.0,2.0,1.5,,145,
436,Jerry Porter\PortJe00,OAK,WR,22,12,0,0,0,0,0,0,0,0,,0,2,1,6,6.00,0,0,,0,,,1,1.6,1.6,1.1,,148,
437,Chris Redman\RedmCh00,BAL,QB,23,2,0,2,3,19,0,0,1,0,0.00,0,0,0,0,,0,0,,0,,,1,0.8,0.8,0.8,,67,
438,Michael Roan\RoanMi00,TEN,TE,28,1,1,0,0,0,0,0,0,0,,0,3,3,12,4.00,0,0,,0,,,1,4.2,4.2,2.7,,76,
439,Justin Swift\SwifJu00,SFO,TE,25,16,1,0,0,0,0,0,0,0,,0,3,1,8,8.00,0,0,,0,,,1,1.8,1.8,1.3,,80,
440,Alex Van Dyke\VanDAl00,PHI,WR,26,4,0,0,0,0,0,0,0,0,,0,4,1,8,8.00,0,0,,0,,,1,1.8,1.8,1.3,,147,
441,Clarence Williams\WillCl00,ARI,RB,23,2,0,0,0,0,0,0,0,0,,0,2,1,5,5.00,0,0,,0,,,1,1.5,1.5,1.0,,143,
442,Jermaine Williams\WillJe00,JAX,RB,27,7,0,0,0,0,0,0,2,8,4.00,0,0,0,0,,0,0,,0,,,1,0.8,0.8,0.8,,140,
443,Anthony Wright\WrigAn00,DAL,QB,24,4,2,22,53,237,0,3,12,36,3.00,0,0,0,0,,0,3,3,0,,,1,1.1,7.1,4.1,,65,
444,Eric Zeier\ZeieEr00,TAM,QB,28,3,0,3,3,19,0,0,2,-2,-1.00,0,0,0,0,,0,0,,0,,,1,0.6,0.6,0.6,,69,
445,Amos Zereoue\ZereAm00,PIT,RB,24,12,0,0,0,0,0,0,6,14,2.33,0,0,0,0,,0,0,,0,,,1,1.4,1.4,1.4,,135,
446,Karim Abdul-Jabbar\AbduKa00,IND,RB,26,1,0,0,0,0,0,0,1,-2,-2.00,0,0,0,0,,0,0,,0,,,,-0.2,-0.2,-0.2,,155,
447,Eugene Baker\BakeEu00,ATL,,24,1,0,0,0,0,0,0,0,0,,0,,0,0,,0,0,,0,,,,,,,,153,
448,Bradford Banta\BantBr00,NYJ,,30,16,0,0,0,0,0,0,0,0,,0,0,0,0,,0,0,,0,,,,,,,,109,
449,Mike Bartrum\BartMi00,PHI,,30,16,0,0,0,0,0,0,0,0,,0,0,0,0,,0,0,,0,,,,,,,,88,
450,Avion Black\BlacAv00,BUF,,23,2,0,0,0,0,0,0,0,0,,0,0,0,0,,0,0,,0,,,,,,,,154,
451,Darrius Blevins\BlevDa20,STL,,24,5,0,0,0,0,0,0,0,0,,0,0,0,0,,0,0,,0,,,,,,,,156,
452,Fabien Bownes\BownFa00,SEA,,28,16,0,0,0,0,0,0,0,0,,0,0,0,0,,0,0,,0,,,,,,,,169,
453,LaVell Boyd\BoydLa20,CIN,,24,2,0,0,0,0,0,0,0,0,,0,0,0,0,,0,0,,0,,,,,,,,172,
454,Corey Bradford\BradCo00,GNB,,25,2,2,0,0,0,0,0,0,0,,0,3,0,0,,0,0,,0,,,,,,,,162,
455,Tom Brady\BradTo00,NWE,QB,23,1,0,1,3,6,0,0,0,0,,0,0,0,0,,0,0,,0,,,,0.2,0.2,0.2,,71,
456,Travis Brown\BrowTr01,SEA,QB,23,1,0,0,1,0,0,0,0,0,,0,0,0,0,,0,0,,0,,,,,,,,72,
457,Dialleo Burks\BurkDi20,CAR,,26,1,0,0,0,0,0,0,0,0,,0,0,0,0,,0,0,,0,,,,,,,,160,
458,Matt Cercone\CercMa20,MIN,,25,2,0,0,0,0,0,0,0,0,,0,,0,0,,0,0,,0,,,,,,,,93,
459,Chris Coleman\ColeCh01,TEN,,23,13,0,0,0,0,0,0,0,0,,0,0,0,0,,0,0,,0,,,,,,,,165,
460,Greg DeLong\DeLoGr00,JAX,,27,4,1,0,0,0,0,0,0,0,,0,1,0,0,,0,0,,0,,,,,,,,85,
461,Gary Downs\DownGa00,ATL,,28,16,0,0,0,0,0,0,0,0,,0,0,0,0,,0,0,,0,,,,,,,,147,
462,Chad Dukes\DukeCh00,2TM,RB,29,2,0,0,0,0,0,0,2,2,1.00,0,0,0,0,,0,0,,0,,,,0.2,0.2,0.2,,144,
463,Chris Eitzmann\EitzCh20,NWE,,23,5,1,0,0,0,0,0,0,0,,0,1,0,0,,0,0,,0,,,,,,,,102,
464,Mondriel Fulcher\FulcMo20,OAK,,24,10,0,0,0,0,0,0,0,0,,0,0,0,0,,0,0,,0,,,,,,,,100,
465,Jason Garrett\GarrJa00,NYG,QB,34,2,0,0,0,0,0,0,4,-4,-1.00,0,0,0,0,,0,0,,0,,,,-0.4,-0.4,-0.4,,81,
466,Bryan Gilmore\GilmBr00,ARI,,22,1,0,0,0,0,0,0,0,0,,0,,0,0,,0,0,,0,,,,,,,,152,
467,Mike Green\GreeMi00,TEN,,24,1,0,0,0,0,0,0,0,0,,0,1,0,0,,0,0,,0,,,,,,,,154,
468,Rich Griffith\GrifRi00,JAX,,31,16,1,0,0,0,0,0,0,0,,0,3,0,0,,0,0,,0,,,,,,,,97,
469,Ty Hallock\HallTy00,CHI,,29,2,0,0,0,0,0,0,0,0,,0,0,0,0,,0,0,,0,,,,,,,,151,
470,Mark Hartsell\HartMa20,CHI,QB,27,1,0,0,1,0,0,0,0,0,,0,0,0,0,,0,0,,0,,,,,,,,74,
471,Andre Hastings\HastAn00,TAM,,30,3,0,0,0,0,0,0,0,0,,0,0,0,0,,0,1,,0,,,,,,,,151,
472,James Hill\HillJa21,SEA,,26,10,0,0,0,0,0,0,0,0,,0,,0,0,,0,0,,0,,,,,,,,108,
473,Bobby Hoying\HoyiBo00,OAK,QB,28,4,0,0,2,0,0,0,2,-3,-1.50,0,0,0,0,,0,0,,0,,,,-0.3,-0.3,-0.3,,80,
474,Todd Husak\HusaTo20,WAS,QB,22,1,0,2,2,-2,0,0,1,-1,-1.00,0,0,0,0,,0,0,,0,,,,-0.2,-0.2,-0.2,,76,
475,Chris Jackson\JackCh23,TEN,,25,1,0,0,0,0,0,0,0,0,,0,1,0,0,,0,0,,0,,,,,,,,158,
476,Jarious Jackson\JackJa01,DEN,QB,23,2,0,0,1,0,0,0,1,-1,-1.00,0,0,0,0,,0,0,,0,,,,-0.1,-0.1,-0.1,,75,
477,James Jenkins\JenkJa00,WAS,,33,13,6,0,0,0,0,0,0,0,,0,1,0,0,,0,0,,0,,,,,,,,90,
478,Brian Jennings\JennBr00,SFO,,24,16,0,0,0,0,0,0,0,0,,0,,0,0,,0,0,,0,,,,,,,,96,
479,Travis Jervey\JervTr00,SFO,RB,28,8,0,0,0,0,0,0,1,0,0.00,0,0,0,0,,0,0,,0,,,,,,,,149,
480,Bryan Johnson\JohnBr01,WAS,,22,1,0,0,0,0,0,0,0,0,,0,,0,0,,0,0,,0,,,,,,,,4,
481,Malcolm Johnson\JohnMa00,2TM,,23,5,0,0,0,0,0,0,0,0,,0,8,0,0,,0,0,,0,,,,,,,,170,
482,Isaac Jones\JoneIs00,IND,,25,1,0,0,0,0,0,0,0,0,,0,1,0,0,,0,0,,0,,,,,,,,167,
483,John Jones\JoneJo00,BAL,,25,8,0,0,0,0,0,0,0,0,,0,0,0,0,,0,0,,0,,,,,,,,111,
484,Trey Junkin\JunkTr20,ARI,,39,16,0,0,0,0,0,0,0,0,,0,,0,0,,0,0,,0,,,,,,,,94,
485,Josh Keur\KeurJo20,IND,,24,1,0,0,0,0,0,0,0,0,,0,,0,0,,0,0,,0,,,,,,,,92,
486,Mike Leach\LeacMi00,TEN,,24,15,0,0,0,0,0,0,0,0,,0,1,0,0,,0,0,,0,,,,,,,,106,
487,Brody Liddiard\LiddBr20,MIA,,23,5,0,0,0,0,0,0,0,0,,0,,0,0,,0,0,,0,,,,,,,,87,
488,Dustin Lyman\LymaDu00,CHI,TE,24,14,7,0,0,0,0,0,0,0,,0,3,1,4,4.00,0,0,,0,,,,1.4,1.4,0.9,,84,
489,Matt Lytle\LytlMa00,SEA,,25,2,0,0,0,0,0,0,0,0,,0,,0,0,,0,0,,0,,,,,,,,73,
490,Kevin McDougal\McDoKe01,IND,,23,6,0,0,0,0,0,0,0,0,,0,0,0,0,,0,0,,0,,,,,,,,148,
491,Natrone Means\MeanNa00,CAR,,28,1,0,0,0,0,0,0,0,0,,0,,0,0,,0,0,,0,,,,,,,,153,
492,Jake Moreland\MoreJa00,NYJ,,23,7,1,0,0,0,0,0,0,0,,0,0,0,0,,0,0,,0,,,,,,,,6,
493,Harold Morrow\MorrHa00,MIN,RB,27,16,0,0,0,0,0,0,0,0,,0,1,1,2,2.00,0,0,,0,,,,1.2,1.2,0.7,,145,
494,Frank Murphy\MurpFr00,TAM,,23,1,0,0,0,0,0,0,0,0,,0,0,0,0,,0,0,,0,,,,,,,,159,
495,Dallas Neil\NeilDa20,ATL,,24,6,0,0,0,0,0,0,0,0,,0,,0,0,,0,0,,0,,,,,,,,89,
496,Ryan Neufeld\NeufRy00,JAX,,25,3,0,0,0,0,0,0,0,0,,0,,0,0,,0,0,,0,,,,,,,,104,
497,Sirr Parker\ParkSi20,CIN,,23,2,0,0,0,0,0,0,0,0,,0,,0,0,,0,0,,0,,,,,,,,161,
498,Jeff Paulk\PaulJe20,NWE,,24,1,0,0,0,0,0,0,0,0,,0,,0,0,,0,0,,0,,,,,,,,1,
499,Ed Perry\PerrEd00,MIA,,26,9,0,0,0,0,0,0,0,0,,0,2,0,0,,0,0,,0,,,,,,,,105,
500,Mareno Philyaw\PhilMa20,ATL,,23,1,0,0,0,0,0,0,0,0,,0,,0,0,,0,0,,0,,,,,,,,171,
501,Chad Plummer\PlumCh20,IND,,25,3,0,0,0,0,0,0,0,0,,0,,0,0,,0,0,,0,,,,,,,,163,
502,Jonathan Quinn\QuinJo00,JAX,QB,25,1,0,0,0,0,0,0,2,-2,-1.00,0,0,0,0,,0,0,,0,,,,-0.2,-0.2,-0.2,,78,
503,Derek Rackley\RackDe00,ATL,,23,16,0,0,0,0,0,0,0,0,,0,0,0,0,,0,0,,0,,,,,,,,110,
504,Tim Rattay\RattTi00,SFO,QB,23,1,0,1,1,-4,0,0,2,-1,-0.50,0,0,0,0,,0,0,,0,,,,-0.3,-0.3,-0.3,,79,
505,O.J. Santiago\SantO.00,DAL,,26,11,0,0,0,0,0,0,0,0,,0,0,0,0,,0,0,,0,,,,,,,,101,
506,Kenny Shedd\ShedKe00,WAS,,29,1,0,0,0,0,0,0,0,0,,0,,0,0,,0,0,,0,,,,,,,,168,
507,Paul Shields\ShiePa00,IND,,24,7,0,0,0,0,0,0,0,0,,0,0,0,0,,0,0,,0,,,,,,,,152,
508,Emanuel Smith\SmitEm20,JAX,,24,1,0,0,0,0,0,0,0,0,,0,,0,0,,0,0,,0,,,,,,,,155,
509,Matt Snider\SnidMa21,GNB,,24,16,0,0,0,0,0,0,0,0,,0,0,0,0,,0,0,,0,,,,,,,,2,
510,Justin Snow\SnowJu00,IND,,24,16,0,0,0,0,0,0,0,0,,0,,0,0,,0,0,,0,,,,,,,,91,
511,Blake Spence\SpenBl00,TAM,,25,3,0,0,0,0,0,0,0,0,,0,0,0,0,,0,0,,0,,,,,,,,112,
512,Dave Stachelski\StacDa00,NOR,,23,4,0,0,0,0,0,0,0,0,,0,,0,0,,0,0,,0,,,,,,,,107,
513,Brad St. Louis\StLoBr00,CIN,,24,16,0,0,0,0,0,0,0,0,,0,0,0,0,,0,0,,0,,,,,,,,98,
514,Dwight Stone\StonDw00,NYJ,WR,36,12,0,0,0,0,0,0,3,3,1.00,0,1,0,0,,0,1,,0,,,,0.3,0.3,0.3,,150,
515,Jay Tant\TantJa00,ARI,TE,23,5,0,0,0,0,0,0,0,0,,0,2,1,4,4.00,0,0,,0,,,,1.4,1.4,0.9,,83,
516,Chris Thomas\ThomCh00,STL,,29,16,0,0,0,0,0,0,0,0,,0,1,0,0,,0,0,,0,,,,,,,,166,
517,Derrius Thompson\ThomDe00,WAS,,23,4,0,0,0,0,0,0,0,0,,0,,0,0,,0,0,,0,,,,,,,,157,
518,Kevin Thompson\ThomKe00,CLE,QB,23,1,0,1,1,8,0,0,1,0,0.00,0,0,0,0,,0,1,,0,,,,0.3,0.3,0.3,,70,
519,Jerame Tuman\TumaJe00,PIT,,24,16,1,0,0,0,0,0,0,0,,0,2,0,0,,0,0,,0,,,,,,,,95,
520,Frank Wainright\WainFr00,BAL,,33,8,0,0,0,0,0,0,0,0,,0,,0,0,,0,0,,0,,,,,,,,113,
521,Craig Walendy\WaleCr20,NYG,,23,12,0,0,0,0,0,0,0,0,,0,0,0,0,,0,0,,0,,,,,,,,146,
522,Damon Washington\WashDa00,NYG,,23,3,0,0,0,0,0,0,0,0,,0,0,0,0,,0,0,,0,,,,,,,,150,
523,James Whalen\WhalJa00,DAL,,23,3,0,0,0,0,0,0,0,0,,0,,0,0,,0,0,,0,,,,,,,,86,
524,Austin Wheatley\WheaAu20,NOR,,23,4,0,0,0,0,0,0,0,0,,0,0,0,0,,0,0,,0,,,,,,,,99,
525,Danny Wuerffel\WuerDa00,GNB,QB,26,1,0,0,0,0,0,0,2,-2,-1.00,0,,0,0,,0,0,,0,,,,-0.2,-0.2,-0.2,,77,
526,Bashir Yamini\YamiBa20,TEN,,23,6,0,0,0,0,0,0,0,0,,0,1,0,0,,0,0,,0,,,,,,,,164,
527,Joe Zelenka\ZeleJo00,WAS,,24,16,0,0,0,0,0,0,0,0,,0,0,0,0,,0,0,,0,,,,,,,,103,
528,Koy Detmer\DetmKo00,PHI,QB,27,16,0,0,1,0,0,1,1,8,8.00,0,0,0,0,,0,0,,0,,,-1,-1.2,-0.2,-0.2,,82,
529,Damon Dunn\DunnDa01,2TM,WR,24,4,0,0,0,0,0,0,0,0,,0,1,1,6,6.00,0,1,1,0,,,-1,-0.4,0.6,-0.9,,173,
530,Herbert Goodman\GoodHe00,GNB,RB,23,5,0,0,0,0,0,0,3,-2,-0.67,0,1,1,0,0.00,0,2,1,0,,,-2,-1.2,-0.2,-1.7,,157,
531,Joe Hamilton\HamiJo20,TAM,QB,23,1,0,0,0,0,0,0,1,-2,-2.00,0,0,0,0,,0,1,1,0,,,-2,-2.2,-1.2,-2.2,,83,
532,Winslow Oliver\OlivWi00,ATL,,27,12,0,0,0,0,0,0,0,0,,0,0,0,0,,0,1,1,0,,,-2,-2.0,-1.0,-2.0,,156,
533,Todd Yoder\YodeTo00,TAM,TE,22,9,0,0,0,0,0,0,0,0,,0,3,1,1,1.00,0,1,1,0,,,-2,-0.9,0.1,-1.4,,114,