,,,,,Games,Games,Passing,Passing,Passing,Passing,Passing,Rushing,Rushing,Rushing,Rushing,Receiving,Receiving,Receiving,Receiving,Receiving,Fumbles,Fumbles,Scoring,Scoring,Scoring,Fantasy,Fantasy,Fantasy,Fantasy,Fantasy,Fantasy,Fantasy
Rk,Player,Tm,FantPos,Age,G,GS,Cmp,Att,Yds,TD,Int,Att,Yds,Y/A,TD,Tgt,Rec,Yds,Y/R,TD,Fmb,FL,TD,2PM,2PP,FantPt,PPR,DKPt,FDPt,VBD,PosRank,OvRank
1,Marshall Faulk*+\FaulMa00,STL,RB,28,14,14,0,1,0,0,0,260,1382,5.32,12,104,83,765,9.22,9,3,3,21,1,,337,419.7,428.7,378.2,204,1,1
2,Priest Holmes*+\HolmPr00,KAN,RB,28,16,16,0,0,0,0,0,327,1555,4.76,8,75,62,614,9.90,2,4,3,10,,,271,332.9,341.9,301.9,139,2,2
3,Ahman Green*\GreeAh00,GNB,RB,24,16,16,0,0,0,0,0,304,1387,4.56,9,82,62,594,9.58,2,5,4,11,,,256,318.1,328.1,287.1,124,3,3
4,Shaun Alexander\AlexSh00,SEA,RB,24,16,12,0,0,0,0,0,309,1318,4.27,14,59,44,343,7.80,2,4,4,16,,,254,298.1,308.1,276.1,122,4,4
5,Marvin Harrison*\HarrMa00,IND,WR,29,16,16,0,0,0,0,0,1,3,3.00,0,164,109,1524,13.98,15,0,,15,,,243,351.7,354.7,297.2,114,1,5
6,Curtis Martin *\MartCu00,NYJ,RB,28,16,16,1,1,18,1,0,333,1513,4.54,10,63,53,320,6.04,0,2,2,10,,,244,297.0,305.0,270.5,112,5,6
7,Terrell Owens*+\OwenTe00,SFO,WR,28,16,16,0,0,0,0,0,4,21,5.25,0,155,93,1412,15.18,16,0,,16,,,239,332.3,335.3,285.8,110,2,7
8,Jeff Garcia *\GarcJe00,SFO,QB,31,16,16,316,504,3538,32,12,72,254,3.53,5,0,0,0,,0,9,3,5,,2,299,298.9,319.9,310.9,97,1,8
9,Corey Dillon*\DillCo00,CIN,RB,27,16,16,0,1,0,0,1,340,1315,3.87,10,61,34,228,6.71,3,5,3,13,,,224,258.3,268.3,242.3,92,6,9
10,Kurt Warner*+\WarnKu00,STL,QB,30,16,16,375,546,4830,36,22,28,60,2.14,0,0,0,0,,0,10,4,0,,1,293,293.2,322.2,315.2,91,2,10
11,David Boston*+\BostDa00,ARI,WR,23,16,15,0,0,0,0,0,5,35,7.00,0,175,98,1598,16.31,8,1,1,8,,,209,307.3,311.3,258.3,80,3,11
12,LaDainian Tomlinson\TomlLa00,SDG,RB,22,16,16,0,0,0,0,0,339,1236,3.65,10,74,59,367,6.22,0,8,5,10,,,210,269.3,280.3,239.8,78,7,12
13,Rod Smith*\SmitRo01,DEN,WR,31,15,14,0,0,0,0,0,3,27,9.00,0,172,113,1343,11.88,11,1,,11,1,,205,318.0,321.0,261.5,76,4,13
14,Ricky Williams\WillRi00,NOR,RB,24,16,16,0,0,0,0,0,313,1245,3.98,6,88,60,511,8.52,1,8,6,7,,,206,265.6,277.6,235.6,73,8,14
15,Antowain Smith\SmitAn00,NWE,RB,29,16,15,0,0,0,0,0,287,1157,4.03,12,28,19,192,10.11,1,4,4,13,,,205,223.9,233.9,214.4,73,9,15
16,Rich Gannon*\GannRi00,OAK,QB,36,16,16,361,549,3828,27,9,63,231,3.67,2,0,0,0,,0,13,7,2,1,,266,266.2,288.2,275.2,64,3,16
17,Steve McNair\McNaSt00,TEN,QB,28,15,15,264,431,3350,21,12,75,414,5.52,5,0,0,0,,0,5,3,5,,3,265,265.4,286.4,277.4,63,4,17
18,Tony Gonzalez*+\GonzTo00,KAN,TE,25,16,16,1,1,40,0,0,1,9,9.00,0,118,73,917,12.56,6,0,,6,1,,132,205.2,208.2,168.7,60,1,18
19,Randy Moss\MossRa00,MIN,WR,24,16,16,1,1,29,0,0,3,38,12.67,0,154,82,1233,15.04,10,0,,10,,,188,270.3,273.3,229.3,59,5,19
20,Peyton Manning\MannPe00,IND,QB,25,16,16,343,547,4131,26,23,35,157,4.49,4,0,0,0,,0,7,3,4,,2,261,260.9,292.9,283.9,59,5,20
21,Stephen Davis\DaviSt00,WAS,RB,27,16,16,0,0,0,0,0,356,1432,4.02,5,37,28,205,7.32,0,6,3,5,1,,190,217.7,226.7,203.7,57,10,21
22,Donovan McNabb*\McNaDo00,PHI,QB,25,16,16,285,493,3233,25,12,82,482,5.88,2,0,0,0,,0,8,3,2,,,260,259.5,280.5,271.5,57,6,22
23,Jimmy Smith*\SmitJi00,JAX,WR,32,16,16,0,0,0,0,0,1,-3,-3.00,0,176,112,1373,12.26,8,1,,8,,,185,297.0,300.0,241.0,56,6,23
24,Brett Favre *\FavrBr00,GNB,QB,32,16,16,314,510,3921,32,15,38,56,1.47,1,0,0,0,,0,16,6,1,,1,256,256.4,280.4,271.4,54,7,24
25,Joe Horn*\HornJo00,NOR,WR,29,16,16,0,1,0,0,0,1,4,4.00,0,156,83,1265,15.24,9,1,,9,,,181,263.9,266.9,222.4,52,7,25
26,Garrison Hearst*\HearGa00,SFO,RB,30,16,16,0,0,0,0,0,252,1206,4.79,4,55,41,347,8.46,1,1,1,5,,,183,224.3,231.3,203.8,51,11,26
27,Aaron Brooks\BrooAa00,NOR,QB,25,16,16,312,558,3832,26,22,80,358,4.48,1,1,0,0,,0,13,2,1,,1,253,253.1,283.1,275.1,51,8,27
28,Marcus Pollard\PollMa00,IND,TE,29,16,16,0,0,0,0,0,0,0,,0,73,47,739,15.72,8,0,,8,,,122,168.9,171.9,145.4,50,2,28
29,Tim Brown*\BrowTi00,OAK,WR,35,16,16,0,0,0,0,0,4,39,9.75,0,140,91,1165,12.80,9,1,1,10,,,178,269.4,273.4,223.9,49,8,29
30,Torry Holt*\HoltTo00,STL,WR,25,16,14,0,0,0,0,0,2,0,0.00,0,133,81,1363,16.83,7,2,,7,,,178,259.3,262.3,218.8,49,9,30
31,Dominic Rhodes\RhodDo00,IND,RB,22,15,10,0,0,0,0,0,233,1104,4.74,9,55,34,224,6.59,0,6,6,10,,,181,214.8,226.8,197.8,48,12,31
32,Anthony Thomas\ThomAn01,CHI,RB,24,14,10,0,0,0,0,0,278,1183,4.26,7,30,22,178,8.09,0,0,,7,1,,180,202.1,208.1,191.1,48,13,32
33,Derrick Mason\MasoDe00,TEN,WR,27,15,15,0,0,0,0,0,0,0,,0,113,73,1128,15.45,9,2,1,10,1,,173,245.8,249.8,209.3,44,10,33
34,Troy Brown*\BrowTr00,NWE,WR,30,16,13,0,0,0,0,0,11,91,8.27,0,142,101,1199,11.87,5,2,1,7,,,169,270.0,274.0,219.5,40,11,34
35,Jerry Rice\RiceJe00,OAK,WR,39,16,15,0,0,0,0,0,0,0,,0,125,83,1139,13.72,9,1,,9,,,168,250.9,253.9,209.4,39,12,35
36,Curtis Conway\ConwCu00,SDG,WR,30,16,16,0,0,0,0,0,7,116,16.57,1,126,71,1125,15.85,6,1,1,7,,,164,235.1,242.1,199.6,35,13,36
37,Kevin Johnson\JohnKe01,CLE,WR,25,16,16,0,0,0,0,0,0,0,,0,129,84,1097,13.06,9,2,,9,,,164,247.7,250.7,205.7,35,14,37
38,Tiki Barber\BarbTi00,NYG,RB,26,14,9,0,0,0,0,0,166,865,5.21,4,98,72,577,8.01,0,8,2,4,1,,166,238.2,246.2,202.2,34,14,38
39,Kordell Stewart*\StewKo00,PIT,QB,29,16,16,266,442,3109,14,11,96,537,5.59,5,0,0,0,,0,11,3,5,,,236,236.1,256.1,247.1,34,9,39
40,Marty Booker\BookMa00,CHI,WR,25,16,16,1,2,34,1,0,4,8,2.00,0,157,100,1071,10.71,8,2,1,8,,,159,259.3,263.3,209.3,30,15,40
41,Stacey Mack\MackSt00,JAX,RB,26,16,11,0,0,0,0,0,213,877,4.12,9,34,23,165,7.17,1,3,1,10,,,162,185.2,192.2,173.7,30,15,41
42,Darrell Jackson\JackDa00,SEA,WR,23,16,16,0,0,0,0,0,1,9,9.00,0,132,70,1081,15.44,8,0,,8,,,157,227.0,230.0,192.0,28,16,42
43,Lamar Smith\SmitLa00,MIA,RB,31,16,16,0,0,0,0,0,313,968,3.09,6,35,30,234,7.80,2,6,5,8,,,158,188.2,199.2,173.2,26,16,43
44,Mike Alstott *\AlstMi00,TAM,RB,28,16,16,0,0,0,0,0,165,680,4.12,10,50,35,231,6.60,1,2,2,11,2,,157,192.1,200.1,174.6,25,17,44
45,Charlie Garner\GarnCh00,OAK,RB,29,16,16,0,0,0,0,0,211,839,3.98,1,91,72,578,8.03,2,2,2,3,,,156,227.7,235.7,191.7,23,18,45
46,Desmond Clark\ClarDe00,DEN,TE,24,16,4,0,0,0,0,0,0,0,,0,76,51,566,11.10,6,3,,6,,,93,143.6,146.6,118.1,21,3,46
47,Frank Wycheck\WychFr00,TEN,TE,30,16,16,1,1,21,0,0,1,1,1.00,0,84,60,672,11.20,4,0,,4,,,92,152.1,155.1,122.1,20,4,47
48,Jay Fiedler\FiedJa00,MIA,QB,30,16,16,273,450,3290,20,19,73,321,4.40,4,0,0,0,,0,6,4,4,,,222,221.7,250.7,240.7,19,10,48
49,Shannon Sharpe*\SharSh00,BAL,TE,33,16,15,0,0,0,0,0,0,0,,0,114,73,811,11.11,2,1,1,2,,,91,164.1,168.1,127.6,19,5,49
50,Qadry Ismail\IsmaQa00,BAL,WR,31,16,15,0,0,0,0,0,0,0,,0,134,74,1059,14.31,7,1,1,7,1,,148,221.9,225.9,184.9,19,17,50
51,Keenan McCardell\McCaKe00,JAX,WR,31,16,16,0,0,0,0,0,0,0,,0,145,93,1110,11.94,6,1,1,6,1,,147,240.0,244.0,193.5,18,18,51
52,Bill Schroeder\SchrBi00,GNB,WR,30,14,14,0,0,0,0,0,1,6,6.00,0,93,53,918,17.32,9,1,,9,,,146,199.4,202.4,172.9,17,19,52
53,Isaac Bruce*\BrucIs00,STL,WR,29,16,16,0,0,0,0,0,4,23,5.75,0,103,64,1106,17.28,6,4,2,6,,,145,208.9,213.9,176.9,16,20,53
54,Bubba Franks*\FranBu00,GNB,TE,23,16,14,0,0,0,0,0,0,0,,0,49,36,322,8.94,9,0,,9,,,86,122.2,125.2,104.2,14,6,54
55,Duce Staley\StalDu00,PHI,RB,26,13,10,0,0,0,0,0,166,604,3.64,2,91,63,626,9.94,2,3,1,4,,,145,208.0,215.0,176.5,13,19,55
56,David Sloan\SloaDa00,DET,TE,29,15,15,0,0,0,0,0,0,0,,0,69,37,409,11.05,7,0,,7,,,83,119.9,122.9,101.4,11,7,56
57,Byron Chamberlain*\ChamBy00,MIN,TE,30,16,15,0,0,0,0,0,0,0,,0,81,57,666,11.68,3,1,1,3,,,83,139.6,143.6,111.1,11,8,57
58,Laveranues Coles\ColeLa00,NYJ,WR,24,16,16,0,0,0,0,0,10,108,10.80,0,102,59,868,14.71,7,1,,7,,,140,198.6,204.6,169.1,10,21,58
59,Peerless Price\PricPe00,BUF,WR,25,16,16,0,0,0,0,0,6,97,16.17,0,111,55,895,16.27,7,2,1,7,,,139,194.2,198.2,166.7,10,22,59
60,Jerome Bettis*\BettJe00,PIT,RB,29,11,11,1,2,32,1,0,225,1072,4.76,4,10,8,48,6.00,0,3,,4,,,141,149.3,152.3,145.3,9,20,60
61,Johnnie Morton\MortJo00,DET,WR,30,16,16,0,0,0,0,0,1,6,6.00,0,144,77,1154,14.99,4,1,1,4,,,138,215.0,219.0,176.5,9,23,61
62,Plaxico Burress\BurrPl00,PIT,WR,24,16,16,0,0,0,0,0,0,0,,0,120,66,1008,15.27,6,1,,6,,,137,202.8,205.8,169.8,8,24,62
63,Eddie George\GeorEd00,TEN,RB,28,16,16,0,0,0,0,0,315,939,2.98,5,51,37,279,7.54,0,8,6,5,,,140,176.8,188.8,158.3,7,21,63
64,Willie Jackson\JackWi00,NOR,WR,30,16,16,0,0,0,0,0,0,0,,0,135,81,1046,12.91,5,0,,5,1,,137,217.6,220.6,177.1,7,25,64
65,Amani Toomer\ToomAm00,NYG,WR,27,16,14,0,0,0,0,0,3,8,2.67,0,141,72,1054,14.64,5,2,,5,,,136,208.2,211.2,172.2,7,26,65
66,Chad Lewis*\LewiCh00,PHI,TE,30,15,15,0,0,0,0,0,0,0,,0,68,41,422,10.29,6,2,,6,,,78,119.2,122.2,98.7,6,9,66
67,James Thrash\ThraJa00,PHI,WR,26,15,15,0,0,0,0,0,6,57,9.50,0,108,63,833,13.22,8,1,1,8,,,135,198.0,202.0,166.5,6,27,67
68,Jay Riemersma\RiemJa00,BUF,TE,28,16,15,0,0,0,0,0,0,0,,0,78,53,590,11.13,3,0,,3,,,77,130.0,133.0,103.5,5,10,68
69,Michael Pittman\PittMi00,ARI,RB,26,15,14,0,0,0,0,0,241,846,3.51,5,66,42,264,6.29,0,5,2,5,,,137,179.0,187.0,158.0,5,22,69
70,Mark Brunell\BrunMa00,JAX,QB,31,15,15,289,473,3309,19,13,39,224,5.74,1,0,0,0,,0,8,3,1,,1,207,206.8,228.8,219.8,4,11,70
71,Wesley Walls*\WallWe00,CAR,TE,35,14,14,0,0,0,0,0,0,0,,0,73,43,452,10.51,5,0,,5,,,75,118.2,121.2,96.7,3,11,71
72,Keyshawn Johnson*\JohnKe00,TAM,WR,29,15,15,0,0,0,0,0,0,0,,0,180,106,1266,11.94,1,2,1,1,,,131,236.6,240.6,183.6,1,28,72
73,Hines Ward *\WardHi00,PIT,WR,25,16,16,0,1,0,0,0,10,83,8.30,0,145,94,1003,10.67,4,1,1,4,,,131,224.6,228.6,177.6,1,29,73
74,Maurice Smith\SmitMa00,ATL,RB,25,16,12,0,0,0,0,0,237,760,3.21,5,27,19,230,12.11,1,1,1,6,,,133,152.0,159.0,142.5,1,23,74
75,Deon Dyer\DyerDe00,MIA,,24,16,0,0,0,0,0,0,0,0,,0,2,0,0,,0,0,,0,,,,,,,,8,75
76,Warrick Dunn\DunnWa00,TAM,RB,26,13,12,0,0,0,0,0,158,447,2.83,3,97,68,557,8.19,3,2,2,6,,,132,200.4,208.4,166.4,,24,76
77,Chris Chambers\ChamCh00,MIA,WR,23,16,7,0,0,0,0,0,1,-11,-11.00,0,90,48,883,18.40,7,2,,7,,,129,177.2,180.2,153.2,,30,77
78,Jake Plummer\PlumJa00,ARI,QB,27,16,16,304,525,3653,18,14,35,163,4.66,0,0,0,0,,0,8,3,0,1,,202,202.4,225.4,216.4,,12,78
79,Daunte Culpepper\CulpDa00,MIN,QB,24,11,11,235,366,2612,14,13,71,416,5.86,5,1,1,0,0.00,0,16,6,5,3,1,202,203.1,228.1,215.6,,13,
80,Brad Johnson\JohnBr00,TAM,QB,33,16,16,340,559,3406,13,11,39,120,3.08,3,0,0,0,,0,4,2,3,,2,196,196.2,215.2,207.2,,14,
81,Brian Griese\GrieBr00,DEN,QB,26,15,15,275,451,2827,23,19,50,173,3.46,1,1,1,-6,-6.00,0,7,1,1,,2,192,192.8,218.8,211.3,,15,
82,Kerry Collins\CollKe00,NYG,QB,29,16,16,327,568,3764,19,16,39,73,1.87,0,1,1,-2,-2.00,0,23,6,0,,,190,190.7,215.7,206.2,,16,
83,Trent Green\GreeTr00,KAN,QB,31,16,16,296,523,3783,17,24,35,158,4.51,0,1,1,1,1.00,0,11,4,0,1,2,185,186.2,220.2,209.7,,17,
84,Doug Flutie\FlutDo00,SDG,QB,39,16,16,294,521,3464,15,18,53,192,3.62,1,0,0,0,,0,7,2,1,,,184,183.8,209.8,201.8,,18,
85,Chris Weinke\WeinCh00,CAR,QB,29,15,15,293,540,2931,11,19,37,128,3.46,6,0,0,0,,0,11,2,6,,,168,168.0,195.0,187.0,,19,
86,Tom Brady *\BradTo00,NWE,QB,24,15,14,264,413,2843,18,12,36,43,1.19,0,1,1,23,23.00,0,12,3,0,,,162,163.3,181.3,174.8,,20,
87,Chris Chandler\ChanCh00,ATL,QB,36,14,14,223,365,2847,16,14,25,84,3.36,0,0,0,0,,0,8,1,0,,1,158,158.3,176.3,172.3,,21,
88,Tim Couch\CoucTi00,CLE,QB,24,16,16,272,454,3040,17,21,38,128,3.37,0,1,1,-10,-10.00,0,9,3,0,,,153,154.4,184.4,174.9,,22,
89,Elvis Grbac\GrbaEl00,BAL,QB,31,14,14,265,467,3033,15,18,21,18,0.86,1,0,0,0,,0,9,5,1,,,143,143.1,169.1,161.1,,23,
90,Vinny Testaverde\TestVi00,NYJ,QB,38,16,16,260,441,2752,15,14,31,25,0.81,0,0,0,0,,0,12,2,0,,,141,140.6,159.6,154.6,,24,
91,Jon Kitna\KitnJo00,CIN,QB,29,16,15,313,581,3216,12,22,27,73,2.70,1,0,0,0,,0,13,4,1,,1,140,139.9,168.9,161.9,,25,
92,Tony Banks\BankTo00,WAS,QB,28,15,14,198,370,2386,10,10,47,152,3.23,2,0,0,0,,0,10,4,2,,1,137,136.6,156.6,146.6,,26,
93,Emmitt Smith\SmitEm00,DAL,RB,32,14,14,0,0,0,0,0,261,1021,3.91,3,21,17,116,6.82,0,1,1,3,,,130,146.7,153.7,138.2,,25,
94,Kevin Dyson\DysoKe00,TEN,WR,26,16,16,0,0,0,0,0,0,0,,0,112,54,825,15.28,7,0,,7,1,,127,180.5,183.5,153.5,,31,
95,Jamel White\WhitJa00,CLE,RB,24,16,7,0,0,0,0,0,126,443,3.52,5,60,44,418,9.50,1,1,1,6,1,,122,166.1,173.1,144.1,,26,
96,Eric Moulds\MoulEr00,BUF,WR,28,16,16,0,0,0,0,0,3,3,1.00,0,135,67,904,13.49,5,1,1,5,1,,121,187.7,191.7,154.2,,32,
97,Cris Carter\CartCr00,MIN,WR,36,16,16,0,0,0,0,0,1,4,4.00,0,130,73,871,11.93,6,2,2,6,,,120,192.5,197.5,156.0,,33,
98,Antonio Freeman\FreeAn00,GNB,WR,29,16,16,0,0,0,0,0,1,-5,-5.00,0,108,52,818,15.73,6,1,,6,1,,119,171.3,174.3,145.3,,34,
99,Charlie Batch\BatcCh00,DET,QB,27,10,9,198,341,2392,12,12,12,45,3.75,0,0,0,0,,0,6,4,0,,1,118,118.2,137.2,130.2,,27,
100,Ron Dayne\DaynRo00,NYG,RB,23,16,7,0,0,0,0,0,180,690,3.83,7,11,8,67,8.38,0,2,1,7,1,,118,125.7,129.7,121.7,,27,
101,Jim Miller\MillJi00,CHI,QB,30,14,13,228,395,2299,13,10,29,-19,-0.66,0,0,0,0,,0,7,3,0,,,116,116.1,132.1,126.1,,28,
102,David Patten\PattDa00,NWE,WR,27,16,14,1,2,60,1,1,5,67,13.40,1,94,51,749,14.69,4,1,,5,,,116,167.0,171.0,142.5,,35,
103,Alex Van Pelt\VanPAl00,BUF,QB,31,12,8,178,307,2056,12,11,12,33,2.75,0,0,0,0,,0,5,1,0,,1,112,111.5,126.5,122.5,,29,
104,Travis Henry\HenrTr00,BUF,RB,23,13,12,0,0,0,0,0,213,729,3.42,4,27,22,179,8.14,0,5,2,4,,,111,132.8,140.8,121.8,,28,
105,Michael Bennett\BennMi00,MIN,RB,23,13,13,0,0,0,0,0,172,682,3.97,2,38,29,226,7.79,1,0,,3,,,109,137.8,143.8,123.3,,29,
106,Jeff Graham\GrahJe00,SDG,WR,32,14,11,0,0,0,0,0,0,0,,0,110,52,811,15.60,5,1,1,5,,,109,161.1,165.1,135.1,,36,
107,Kevan Barlow\BarlKe00,SFO,RB,22,15,0,0,0,0,0,0,125,512,4.10,4,28,22,247,11.23,1,1,,5,,,106,127.9,133.9,116.9,,30,
108,James Stewart\StewJa00,DET,RB,30,11,10,0,0,0,0,0,143,685,4.79,1,26,23,242,10.52,1,0,,2,,,105,127.7,133.7,116.2,,31,
109,Ike Hilliard\HillIk00,NYG,WR,25,14,10,0,0,0,0,0,1,21,21.00,0,88,52,659,12.67,6,0,,6,,,104,156.0,159.0,130.0,,37,
110,Matt Hasselbeck\HassMa00,SEA,QB,26,13,12,176,321,2023,7,8,40,141,3.53,0,0,0,0,,0,6,2,0,,,103,103.0,119.0,111.0,,30,
111,Edgerrin James\JameEd00,IND,RB,23,6,6,0,0,0,0,0,151,662,4.38,3,29,24,193,8.04,0,3,2,3,1,,102,125.5,133.5,113.5,,32,
112,J.J. Stokes\StokJ.00,SFO,WR,29,16,16,0,0,0,0,0,0,0,,0,90,54,585,10.83,7,0,,7,,,101,154.5,157.5,127.5,,38,
113,Larry Centers*\CentLa00,BUF,RB,33,16,13,0,0,0,0,0,34,160,4.71,2,105,80,620,7.75,2,2,1,4,,,100,180.0,187.0,140.0,,33,
114,Rocket Ismail\IsmaRa00,DAL,WR,32,14,13,0,0,0,0,0,8,31,3.88,0,93,53,834,15.74,2,0,,2,,,99,151.5,154.5,125.0,,39,
115,Rod Gardner\GardRo00,WAS,WR,24,16,16,0,0,0,0,0,1,16,16.00,0,101,46,741,16.11,4,1,1,4,,,98,143.7,147.7,120.7,,40,
116,Mike Anderson\AndeMi00,DEN,RB,28,16,7,0,0,0,0,0,175,678,3.87,4,12,8,46,5.75,0,1,1,4,1,,96,104.4,108.4,100.4,,34,
117,Darnay Scott\ScotDa00,CIN,WR,29,16,15,0,0,0,0,0,0,0,,0,103,57,819,14.37,2,0,,2,,,94,150.9,153.9,122.4,,41,
118,Bob Christian\ChriBo00,ATL,RB,33,16,8,0,0,0,0,0,44,284,6.45,2,60,45,392,8.71,2,0,,4,,,92,136.6,142.6,114.1,,35,
119,Joey Galloway\GallJo00,DAL,WR,30,16,16,1,1,-1,0,0,3,32,10.67,0,112,52,699,13.44,3,1,,3,,,91,143.1,146.1,117.1,,43,
120,Richard Huntley\HuntRi00,CAR,RB,29,14,9,0,1,0,0,0,165,665,4.03,2,32,21,101,4.81,1,3,2,3,,,91,111.6,119.6,101.1,,36,
121,Michael Westbrook\WestMi00,WAS,WR,29,16,16,0,0,0,0,0,2,8,4.00,0,91,57,664,11.65,4,0,,4,,,91,148.2,151.2,119.7,,42,
122,Trung Canidate\CaniTr00,STL,RB,24,16,2,0,0,0,0,0,78,441,5.65,6,23,17,154,9.06,0,3,3,6,,,90,106.5,115.5,98.0,,37,
123,Terry Allen\AlleTe00,BAL,RB,33,11,8,0,0,0,0,0,168,658,3.92,3,20,17,68,4.00,0,1,1,3,,,89,105.6,109.6,97.1,,38,
124,Joe Jurevicius\JureJo00,NYG,WR,27,14,9,0,0,0,0,0,0,0,,0,92,51,706,13.84,3,0,,3,,,89,139.6,142.6,114.1,,45,
125,Ricky Proehl\ProeRi00,STL,WR,33,16,2,0,0,0,0,0,1,5,5.00,0,55,40,563,14.08,5,0,,5,1,,89,128.8,131.8,108.8,,44,
126,Jason Brookins\BrooJa01,BAL,RB,25,12,3,0,0,0,0,0,151,551,3.65,5,9,6,45,7.50,0,3,1,5,,,88,93.6,97.6,90.6,,39,
127,Tony Richardson\RichTo00,KAN,RB,30,14,8,0,0,0,0,0,66,191,2.89,7,40,30,265,8.83,0,0,,7,,,88,117.6,123.6,102.6,,40,
128,Rob Johnson\JohnRo00,BUF,QB,28,8,8,134,216,1465,5,7,36,241,6.69,1,0,0,0,,0,6,4,1,,,87,86.7,103.7,93.7,,31,
129,James McKnight\McKnJa00,MIA,WR,29,16,15,0,0,0,0,0,6,39,6.50,0,90,55,684,12.44,3,3,3,3,1,,86,141.3,147.3,113.8,,46,
130,Oronde Gadsden\GadsOr00,MIA,WR,30,14,14,0,0,0,0,0,0,0,,0,93,55,674,12.25,3,1,,3,,,85,140.4,143.4,112.9,,47,
131,Todd Pinkston\PinkTo00,PHI,WR,24,15,15,0,0,0,0,0,1,5,5.00,0,84,42,586,13.95,4,0,,4,,,83,125.1,128.1,104.1,,48,
132,Chris Fuamatu-Ma'afala\FuamCh00,PIT,RB,24,16,5,0,0,0,0,0,120,453,3.78,3,20,16,127,7.94,1,0,,4,,,82,98.0,104.0,90.0,,41,
133,Wayne Chrebet\ChreWa00,NYJ,WR,28,15,15,0,0,0,0,0,0,0,,0,92,56,750,13.39,1,0,,1,,,81,137.0,140.0,109.0,,49,
134,Thomas Jones\JoneTh00,ARI,RB,23,16,2,0,0,0,0,0,112,380,3.39,5,24,21,151,7.19,0,2,1,5,,,81,102.1,109.1,91.6,,42,
135,Correll Buckhalter\BuckCo00,PHI,RB,23,15,6,0,0,0,0,0,129,586,4.54,2,21,13,130,10.00,0,2,2,2,,,80,92.6,100.6,86.1,,43,
136,James Allen\AlleJa00,CHI,RB,26,16,7,0,0,0,0,0,135,469,3.47,1,43,30,203,6.77,1,1,,2,,,79,109.2,115.2,94.2,,44,
137,Travis Taylor\TaylTr01,BAL,WR,23,16,13,0,0,0,0,0,5,46,9.20,0,90,42,560,13.33,3,0,,3,,,79,120.6,123.6,99.6,,50,
138,Travis Minor\MinoTr00,MIA,RB,22,16,0,0,0,0,0,0,59,281,4.76,2,37,29,263,9.07,1,0,,4,,,78,107.4,113.4,92.9,,45,
139,Cory Schlesinger\SchlCo00,DET,RB,29,16,13,0,0,0,0,0,47,154,3.28,3,85,60,466,7.77,0,1,1,3,,,78,138.0,145.0,108.0,,46,
140,Terrell Davis\DaviTe00,DEN,RB,29,8,8,0,0,0,0,0,167,701,4.20,0,21,12,69,5.75,0,2,,0,,,77,89.0,92.0,83.0,,47,
141,Lamont Warren\WarrLa00,DET,RB,28,16,3,0,2,0,0,1,61,191,3.13,3,60,40,336,8.40,1,1,,4,1,,77,116.7,123.7,97.7,,48,
142,Troy Hambrick\HambTr00,DAL,RB,25,16,11,0,0,0,0,0,113,579,5.12,2,12,4,62,15.50,0,1,1,2,,,74,78.1,82.1,76.1,,49,
143,Tony Martin\MartTo00,ATL,WR,36,11,9,0,0,0,0,0,0,0,,0,77,37,548,14.81,3,0,,3,,,73,109.8,112.8,91.3,,51,
144,Ernie Conwell\ConwEr00,STL,TE,29,16,14,0,0,0,0,0,7,28,4.00,1,52,38,431,11.34,4,2,2,5,,,72,109.9,114.9,90.9,,12,
145,Donald Hayes\HayeDo00,CAR,WR,26,16,15,0,0,0,0,0,0,0,,0,105,52,597,11.48,2,1,,2,,,72,123.7,126.7,97.7,,53,
146,Frank Sanders\SandFr00,ARI,WR,28,15,13,0,1,0,0,0,0,0,,0,76,41,618,15.07,2,1,1,2,,,72,112.8,116.8,92.3,,52,
147,James Jackson\JackJa00,CLE,RB,25,11,10,0,0,0,0,0,195,554,2.84,2,10,7,56,8.00,0,1,1,2,,,71,78.0,82.0,74.5,,50,
148,Peter Warrick\WarrPe00,CIN,WR,24,16,14,0,0,0,0,0,8,14,1.75,0,137,70,667,9.53,1,3,2,1,,,70,140.1,145.1,105.1,,54,
149,Quincy Carter\CartQu00,DAL,QB,24,8,8,90,176,1072,5,7,45,150,3.33,1,0,0,0,,0,5,1,1,,,68,67.9,81.9,74.9,,32,
150,Shawn Jefferson\JeffSh00,ATL,WR,32,16,6,0,0,0,0,0,0,0,,0,65,37,539,14.57,2,0,,2,1,,68,104.9,107.9,86.4,,56,
151,Terance Mathis\MathTe00,ATL,WR,34,16,16,0,0,0,0,0,0,0,,0,105,51,564,11.06,2,0,,2,,,68,119.4,122.4,93.9,,55,
152,Tyrone Wheatley\WheaTy00,OAK,RB,29,11,2,0,0,0,0,0,88,276,3.14,5,16,12,61,5.08,1,3,1,6,,,68,79.7,83.7,73.7,,51,
153,Amos Zereoue\ZereAm00,PIT,RB,25,14,0,0,0,0,0,0,85,441,5.19,1,14,13,154,11.85,1,3,2,2,,,68,80.5,88.5,74.0,,52,
154,Derrick Alexander\AlexDe00,KAN,WR,30,13,11,0,0,0,0,0,2,16,8.00,0,68,27,470,17.41,3,0,,3,,,67,93.6,96.6,80.1,,58,
155,Brian Finneran\FinnBr00,ATL,WR,25,16,1,0,0,0,0,0,0,0,,0,41,23,491,21.35,3,0,,3,,,67,90.1,93.1,78.6,,57,
156,David Terrell\TerrDa00,CHI,WR,22,16,6,0,0,0,0,0,0,0,,0,63,34,415,12.21,4,0,,4,,,66,99.5,102.5,82.5,,59,
157,Corey Bradford\BradCo00,GNB,WR,26,16,6,0,0,0,0,0,0,0,,0,58,31,526,16.97,2,1,,2,,,65,95.6,98.6,80.1,,60,
158,Trent Dilfer\DilfTr00,SEA,QB,29,6,4,73,122,1014,7,4,11,17,1.55,0,1,1,-5,-5.00,0,3,,0,,1,64,64.8,71.8,68.3,,33,
159,Elvis Joseph\JoseEl00,JAX,RB,23,14,3,0,0,0,0,0,68,294,4.32,0,24,18,183,10.17,2,2,1,3,,,64,81.7,88.7,72.7,,53,
160,Freddie Jones\JoneFr00,SDG,TE,27,14,9,0,0,0,0,0,0,0,,0,60,35,388,11.09,4,0,,4,,,63,97.8,100.8,80.3,,13,
161,Muhsin Muhammad\MuhaMu00,CAR,WR,28,11,11,0,0,0,0,0,0,0,,0,93,50,585,11.70,1,2,1,1,,,63,112.5,116.5,87.5,,61,
162,Anthony Becht\BechAn00,NYJ,TE,24,16,15,0,0,0,0,0,0,0,,0,53,36,321,8.92,5,0,,5,,,62,98.1,101.1,80.1,,14,
163,Todd Bouman\BoumTo00,MIN,QB,29,5,3,51,89,795,8,4,9,61,6.78,0,0,0,0,,0,1,,0,,,62,61.9,68.9,65.9,,34,
164,Az-Zahir Hakim\HakiAz00,STL,WR,24,16,1,1,1,51,1,0,11,50,4.55,0,53,39,374,9.59,3,8,2,3,,,62,101.4,106.4,81.9,,62,
165,Koren Robinson\RobiKo00,SEA,WR,21,16,13,0,0,0,0,0,4,13,3.25,0,78,39,536,13.74,1,2,,1,,,61,99.9,102.9,80.4,,63,
166,Eddie Kennison\KennEd00,2TM,WR,28,13,7,0,0,0,0,0,5,22,4.40,0,50,31,491,15.84,1,1,,1,1,,59,90.3,93.3,74.8,,64,
167,Michael Vick\VickMi00,ATL,QB,21,8,2,50,113,785,2,3,31,289,9.32,1,0,0,0,,0,6,5,1,,,58,58.3,72.3,61.3,,35,
168,Snoop Minnis\MinnMa00,KAN,WR,24,13,11,0,0,0,0,0,0,0,,0,67,33,511,15.48,1,0,,1,,,57,90.1,93.1,73.6,,65,
169,Dwayne Carswell*\CarsDw00,DEN,TE,29,16,16,0,0,0,0,0,0,0,,0,56,34,299,8.79,4,0,,4,1,,56,89.9,92.9,72.9,,15,
170,Quincy Morgan\MorgQu00,CLE,WR,24,16,9,0,0,0,0,0,2,27,13.50,0,72,30,432,14.40,2,3,1,2,,,56,85.9,89.9,70.9,,66,
171,Isaac Byrd\ByrdIs00,CAR,WR,27,15,5,0,0,0,0,0,1,-2,-2.00,0,71,37,492,13.30,1,0,,1,,,55,92.0,95.0,73.5,,68,
172,Ki-Jana Carter\CartKi00,WAS,RB,28,14,0,0,0,0,0,0,63,308,4.89,3,21,13,83,6.38,0,1,1,3,,,55,68.1,72.1,61.6,,54,
173,Tim Dwight\DwigTi00,SDG,WR,26,10,2,0,0,0,0,0,2,24,12.00,1,50,25,406,16.24,0,1,,2,,,55,80.0,83.0,67.5,,67,
174,Eric Johnson\JohnEr00,SFO,TE,22,16,14,0,0,0,0,0,0,0,,0,64,40,362,9.05,3,1,1,3,1,,54,94.2,98.2,74.2,,16,
175,Kevin Faulk\FaulKe00,NWE,RB,25,15,1,1,1,23,0,0,41,169,4.12,1,36,30,189,6.30,2,2,1,3,,,53,82.7,89.7,67.7,,55,
176,Dave Moore\MoorDa00,TAM,TE,32,16,16,0,0,0,0,0,0,0,,0,53,35,285,8.14,4,0,,4,,,53,87.5,90.5,70.0,,17,
177,Shawn Bryson\BrysSh00,BUF,RB,25,15,3,0,0,0,0,0,80,341,4.26,2,11,9,59,6.56,0,0,,2,,,52,61.0,64.0,56.5,,56,
178,Kyle Brady\BradKy00,JAX,TE,29,16,16,0,0,0,0,0,0,0,,0,63,36,386,10.72,2,0,,2,,,51,86.6,89.6,68.6,,18,
179,Mike McMahon\McMaMi00,DET,QB,22,8,3,53,115,671,3,1,27,145,5.37,1,0,0,0,,0,5,4,1,1,,51,51.3,62.3,52.3,,36,
180,Bobby Shaw\ShawBo00,PIT,WR,26,16,0,0,0,0,0,0,0,0,,0,44,24,409,17.04,2,1,1,2,,,51,74.9,78.9,62.9,,69,
181,Zack Crockett\CrocZa00,OAK,RB,29,16,0,0,0,0,0,0,57,145,2.54,6,3,2,10,5.00,0,1,1,6,,,50,51.5,55.5,50.5,,57,
182,Alge Crumpler\CrumAl00,ATL,TE,24,16,12,0,0,0,0,0,0,0,,0,41,25,330,13.20,3,1,1,3,,,49,74.0,78.0,61.5,,19,
183,Ricky Watters\WattRi00,SEA,RB,32,5,4,0,0,0,0,0,72,318,4.42,1,22,11,107,9.73,0,1,,1,,,49,59.5,65.5,54.0,,58,
184,Moe Williams\WillMo00,BAL,RB,27,15,2,0,0,0,0,0,65,291,4.48,0,35,23,210,9.13,0,1,1,0,,,48,71.1,78.1,59.6,,59,
185,Roland Williams\WillRo01,OAK,TE,26,16,15,0,0,0,0,0,0,0,,0,53,33,298,9.03,3,0,,3,,,48,80.8,83.8,64.3,,20,
186,Brandon Stokley\StokBr00,BAL,WR,25,16,5,0,0,0,0,0,1,1,1.00,0,46,24,344,14.33,2,1,,2,,,47,70.5,73.5,58.5,,70,
187,Jacquez Green\GreeJa00,TAM,WR,25,12,10,0,0,0,0,0,0,0,,0,59,36,402,11.17,1,0,,1,,,46,82.2,85.2,64.2,,71,
188,LaMont Jordan\JordLa00,NYJ,RB,23,16,0,0,1,0,0,0,39,292,7.49,1,10,7,44,6.29,1,0,,2,,,46,52.6,55.6,49.1,,60,
189,Richie Anderson\AndeRi00,NYJ,RB,30,16,15,0,0,0,0,0,26,102,3.92,0,57,40,252,6.30,2,1,1,2,,,45,85.4,92.4,65.4,,61,
190,Ken Dilger*\DilgKe00,IND,TE,30,16,16,1,1,39,1,0,0,0,,0,54,32,343,10.72,1,2,2,1,1,,44,75.9,80.9,59.9,,21,
191,Jerome Pathon\PathJe00,IND,WR,26,4,3,0,0,0,0,0,1,-8,-8.00,0,32,24,330,13.75,2,0,,2,,,44,68.2,71.2,56.2,,72,
192,Randall Cunningham\CunnRa00,BAL,QB,38,6,2,54,89,573,3,2,14,40,2.86,1,0,0,0,,0,4,,1,,1,43,42.9,47.9,44.9,,37,
193,Marc Edwards\EdwaMa00,NWE,RB,27,16,13,0,0,0,0,0,51,141,2.76,1,39,25,166,6.64,2,3,3,3,,,43,67.7,76.7,55.2,,62,
194,Dez White\WhitDe00,CHI,WR,22,14,6,0,0,0,0,0,0,0,,0,82,45,428,9.51,0,0,,0,,,43,87.8,90.8,65.3,,73,
195,Germane Crowell\CrowGe00,DET,WR,25,5,4,0,0,0,0,0,1,6,6.00,0,38,22,289,13.14,2,1,,2,,,42,63.5,66.5,52.5,,74,
196,Skip Hicks\HickSk00,TEN,RB,27,9,0,0,0,0,0,0,56,341,6.09,1,6,5,22,4.40,0,0,,1,,,42,47.3,50.3,44.8,,63,
197,Deuce McAllister\McAlDe00,NOR,RB,23,16,4,1,2,12,1,0,16,91,5.69,1,20,15,166,11.07,1,1,,2,,,42,57.2,60.2,49.7,,64,
198,Drew Bennett\BennDr00,TEN,WR,23,14,1,0,0,0,0,0,0,0,,0,46,24,329,13.71,1,0,,1,1,,41,64.9,67.9,52.9,,76,
199,Troy Edwards\EdwaTr00,PIT,WR,24,16,0,0,0,0,0,0,5,28,5.60,1,35,19,283,14.89,0,1,1,2,,,41,60.1,64.1,50.6,,75,
200,Tai Streets\StreTa00,SFO,WR,24,16,3,0,0,0,0,0,0,0,,0,52,28,345,12.32,1,0,,1,,,41,68.5,71.5,54.5,,77,
201,Jamal Anderson\AndeJa00,ATL,RB,29,3,3,0,0,0,0,0,55,190,3.45,1,4,3,111,37.00,1,1,1,2,,,40,43.1,50.1,41.6,,65,
202,Bobby Engram\EngrBo00,SEA,WR,28,16,4,0,0,0,0,0,0,0,,0,51,29,400,13.79,0,0,,0,,,40,69.0,72.0,54.5,,78,
203,Obafemi Ayanbadejo\AyanOb00,BAL,RB,26,16,5,0,0,0,0,0,46,173,3.76,1,33,24,121,5.04,1,1,1,2,,,39,63.4,70.4,51.4,,66,
204,Tim Biakabutuka\BiakTi00,CAR,RB,27,5,4,0,0,0,0,0,53,230,4.34,1,17,12,121,10.08,0,3,1,1,,,39,51.1,58.1,45.1,,67,
205,Doug Chapman\ChapDo00,MIN,RB,24,16,3,0,0,0,0,0,63,195,3.10,0,19,16,135,8.44,1,1,,1,,,39,55.0,61.0,47.0,,68,
206,Ron Dugans\DugaRo00,CIN,WR,24,16,3,0,0,0,0,0,0,0,,0,45,28,251,8.96,2,0,,2,1,,39,67.1,70.1,53.1,,79,
207,Terry Jackson\JackTe00,SFO,RB,25,16,1,0,0,0,0,0,22,138,6.27,1,14,12,91,7.58,2,1,1,3,,,39,50.9,54.9,44.9,,69,
208,Chad Johnson\JohnCh01,CIN,WR,23,12,3,0,0,0,0,0,0,0,,0,60,28,329,11.75,1,0,,1,,,39,66.9,69.9,52.9,,82,
209,Jake Reed\ReedJa00,MIN,WR,34,16,0,0,0,0,0,0,0,0,,0,53,27,309,11.44,1,0,,1,1,,39,65.9,68.9,52.4,,81,
210,Marcus Robinson\RobiMa00,CHI,WR,26,5,4,0,0,0,0,0,0,0,,0,42,23,269,11.70,2,0,,2,,,39,61.9,64.9,50.4,,80,
211,Michael Wiley\WileMi00,DAL,RB,23,16,0,0,0,0,0,0,34,247,7.26,0,27,16,99,6.19,1,1,1,1,,,39,54.6,58.6,46.6,,70,
212,Brandon Bennett\BennBr00,CIN,RB,28,16,1,0,0,0,0,0,50,232,4.64,0,26,20,150,7.50,0,1,,0,,,38,58.2,64.2,48.2,,72,
213,Dorsey Levens\LeveDo00,GNB,RB,31,15,1,0,0,0,0,0,44,165,3.75,0,35,24,159,6.63,1,0,,1,,,38,62.4,68.4,50.4,,71,
214,Boo Williams\WillBo00,NOR,TE,22,11,4,0,0,0,0,0,0,0,,0,42,20,202,10.10,3,0,,3,,,38,58.2,61.2,48.2,,22,
215,Jermaine Wiggins\WiggJe00,NWE,TE,26,16,6,0,0,0,0,0,0,0,,0,21,14,133,9.50,4,0,,4,,,37,51.3,54.3,44.3,,23,
216,Terrence Wilkins\WilkTe00,IND,WR,26,11,4,0,0,0,0,0,0,0,,0,56,34,332,9.76,0,1,1,1,,,37,71.2,75.2,54.2,,83,
217,Cam Cleeland\CleeCa00,NOR,TE,26,9,7,0,0,0,0,0,0,0,,0,22,13,138,10.62,4,1,1,4,,,36,48.8,52.8,42.3,,24,
218,Reggie Wayne\WaynRe00,IND,WR,23,13,9,0,0,0,0,0,0,0,,0,49,27,345,12.78,0,0,,0,,,35,61.5,64.5,48.0,,84,
219,JaJuan Dawson\DawsJa00,CLE,WR,24,14,0,0,0,0,0,0,0,0,,0,34,22,281,12.77,1,0,,1,,,34,56.1,59.1,45.1,,85,
220,Shane Matthews\MattSh00,CHI,QB,31,4,3,84,129,694,5,6,4,5,1.25,0,0,0,0,,0,4,1,0,,,34,34.3,44.3,40.3,,38,
221,Freddie Mitchell\MitcFr00,PHI,WR,23,15,1,0,1,0,0,0,2,-4,-2.00,0,43,21,283,13.48,1,0,,1,,,34,54.9,57.9,44.4,,86,
222,Greg Comella\ComeGr00,NYG,RB,26,16,13,0,0,0,0,0,4,15,3.75,0,55,39,253,6.49,1,2,,1,,,33,71.8,74.8,52.3,,73,
223,Donald Driver\DrivDo00,GNB,WR,26,13,2,0,0,0,0,0,3,38,12.67,1,19,13,167,12.85,1,0,,2,,,33,45.5,48.5,39.0,,88,
224,Brian Kozlowski\KozlBr00,ATL,TE,31,16,0,0,0,0,0,0,0,0,,0,22,15,270,18.00,1,0,,1,,,33,48.0,51.0,40.5,,25,
225,Kevin Lockett\LockKe00,WAS,WR,27,16,0,1,1,31,1,0,0,0,,0,41,22,293,13.32,0,1,1,0,,,33,54.5,58.5,43.5,,87,
226,Larry Parker\ParkLa00,KAN,WR,25,12,4,0,0,0,0,0,3,6,2.00,0,39,15,199,13.27,2,0,,2,,,33,47.5,50.5,40.0,,89,
227,Anthony Wright\WrigAn00,DAL,QB,25,4,3,48,98,529,5,5,17,57,3.35,0,0,0,0,,0,4,2,0,,,33,32.9,42.9,37.9,,39,
228,Albert Connell\ConnAl00,NOR,WR,27,11,1,0,0,0,0,0,1,6,6.00,0,28,12,191,15.92,2,0,,2,,,32,43.7,46.7,37.7,,90,
229,Zeron Flemister\FlemZe00,WAS,TE,25,16,1,0,0,0,0,0,0,0,,0,29,18,196,10.89,2,0,,2,,,32,49.6,52.6,40.6,,27,
230,Olandis Gary\GaryOl00,DEN,RB,26,9,1,0,0,0,0,0,57,228,4.00,1,5,4,29,7.25,0,0,,1,,,32,35.7,38.7,33.7,,74,
231,Erron Kinney\KinnEr00,TEN,TE,24,13,12,0,0,0,0,0,0,0,,0,42,25,263,10.52,1,0,,1,,,32,57.3,60.3,44.8,,26,
232,Tywan Mitchell\MitcTy00,ARI,WR,26,16,4,0,0,0,0,0,0,0,,0,40,25,196,7.84,2,0,,2,,,32,56.6,59.6,44.1,,91,
233,Jed Weaver\WeavJe00,MIA,TE,25,16,7,0,0,0,0,0,0,0,,0,25,18,215,11.94,2,1,1,2,,,32,49.5,53.5,40.5,,28,
234,Mikhael Ricks\RickMi00,KAN,TE,27,16,0,0,0,0,0,0,0,0,,0,30,18,252,14.00,1,0,,1,,,31,49.2,52.2,40.2,,29,
235,Chris Thomas\ThomCh00,KAN,WR,30,10,5,0,0,0,0,0,0,0,,0,38,19,247,13.00,1,0,,1,,,31,49.7,52.7,40.2,,92,
236,Steve Smith*+\SmitSt01,CAR,WR,22,15,1,0,0,0,0,0,4,43,10.75,0,20,10,154,15.40,0,8,4,3,,,30,39.7,46.7,34.7,,93,
237,Ty Detmer\DetmTy00,DET,QB,34,4,4,92,151,906,3,10,9,26,2.89,0,0,0,0,,0,3,1,0,,,29,28.8,42.8,38.8,,41,
238,Danny Farmer\FarmDa00,CIN,WR,24,12,1,0,0,0,0,0,0,0,,0,23,15,228,15.20,1,1,,1,,,29,43.8,46.8,36.3,,95,
239,Larry Foster\FostLa00,DET,WR,25,13,5,0,0,0,0,0,2,6,3.00,0,47,22,283,12.86,0,1,,0,,,29,50.9,53.9,39.9,,94,
240,Gus Frerotte\FrerGu00,DEN,QB,30,4,1,30,48,308,3,0,10,9,0.90,1,0,0,0,,0,2,1,1,,,29,29.2,33.2,29.2,,40,
241,Aaron Stecker\StecAa00,TAM,RB,26,13,0,0,0,0,0,0,24,72,3.00,1,13,10,101,10.10,1,0,,2,,,29,39.3,42.3,34.3,,75,
242,Patrick Hape\HapePa00,DEN,TE,27,15,8,0,0,0,0,0,2,0,0.00,0,19,15,96,6.40,3,0,,3,,,28,42.6,42.6,35.1,,30,
243,Jim Kleinsasser\KleiJi00,MIN,TE,24,11,11,0,0,0,0,0,23,72,3.13,1,28,24,184,7.67,0,2,2,1,,,28,51.6,56.6,39.6,,31,
244,Robert Wilson\WilsRo01,NOR,WR,27,15,1,0,0,0,0,0,0,0,,0,38,21,277,13.19,0,0,,0,,,28,48.7,51.7,38.2,,96,
245,Scotty Anderson\AndeSc00,DET,WR,22,9,4,0,0,0,0,0,0,0,,0,34,12,211,17.58,1,0,,1,,,27,39.1,42.1,33.1,,98,
246,Fred Baxter\BaxtFr00,CHI,TE,30,14,14,0,0,0,0,0,0,0,,0,44,22,148,6.73,2,0,,2,,,27,48.8,51.8,37.8,,33,
247,Terrell Fletcher\FletTe00,SDG,RB,28,13,0,0,0,0,0,0,29,107,3.69,0,29,23,184,8.00,0,1,1,0,,,27,50.1,57.1,38.6,,77,
248,Cecil Martin\MartCe00,PHI,RB,26,16,15,0,0,0,0,0,9,27,3.00,0,34,24,124,5.17,2,0,,2,,,27,51.1,54.1,39.1,,78,
249,Neil O'Donnell\ODonNe00,TEN,QB,35,5,1,42,76,496,2,2,6,28,4.67,0,0,0,0,,0,1,,0,,,27,26.6,31.6,28.6,,42,
250,Jon Ritchie\RitcJo00,OAK,RB,27,15,10,0,0,0,0,0,0,0,,0,27,19,154,8.11,2,0,,2,,,27,46.4,49.4,36.9,,76,
251,O.J. Santiago\SantO.00,CLE,TE,27,14,12,0,0,0,0,0,0,0,,0,27,17,153,9.00,2,0,,2,,,27,44.3,47.3,35.8,,32,
252,James Williams\WillJa01,SEA,WR,23,6,2,0,0,0,0,0,0,0,,0,17,12,212,17.67,1,1,,1,,,27,39.2,42.2,33.2,,97,
253,Terry Glenn\GlenTe00,NWE,WR,27,4,1,0,0,0,0,0,0,0,,0,24,14,204,14.57,1,0,,1,,,26,40.4,43.4,33.4,,99,
254,Jackie Harris\HarrJa00,DAL,TE,33,13,12,0,0,0,0,0,0,0,,0,25,15,141,9.40,2,0,,2,,,26,41.1,44.1,33.6,,34,
255,Bert Emanuel\EmanBe00,2TM,WR,31,8,5,0,0,0,0,0,0,0,,0,45,21,246,11.71,0,0,,0,,,25,45.6,48.6,35.1,,100,
256,Christian Fauria\FaurCh00,SEA,TE,30,16,11,0,0,0,0,0,0,0,,0,40,21,188,8.95,1,2,1,1,1,,25,45.8,49.8,35.3,,36,
257,Todd Heap\HeapTo00,BAL,TE,21,12,6,0,0,0,0,0,0,0,,0,23,16,206,12.88,1,1,1,1,,,25,40.6,44.6,32.6,,37,
258,Walter Rasby\RasbWa00,WAS,TE,29,16,11,0,0,0,0,0,0,0,,0,27,10,128,12.80,2,0,,2,,,25,34.8,37.8,29.8,,35,
259,J.R. Redmond\RedmJ.00,NWE,RB,24,12,0,0,0,0,0,0,35,119,3.40,0,21,13,132,10.15,0,0,,0,,,25,38.1,44.1,31.6,,79,
260,Nick Goings\GoinNi00,CAR,RB,23,13,2,0,0,0,0,0,66,197,2.98,0,9,8,39,4.88,0,1,,0,,,24,31.6,34.6,27.6,,80,
261,Brad Hoover\HoovBr00,CAR,RB,25,16,7,0,0,0,0,0,17,71,4.18,0,47,26,185,7.12,0,1,1,0,,,24,49.6,53.6,36.6,,81,
262,Darrin Chiaverini\ChiaDa00,DAL,WR,24,16,0,0,0,0,0,0,1,3,3.00,0,32,10,107,10.70,2,0,,2,,,23,33.0,36.0,28.0,,103,
263,Sean Dawkins\DawkSe00,JAX,WR,30,16,3,0,0,0,0,0,0,0,,0,49,20,234,11.70,0,1,,0,,,23,43.4,46.4,33.4,,101,
264,Trevor Insley\InslTr00,IND,WR,24,11,0,0,0,0,0,0,0,0,,0,21,14,165,11.79,1,0,,1,,,23,36.5,39.5,29.5,,105,
265,Jerry Porter\PortJe00,OAK,WR,23,15,1,0,0,0,0,0,2,13,6.50,0,37,19,220,11.58,0,0,,0,,,23,42.3,45.3,32.8,,102,
266,Dedric Ward\WardDe00,MIA,WR,27,13,1,0,0,0,0,0,2,21,10.50,0,40,21,209,9.95,0,1,,0,,,23,44.0,47.0,33.5,,104,
267,D'Wayne Bates\BateDW00,CHI,WR,26,11,1,0,0,0,0,0,0,0,,0,14,9,160,17.78,1,0,,1,,,22,31.0,34.0,26.5,,106,
268,Drew Bledsoe\BledDr00,NWE,QB,29,2,2,40,66,400,2,2,5,18,3.60,0,0,0,0,,0,1,,0,,,22,21.8,26.8,23.8,,43,
269,Trevor Gaylor\GaylTr00,SDG,WR,24,7,3,0,0,0,0,0,0,0,,0,34,14,217,15.50,0,0,,0,,,22,35.7,38.7,28.7,,107,
270,Mike Green\GreeMi00,TEN,RB,25,16,1,0,2,0,0,2,15,71,4.73,1,13,12,64,5.33,1,1,,2,,,22,33.5,35.5,29.5,,82,
271,Itula Mili\MiliIt00,SEA,TE,28,16,5,0,0,0,0,0,0,0,,0,12,8,98,12.25,2,0,,2,,,22,29.8,29.8,25.8,,38,
272,Dennis Northcutt\NortDe00,CLE,WR,24,11,7,0,0,0,0,0,3,26,8.67,0,35,18,211,11.72,0,3,1,0,,,22,39.7,43.7,30.7,,108,
273,Fred Beasley\BeasFr00,SFO,RB,27,15,12,0,0,0,0,0,23,73,3.17,1,28,16,99,6.19,0,1,1,1,,,21,37.2,38.2,29.2,,83,
274,Dan Campbell\CampDa00,NYG,TE,25,16,12,0,0,0,0,0,0,0,,0,25,13,148,11.38,1,0,,1,,,21,33.8,36.8,27.3,,41,
275,Kris Mangum\MangKr00,CAR,TE,28,16,10,0,0,0,0,0,0,0,,0,27,15,89,5.93,2,0,,2,,,21,35.9,35.9,28.4,,39,
276,Tony McGee\McGeTo00,CIN,TE,30,11,9,0,0,0,0,0,0,0,,0,30,14,148,10.57,1,0,,1,,,21,34.8,37.8,27.8,,40,
277,Harold Morrow\MorrHa00,MIN,RB,28,16,2,0,0,0,0,0,12,67,5.58,0,18,13,142,10.92,0,1,,0,,,21,33.9,36.9,27.4,,84,
278,Dameane Douglas\DougDa00,PHI,WR,25,16,0,0,0,0,0,0,0,0,,0,8,5,77,15.40,2,0,,2,,,20,24.7,24.7,22.2,,111,
279,Reggie Germany\GermRe00,BUF,WR,23,16,1,0,0,0,0,0,0,0,,0,21,12,203,16.92,0,0,,0,,,20,32.3,35.3,26.3,,110,
280,Terry Hardy\HardTe00,ARI,TE,25,8,6,0,0,0,0,0,0,0,,0,22,11,79,7.18,2,1,,2,,,20,30.9,30.9,25.4,,43,
281,William Henderson\HendWi00,GNB,RB,30,16,8,0,0,0,0,0,6,11,1.83,0,28,21,193,9.19,0,0,,0,,,20,41.4,44.4,30.9,,85,
282,David Martin\MartDa00,GNB,TE,22,14,1,0,0,0,0,0,0,0,,0,20,13,144,11.08,1,0,,1,,,20,33.4,36.4,26.9,,42,
283,Mack Strong\StroMa00,SEA,RB,30,16,13,0,0,0,0,0,17,55,3.24,0,29,17,141,8.29,0,0,,0,,,20,36.6,39.6,28.1,,86,
284,Kevin Swayne\SwayKe00,NYJ,WR,26,15,2,0,0,0,0,0,0,0,,0,36,13,203,15.62,0,0,,0,,,20,33.3,36.3,26.8,,109,
285,T.J. Houshmandzadeh\HousTJ00,CIN,WR,24,12,1,0,0,0,0,0,0,0,,0,42,21,228,10.86,0,3,2,0,,,19,39.8,44.8,29.3,,112,
286,Rob Konrad\KonrRo00,MIA,RB,25,12,9,0,0,0,0,0,5,22,4.40,1,13,5,52,10.40,1,0,,2,,,19,24.4,24.4,21.9,,87,
287,Jonathan Quinn\QuinJo00,JAX,QB,26,6,1,32,61,361,1,1,8,42,5.25,0,0,0,0,,0,4,1,0,,,19,18.6,23.6,19.6,,44,
288,Mike Sellers\SellMi00,CLE,TE,26,9,7,0,0,0,0,0,0,0,,0,13,7,73,10.43,2,0,,2,,,19,26.3,26.3,22.8,,44,
289,Reidel Anthony\AnthRe00,TAM,WR,25,13,4,0,0,0,0,0,3,22,7.33,0,34,13,162,12.46,0,1,,0,,,18,31.4,34.4,24.9,,113,
290,Damon Jones\JoneDa00,JAX,TE,27,7,4,0,0,0,0,0,0,0,,0,13,8,140,17.50,1,1,1,1,,,18,26.0,30.0,22.0,,45,
291,Donnell Bennett\BennDo00,WAS,RB,29,16,14,0,0,0,0,0,10,39,3.90,0,25,15,112,7.47,0,1,,0,1,,17,32.1,35.1,24.6,,88,
292,Charles Johnson\JohnCh00,NWE,WR,29,14,2,0,0,0,0,0,0,0,,0,24,14,111,7.93,1,0,,1,,,17,31.1,34.1,24.1,,114,
293,Lorenzo Neal\NealLo00,CIN,RB,31,16,10,0,0,0,0,0,5,10,2.00,0,27,19,101,5.32,1,0,,1,,,17,36.1,39.1,26.6,,89,
294,Jeff Robinson\RobiJe00,STL,TE,31,16,6,0,0,0,0,0,0,0,,0,13,11,108,9.82,1,0,,1,,,17,27.8,30.8,22.3,,46,
295,Mike Lucky\LuckMi00,DAL,TE,26,16,5,0,0,0,0,0,0,0,,0,21,13,96,7.38,1,0,,1,,,16,28.6,28.6,22.1,,48,
296,Terrelle Smith\SmitTe00,NOR,RB,23,14,9,0,0,0,0,0,5,8,1.60,0,8,4,30,7.50,2,1,,2,,,16,19.8,19.8,17.8,,90,
297,Jerame Tuman\TumaJe00,PIT,TE,25,16,7,0,0,0,0,0,0,0,,0,19,7,96,13.71,1,0,,1,,,16,22.6,22.6,19.1,,47,
298,Drew Brees\BreeDr00,SDG,QB,22,1,0,15,27,221,1,0,2,18,9.00,0,0,0,0,,0,2,,0,,,15,14.6,14.6,14.6,,46,
299,Jeremy Brigham\BrigJe00,OAK,TE,26,14,3,0,0,0,0,0,0,0,,0,17,12,85,7.08,1,0,,1,,,15,26.5,26.5,20.5,,49,
300,Reuben Droughns\DrouRe00,DET,RB,23,9,3,0,0,0,0,0,30,72,2.40,0,5,4,21,5.25,1,0,,1,,,15,19.3,19.3,17.3,,92,
301,Terry Kirby\KirbTe00,OAK,RB,31,11,0,0,0,0,0,0,10,49,4.90,0,9,9,62,6.89,0,1,1,1,,,15,24.1,25.1,19.6,,94,
302,Tommy Maddox\MaddTo00,PIT,QB,30,3,0,7,9,154,1,1,6,9,1.50,1,0,0,0,,0,1,,1,,,15,15.1,16.1,16.1,,45,
303,Joel Makovicka\MakoJo00,ARI,RB,26,16,14,0,0,0,0,0,1,19,19.00,0,28,16,95,5.94,1,1,1,1,,,15,31.4,32.4,23.4,,91,
304,Ed McCaffrey\McCaEd00,DEN,WR,33,1,1,0,0,0,0,0,0,0,,0,7,6,94,15.67,1,0,,1,,,15,21.4,21.4,18.4,,115,
305,Rodney Thomas\ThomRo00,ATL,RB,28,12,0,0,0,0,0,0,37,126,3.41,0,3,2,26,13.00,0,0,,0,,,15,17.2,20.2,16.2,,93,
306,R.J. Bowers\BoweRJ00,PIT,RB,27,3,0,0,0,0,0,0,18,84,4.67,1,1,1,0,0.00,0,0,,1,,,14,15.4,15.4,14.9,,95,
307,Sam Gash\GashSa00,BAL,RB,32,16,4,0,0,0,0,0,2,-1,-0.50,0,14,9,80,8.89,1,0,,1,,,14,22.9,22.9,18.4,,97,
308,Chris Hetherington\HethCh00,CAR,RB,29,16,1,0,0,0,0,0,5,12,2.40,0,35,23,124,5.39,0,0,,0,,,14,36.6,39.6,25.1,,98,
309,Reggie Kelly\KellRe00,ATL,TE,24,14,13,0,0,0,0,0,0,0,,0,29,16,142,8.88,0,0,,0,,,14,30.2,33.2,22.2,,50,
310,Travis Prentice\PrenTr00,MIN,RB,25,14,0,0,0,0,0,0,14,13,0.93,2,1,1,10,10.00,0,1,,2,,,14,15.3,15.3,14.8,,96,
311,Marco Battaglia\BattMa00,2TM,TE,28,11,1,0,0,0,0,0,0,0,,0,24,14,127,9.07,0,1,,0,,,13,26.7,29.7,19.7,,52,
312,Kent Graham\GrahKe00,WAS,QB,33,3,0,13,19,131,2,0,7,-7,-1.00,0,0,0,0,,0,2,,0,,,13,12.5,12.5,12.5,,48,
313,Patrick Jeffers\JeffPa00,CAR,WR,28,9,0,0,0,0,0,0,0,0,,0,33,14,127,9.07,0,0,,0,,,13,26.7,29.7,19.7,,120,
314,Bryan Johnson\JohnBr01,WAS,RB,23,16,1,0,0,0,0,0,0,0,,0,11,9,129,14.33,0,0,,0,,,13,21.9,24.9,17.4,,100,
315,Andre King\KingAn00,CLE,WR,28,7,0,0,0,0,0,0,0,0,,0,17,11,149,13.55,0,1,1,0,,,13,23.9,27.9,18.4,,118,
316,Ryan Leaf\LeafRy00,DAL,QB,25,4,3,45,88,494,1,3,4,-7,-1.75,0,0,0,0,,0,4,2,0,,,13,13.1,21.1,16.1,,47,
317,Jeremy McDaniel\McDaJe00,BUF,WR,25,7,0,0,0,0,0,0,0,0,,0,14,11,129,11.73,0,0,,0,,,13,23.9,26.9,18.4,,119,
318,Rondell Mealey\MealRo00,GNB,RB,24,11,0,0,0,0,0,0,11,37,3.36,0,2,2,31,15.50,0,0,,1,,,13,14.8,14.8,13.8,,101,
319,Frank Murphy\MurpFr00,TAM,WR,24,11,0,0,0,0,0,0,0,0,,0,17,8,71,8.88,1,2,,1,,,13,21.1,21.1,17.1,,117,
320,Jeff Ogden\OgdeJe00,MIA,WR,26,16,0,0,0,0,0,0,0,0,,0,8,6,73,12.17,1,3,,1,,,13,19.3,19.3,16.3,,116,
321,Patrick Pass\PassPa00,NWE,RB,24,16,0,0,0,0,0,0,1,7,7.00,0,10,6,66,11.00,1,0,,1,,,13,19.3,19.3,16.3,,99,
322,Marcellus Rivers\RiveMa00,NYG,TE,23,16,0,0,0,0,0,0,0,0,,0,5,3,11,3.67,2,0,,2,,,13,16.1,16.1,14.6,,51,
323,Justin Swift\SwifJu00,SFO,TE,26,16,2,0,0,0,0,0,0,0,,0,11,11,66,6.00,1,0,,1,,,13,23.6,23.6,18.1,,53,
324,Rickey Dudley\DudlRi00,CLE,TE,29,4,4,0,0,0,0,0,0,0,,0,16,9,115,12.78,0,0,,0,,,12,20.5,23.5,16.0,,54,
325,A.J. Feeley\FeelA.00,PHI,QB,24,1,0,10,14,143,2,1,0,0,,0,0,0,0,,0,0,,0,,,12,11.7,12.7,12.7,,49,
326,Steve Heiden\HeidSt00,SDG,TE,25,16,10,0,0,0,0,0,0,0,,0,13,8,55,6.88,1,0,,1,,,12,19.5,19.5,15.5,,55,
327,Randy Jordan\JordRa00,OAK,RB,31,16,0,0,0,0,0,0,13,59,4.54,0,15,9,63,7.00,0,0,,0,,,12,21.2,21.2,16.7,,102,
328,Daimon Shelton\ShelDa00,CHI,RB,29,16,9,0,0,0,0,0,0,0,,0,18,12,76,6.33,1,2,1,1,,,12,23.6,24.6,17.6,,104,
329,Robert Thomas\ThomRo02,DAL,RB,27,5,5,0,0,0,0,0,6,40,6.67,0,10,5,19,3.80,1,0,,1,,,12,16.9,16.9,14.4,,103,
330,Mike Cloud\ClouMi00,KAN,RB,26,15,0,0,0,0,0,0,7,54,7.71,1,0,0,0,,0,0,,1,,,11,11.4,11.4,11.4,,105,
331,Jason Dunn\DunnJa00,KAN,TE,28,15,6,0,0,0,0,0,0,0,,0,13,4,54,13.50,1,0,,1,,,11,15.4,15.4,13.4,,56,
332,Tony Stewart\StewTo00,PHI,TE,22,3,1,0,0,0,0,0,0,0,,0,8,5,52,10.40,1,0,,1,,,11,16.2,16.2,13.7,,57,
333,Fred Taylor\TaylFr00,JAX,RB,25,2,2,0,0,0,0,0,30,116,3.87,0,3,2,13,6.50,0,1,1,0,,,11,12.9,16.9,11.9,,106,
334,Derrius Thompson\ThomDe00,WAS,WR,24,16,0,0,0,0,0,0,0,0,,0,6,3,52,17.33,1,0,,1,,,11,14.2,14.2,12.7,,121,
335,Spergon Wynn\WynnSp00,MIN,QB,23,3,2,48,98,418,1,6,8,61,7.63,0,0,0,0,,0,3,2,0,,,11,10.8,21.8,16.8,,50,
336,Na Brown\BrowNa00,PHI,WR,24,16,2,0,0,0,0,0,0,0,,0,17,7,95,13.57,0,0,,0,,,10,16.5,16.5,13.0,,126,
337,Mark Bruener\BrueMa00,PIT,TE,29,9,9,0,0,0,0,0,0,0,,0,19,12,98,8.17,0,0,,0,,,10,21.8,21.8,15.8,,58,
338,Robert Holcombe\HolcRo00,STL,RB,26,16,0,0,0,0,0,0,13,42,3.23,1,1,1,14,14.00,0,1,1,1,,,10,10.6,11.6,10.1,,107,
339,Brock Huard\HuarBr00,SEA,QB,25,1,0,9,17,127,1,0,1,11,11.00,0,0,0,0,,0,0,,0,,,10,10.2,10.2,10.2,,51,
340,Patrick Johnson\JohnPa00,BAL,WR,25,4,0,0,0,0,0,0,0,0,,0,12,5,57,11.40,1,1,1,1,,,10,14.7,15.7,12.2,,125,
341,Kevin Kasper\KaspKe00,DEN,WR,24,10,4,0,0,0,0,0,3,19,6.33,0,12,8,84,10.50,0,0,,0,,,10,18.3,18.3,14.3,,124,
342,Wane McGarity\McGaWa00,2TM,WR,25,12,1,0,0,0,0,0,0,0,,0,12,7,43,6.14,1,2,,1,,,10,17.3,17.3,13.8,,123,
343,Scottie Montgomery\MontSc00,DEN,WR,23,8,0,0,0,0,0,0,1,5,5.00,0,22,11,99,9.00,0,0,,0,,,10,21.4,21.4,15.9,,122,
344,Stephen Alexander\AlexSt00,WAS,TE,26,7,5,0,0,0,0,0,0,0,,0,23,9,85,9.44,0,0,,0,,,9,17.5,17.5,13.0,,60,
345,Avion Black\BlacAv00,BUF,WR,24,14,0,0,0,0,0,0,0,0,,0,14,8,90,11.25,0,0,,0,,,9,17.0,17.0,13.0,,128,
346,Travis Brown\BrowTr01,BUF,QB,24,1,0,15,33,201,1,2,1,10,10.00,0,0,0,0,,0,1,,0,,,9,9.0,11.0,11.0,,52,
347,Jameel Cook\CookJa00,TAM,RB,22,16,3,0,0,0,0,0,2,2,1.00,0,23,17,89,5.24,0,0,,0,,,9,26.1,26.1,17.6,,110,
348,James Hodgins\HodgJa00,STL,RB,24,16,11,0,0,0,0,0,2,5,2.50,0,7,4,24,6.00,1,0,,1,,,9,12.9,12.9,10.9,,111,
349,Kelly Holcomb\HolcKe00,CLE,QB,28,1,0,7,12,114,1,0,1,0,0.00,0,0,0,0,,0,0,,0,,,9,8.6,8.6,8.6,,54,
350,Dan Kreider\KreiDa00,PIT,RB,24,13,1,0,0,0,0,0,7,29,4.14,1,4,2,5,2.50,0,0,,1,,,9,11.4,11.4,10.4,,108,
351,Charles Lee\LeexCh00,GNB,WR,24,7,0,0,0,0,0,0,0,0,,0,4,3,32,10.67,1,0,,1,,,9,12.2,12.2,10.7,,127,
352,Justin McCareins\McCaJu00,TEN,WR,23,4,1,0,0,0,0,0,0,0,,0,3,3,88,29.33,0,0,,0,,,9,11.8,11.8,10.3,,129,
353,Frank Moreau\MoreFr00,JAX,RB,25,3,1,0,0,0,0,0,8,27,3.38,1,0,0,0,,0,1,,1,,,9,8.7,8.7,8.7,,114,
354,Sammy Morris\MorrSa00,BUF,RB,24,16,1,0,0,0,0,0,20,72,3.60,0,9,7,36,5.14,0,1,1,0,,,9,15.8,16.8,12.3,,112,
355,Chad Pennington\PennCh01,NYJ,QB,25,2,0,10,20,92,1,0,1,11,11.00,0,0,0,0,,0,0,,0,,,9,8.8,8.8,8.8,,53,
356,Aaron Shea\SheaAa00,CLE,TE,25,12,5,0,0,0,0,0,0,0,,0,20,14,86,6.14,0,0,,0,,,9,22.6,22.6,15.6,,59,
357,Paul Smith\SmitPa00,SFO,RB,23,15,0,0,0,0,0,0,4,27,6.75,1,0,0,0,,0,1,,1,,,9,8.7,8.7,8.7,,113,
358,Damon Washington\WashDa00,NYG,RB,24,10,0,0,0,0,0,0,28,89,3.18,0,6,4,25,6.25,0,2,1,0,,,9,13.4,14.4,11.4,,109,
359,Steve Bush\BushSt00,ARI,TE,27,9,6,0,0,0,0,0,0,0,,0,12,8,80,10.00,0,0,,0,,,8,16.0,16.0,12.0,,62,
360,Matt Cushing\CushMa00,PIT,TE,26,13,3,0,0,0,0,0,0,0,,0,6,5,24,4.80,1,0,,1,,,8,13.4,13.4,10.9,,61,
361,Ray Lucas\LucaRa00,MIA,QB,29,10,0,2,3,45,0,0,8,6,0.75,1,0,0,0,,0,0,,1,,,8,8.4,8.4,8.4,,55,
362,Kevin McDougal\McDoKe01,IND,RB,24,9,0,0,0,0,0,0,17,48,2.82,0,2,1,10,10.00,0,0,,0,1,,8,8.8,8.8,8.3,,115,
363,Herman Moore\MoorHe00,DET,WR,32,3,1,0,0,0,0,0,0,0,,0,8,4,76,19.00,0,0,,0,,,8,11.6,11.6,9.6,,130,
364,Rabih Abdullah\AbduRa00,TAM,RB,26,16,0,0,0,0,0,0,11,40,3.64,0,2,2,26,13.00,0,0,,0,,,7,8.6,8.6,7.6,,119,
365,Tony Carter\CartTo00,DEN,RB,29,16,6,0,0,0,0,0,1,4,4.00,0,14,11,83,7.55,0,1,1,0,,,7,17.7,18.7,12.2,,118,
366,Casey Crawford\CrawCa00,CAR,TE,24,3,1,0,0,0,0,0,0,0,,0,2,1,10,10.00,0,0,,1,,,7,8.0,8.0,7.5,,65,
367,John Davis\DaviJo00,CHI,TE,28,16,7,0,0,0,0,0,0,0,,0,17,11,68,6.18,0,0,,0,,,7,17.8,17.8,12.3,,66,
368,James Dearth\DearJa00,NYJ,TE,25,16,1,0,0,0,0,0,0,0,,0,4,3,10,3.33,1,0,,1,,,7,10.0,10.0,8.5,,64,
369,Jammi German\GermJa00,CLE,WR,27,6,0,0,0,0,0,0,0,0,,0,9,7,65,9.29,0,0,,0,,,7,13.5,13.5,10.0,,134,
370,Derrick Harris\HarrDe00,SDG,RB,29,16,0,0,0,0,0,0,0,0,,0,3,1,7,7.00,0,0,,1,,,7,7.7,7.7,7.2,,117,
371,Andrew Jordan\JordAn00,MIN,TE,29,16,4,0,0,0,0,0,0,0,,0,7,3,11,3.67,1,0,,1,,,7,10.1,10.1,8.6,,63,
372,Shaun King\KingSh00,TAM,QB,24,3,0,21,31,210,0,1,5,-12,-2.40,0,0,0,0,,0,0,,0,1,,7,7.2,8.2,8.2,,56,
373,Fred McCrary\McCrFr00,SDG,RB,29,16,12,0,0,0,0,0,2,3,1.50,0,23,13,71,5.46,0,0,,0,,,7,20.4,20.4,13.9,,116,
374,Chris Sanders\SandCh00,TEN,WR,29,4,0,0,0,0,0,0,0,0,,0,18,5,74,14.80,0,0,,0,,,7,12.4,12.4,9.9,,131,
375,Chris Walsh\WalsCh00,MIN,WR,33,16,0,0,0,0,0,0,0,0,,0,14,9,67,7.44,0,0,,0,,,7,15.7,15.7,11.2,,133,
376,Milton Wynn\WynnMi00,TAM,WR,23,1,0,0,0,0,0,0,0,0,,0,6,4,69,17.25,0,0,,0,,,7,10.9,10.9,8.9,,132,
377,Mike Bartrum\BartMi00,PHI,TE,31,16,0,0,0,0,0,0,0,0,,0,2,1,4,4.00,1,0,,1,,,6,7.4,7.4,6.9,,67,
378,KaRon Coleman\ColeKa00,DEN,RB,23,4,0,0,0,0,0,0,4,17,4.25,0,11,6,45,7.50,0,0,,0,,,6,12.2,12.2,9.2,,120,
379,Sheldon Jackson\JackSh00,BUF,TE,25,16,1,0,0,0,0,0,0,0,,0,5,1,1,1.00,1,0,,1,,,6,7.1,7.1,6.6,,70,
380,Curtis Keaton\KeatCu00,CIN,RB,25,13,0,0,0,0,0,0,5,48,9.60,0,1,1,9,9.00,0,0,,0,,,6,6.7,6.7,6.2,,122,
381,Brandon Manumaleuna\ManuBr00,STL,TE,21,16,0,0,0,0,0,0,0,0,,0,1,1,1,1.00,1,0,,1,,,6,7.1,7.1,6.6,,68,
382,Quentin McCord\McCoQu00,ATL,WR,23,7,0,0,0,0,0,0,2,11,5.50,0,4,3,53,17.67,0,0,,0,,,6,9.4,9.4,7.9,,135,
383,Derek Rackley\RackDe00,ATL,TE,24,16,0,0,0,0,0,0,0,0,,0,1,1,1,1.00,1,0,,1,,,6,7.1,7.1,6.6,,69,
384,Stephen Trejo\TrejSt00,DET,RB,24,14,0,0,0,0,0,0,0,0,,0,10,5,61,12.20,0,0,,0,,,6,11.1,11.1,8.6,,121,
385,Jon Witman\WitmJo00,PIT,RB,29,15,12,0,0,0,0,0,5,24,4.80,0,8,6,32,5.33,0,0,,0,,,6,11.6,11.6,8.6,,123,
386,Alex Bannister\BannAl00,SEA,WR,22,16,0,0,0,0,0,0,0,0,,0,7,4,50,12.50,0,0,,0,,,5,9.0,9.0,7.0,,136,
387,Fred Coleman\ColeFr00,NWE,WR,26,8,0,0,0,0,0,0,0,0,,0,4,2,50,25.00,0,0,,0,,,5,7.0,7.0,6.0,,137,
388,Jay Graham\GrahJa00,SEA,RB,26,11,0,0,0,0,0,0,12,43,3.58,0,1,1,6,6.00,0,0,,0,,,5,5.9,5.9,5.4,,124,
389,Todd Yoder\YodeTo00,TAM,TE,23,16,1,0,0,0,0,0,0,0,,0,7,4,48,12.00,0,0,,0,,,5,8.8,8.8,6.8,,71,
390,Aveion Cason\CasoAv00,2TM,RB,22,6,0,0,0,0,0,0,11,31,2.82,0,4,4,32,8.00,0,2,1,0,,,4,8.3,9.3,6.3,,126,
391,Matthew Hatchette\HatcMa00,NYJ,WR,27,11,0,0,0,0,0,0,0,0,,0,15,2,44,22.00,0,0,,0,,,4,6.4,6.4,5.4,,138,
392,Johnny Huggins\HuggJo00,DAL,TE,25,10,2,0,0,0,0,0,0,0,,0,12,8,36,4.50,0,0,,0,,,4,11.6,11.6,7.6,,73,
393,Jarious Jackson\JackJa01,DEN,QB,24,1,0,7,12,73,0,0,5,7,1.40,0,0,0,0,,0,2,,0,,,4,3.6,3.6,3.6,,59,
394,Doug Johnson\JohnDo00,ATL,QB,24,3,0,3,5,23,1,0,5,12,2.40,0,0,0,0,,0,2,1,0,,,4,4.1,5.1,4.1,,57,
395,J.J. Johnson\JohnJ.00,MIA,RB,27,10,0,0,0,0,0,0,5,22,4.40,0,6,4,21,5.25,0,0,,0,,,4,8.3,8.3,6.3,,125,
396,Matt Lytle\LytlMa00,CAR,QB,26,3,1,17,30,133,1,3,2,8,4.00,0,0,0,0,,0,0,,0,,,4,4.1,7.1,7.1,,58,
397,Brian Natkin\NatkBr00,TEN,TE,23,3,1,0,0,0,0,0,0,0,,0,3,2,42,21.00,0,0,,0,,,4,6.2,6.2,5.2,,72,
398,Keith Poole\PoolKe00,DEN,WR,27,6,3,0,0,0,0,0,0,0,,0,10,5,38,7.60,0,0,,0,,,4,8.8,8.8,6.3,,139,
399,Rod Rutledge\RutlRo00,NWE,TE,26,15,14,0,0,0,0,0,0,0,,0,8,5,35,7.00,0,0,,0,,,4,8.5,8.5,6.0,,74,
400,Patrick Washington\WashPa00,JAX,RB,23,16,6,0,0,0,0,0,0,0,,0,9,5,36,7.20,0,0,,0,,,4,8.6,8.6,6.1,,127,
401,Pat Batteaux\BattPa00,SDG,WR,23,5,0,0,0,0,0,0,0,0,,0,8,3,25,8.33,0,0,,0,,,3,5.5,5.5,4.0,,146,
402,Eddie Berlin\BerlEd00,TEN,WR,23,11,0,0,0,0,0,0,0,0,,0,6,2,28,14.00,0,0,,0,,,3,4.8,4.8,3.8,,143,
403,Dameyune Craig\CraiDa00,CAR,QB,27,2,0,4,8,34,0,0,3,20,6.67,0,0,0,0,,0,1,,0,,,3,3.4,3.4,3.4,,61,
404,Thabiti Davis\DaviTh00,NYG,WR,26,16,0,0,0,0,0,0,0,0,,0,8,3,34,11.33,0,0,,0,,,3,6.4,6.4,4.9,,140,
405,Matt Dominguez\DomiMa00,DEN,TE,23,12,0,0,0,0,0,0,0,0,,0,5,3,26,8.67,0,0,,0,,,3,5.6,5.6,4.1,,79,
406,Hunter Goodwin\GoodHu00,MIA,TE,29,16,11,0,0,0,0,0,0,0,,0,10,4,27,6.75,0,0,,0,,,3,6.7,6.7,4.7,,78,
407,Shad Meier\MeieSh00,TEN,TE,23,11,1,0,0,0,0,0,0,0,,0,5,3,31,10.33,0,0,,0,,,3,6.1,6.1,4.6,,76,
408,Pete Mitchell\MitcPe00,DET,TE,30,5,1,0,0,0,0,0,0,0,,0,5,5,29,5.80,0,0,,0,,,3,7.9,7.9,5.4,,77,
409,Santana Moss\MossSa00,NYJ,WR,22,5,0,0,0,0,0,0,1,-6,-6.00,0,17,2,40,20.00,0,0,,0,,,3,5.4,5.4,4.4,,141,
410,Ken-Yon Rambo\RambKe00,DAL,WR,23,13,0,0,0,0,0,0,0,0,,0,6,3,28,9.33,0,0,,0,,,3,5.8,5.8,4.3,,144,
411,Gari Scott\ScotGa00,PHI,WR,23,3,0,0,0,0,0,0,0,0,,0,4,2,26,13.00,0,0,,0,,,3,4.6,4.6,3.6,,145,
412,Torrance Small\SmalTo00,NWE,WR,31,3,0,0,0,0,0,0,0,0,,0,7,4,29,7.25,0,0,,0,,,3,6.9,6.9,4.9,,142,
413,Akili Smith\SmitAk00,CIN,QB,26,2,1,5,8,37,0,0,6,20,3.33,0,0,0,0,,0,0,,0,,,3,3.5,3.5,3.5,,60,
414,Jerald Sowell\SoweJe00,NYJ,RB,27,16,0,0,0,0,0,0,4,9,2.25,0,1,1,19,19.00,0,0,,0,,,3,3.8,3.8,3.3,,128,
415,Jeff Thomason\ThomJe00,PHI,TE,32,14,0,0,0,0,0,0,0,0,,0,9,5,33,6.60,0,0,,0,,,3,8.3,8.3,5.8,,75,
416,Luther Broughton\BrouLu00,CAR,TE,27,15,0,0,0,0,0,0,0,0,,0,4,2,22,11.00,0,0,,0,,,2,4.2,4.2,3.2,,80,
417,Chris Coleman\ColeCh01,TEN,WR,24,16,0,0,0,0,0,0,0,0,,0,4,1,19,19.00,0,0,,0,,,2,2.9,2.9,2.4,,152,
418,Todd Collins\CollTo00,KAN,QB,30,1,0,3,4,40,0,0,2,6,3.00,0,0,0,0,,0,0,,0,,,2,2.2,2.2,2.2,,63,
419,Phillip Crosby\CrosPh00,BUF,RB,25,16,2,0,0,0,0,0,0,0,,0,2,2,16,8.00,0,0,,0,,,2,3.6,3.6,2.6,,129,
420,Curtis Jackson\JackCu00,NWE,WR,28,2,0,0,0,0,0,0,0,0,,0,2,2,16,8.00,0,0,,0,,,2,3.6,3.6,2.6,,154,
421,James Jett\JettJa00,OAK,WR,31,11,0,0,0,0,0,0,0,0,,0,3,2,19,9.50,0,0,,0,,,2,3.9,3.9,2.9,,150,
422,Kirk McMullen\McMuKi00,CIN,TE,24,7,2,0,0,0,0,0,0,0,,0,6,2,15,7.50,0,0,,0,,,2,3.5,3.5,2.5,,81,
423,Ahmad Merritt\MerrAh00,CHI,WR,24,2,0,0,0,0,0,0,0,0,,0,6,2,20,10.00,0,0,,0,,,2,4.0,4.0,3.0,,149,
424,Eric Metcalf\MetcEr00,WAS,WR,33,10,0,0,0,0,0,0,0,0,,0,5,4,19,4.75,0,4,3,1,,,2,5.9,8.9,3.9,,151,
425,Jake Moreland\MoreJa00,CLE,RB,24,4,0,0,0,0,0,0,0,0,,0,4,3,15,5.00,0,0,,0,,,2,4.5,4.5,3.0,,130,
426,Mark Rypien\RypiMa00,IND,QB,39,4,0,5,9,57,0,0,0,0,,0,0,0,0,,0,0,,0,,,2,2.3,2.3,2.3,,62,
427,Tony Simmons\SimmTo00,2TM,WR,27,7,0,0,0,0,0,0,0,0,,0,6,2,17,8.50,0,0,,0,,,2,3.7,3.7,2.7,,153,
428,Vinny Sutherland\SuthVi00,SFO,WR,23,15,0,0,0,0,0,0,1,16,16.00,0,1,1,5,5.00,0,1,,0,,,2,3.1,3.1,2.6,,147,
429,Alvis Whitted\WhitAl00,JAX,WR,27,11,0,0,0,0,0,0,1,4,4.00,0,7,2,17,8.50,0,0,,0,,,2,4.1,4.1,3.1,,148,
430,Will Blackwell\BlacWi00,PIT,WR,26,1,0,0,0,0,0,0,0,0,,0,1,1,8,8.00,0,0,,0,,,1,1.8,1.8,1.3,,156,
431,Howard Cross\CrosHo00,NYG,TE,34,16,6,0,0,0,0,0,0,0,,0,3,1,5,5.00,0,0,,0,,,1,1.5,1.5,1.0,,86,
432,Tyrone Davis\DaviTy00,GNB,TE,29,4,2,0,0,0,0,0,0,0,,0,5,3,14,4.67,0,0,,0,,,1,4.4,4.4,2.9,,82,
433,Koy Detmer\DetmKo00,PHI,QB,28,16,0,5,14,51,0,1,8,6,0.75,0,0,0,0,,0,0,,0,,,1,0.6,1.6,1.6,,66,
434,Heath Evans\EvanHe00,SEA,RB,23,16,0,0,0,0,0,0,2,11,5.50,0,0,0,0,,0,0,,0,,,1,1.1,1.1,1.1,,132,
435,Travis Jervey\JervTr00,ATL,RB,29,16,0,0,0,0,0,0,3,6,2.00,0,0,0,0,,0,0,,0,,,1,0.6,0.6,0.6,,136,
436,John Jones\JoneJo00,BAL,TE,26,15,2,0,0,0,0,0,0,0,,0,3,2,13,6.50,0,0,,0,,,1,3.3,3.3,2.3,,83,
437,Reggie Jones\JoneRe00,SDG,WR,30,9,0,0,0,0,0,0,0,0,,0,9,5,29,5.80,0,2,1,0,,,1,5.9,6.9,3.4,,155,
438,Tee Martin\MartTe00,PIT,QB,23,1,0,0,0,0,0,0,1,8,8.00,0,0,0,0,,0,0,,0,,,1,0.8,0.8,0.8,,65,
439,Dennis McKinley\McKiDe00,ARI,RB,25,14,0,0,0,0,0,0,1,1,1.00,0,1,1,10,10.00,0,0,,0,,,1,2.1,2.1,1.6,,134,
440,Brock Olivo\OlivBr00,DET,RB,25,16,0,0,0,0,0,0,1,6,6.00,0,1,0,0,,0,0,,0,,,1,0.6,0.6,0.6,,137,
441,Tim Rattay\RattTi00,SFO,QB,24,3,0,2,2,21,0,0,5,-3,-0.60,0,0,0,0,,0,1,,0,,,1,0.5,0.5,0.5,,67,
442,Jamie Reader\ReadJa00,PHI,RB,27,16,0,0,0,0,0,0,0,0,,0,5,2,14,7.00,0,0,,0,,,1,3.4,3.4,2.4,,131,
443,Rod Smart\SmarRo00,PHI,RB,24,6,0,0,0,0,0,0,2,6,3.00,0,0,0,0,,0,0,,0,,,1,0.6,0.6,0.6,,138,
444,Dave Stachelski\StacDa00,NOR,TE,24,5,0,0,0,0,0,0,0,0,,0,1,1,5,5.00,0,0,,0,,,1,1.5,1.5,1.0,,85,
445,Marques Tuiasosopo\TuiaMa00,OAK,QB,22,1,0,3,4,34,0,0,1,1,1.00,0,0,0,0,,0,0,,0,,,1,1.5,1.5,1.5,,64,
446,John Waerig\WaerJo00,DET,TE,25,1,0,0,0,0,0,0,0,0,,0,1,1,6,6.00,0,0,,0,,,1,1.6,1.6,1.1,,84,
447,Jermaine Williams\WillJe00,2TM,RB,28,12,2,0,0,0,0,0,0,0,,0,3,2,11,5.50,0,0,,0,,,1,3.1,3.1,2.1,,133,
448,Terry Witherspoon\WithTe00,DAL,RB,24,3,0,0,0,0,0,0,0,0,,0,1,1,9,9.00,0,0,,0,,,1,1.9,1.9,1.4,,135,
449,Dan Alexander\AlexDa21,TEN,,23,7,0,0,0,0,0,0,0,0,,0,0,0,0,,0,0,,0,,,,,,,,148,
450,Bill Baber\BabeBi00,KAN,,22,1,0,0,0,0,0,0,0,0,,0,0,0,0,,0,0,,0,,,,,,,,97,
451,Tim Baker\BakeTi20,PIT,,24,3,0,0,0,0,0,0,0,0,,0,,0,0,,0,0,,0,,,,,,,,161,
452,Jeff Blake\BlakJe00,NOR,QB,31,1,0,0,1,0,0,0,1,-1,-1.00,0,0,0,0,,0,0,,0,,,,-0.1,-0.1,-0.1,,75,
453,Fabien Bownes\BownFa00,SEA,,29,16,0,0,0,0,0,0,0,0,,0,0,0,0,,0,0,,0,,,,,,,,172,
454,Dave Brown\BrowDa00,ARI,,31,1,0,0,0,0,0,0,0,0,,0,,0,0,,0,0,,0,,,,,,,,70,
455,Jonathan Carter\CartJo01,NYG,,22,2,0,0,0,0,0,0,0,0,,0,3,0,0,,0,0,,0,,,,,,,,165,
456,Bobby Collins\CollBo00,GNB,TE,25,4,0,0,0,0,0,0,0,0,,0,1,1,3,3.00,0,0,,0,,,,1.3,1.3,0.8,,87,
457,Joe Davenport\DaveJo00,IND,,25,3,0,0,0,0,0,0,0,0,,0,,0,0,,0,0,,0,,,,,,,,89,
458,Scott Dragos\DragSc00,CHI,,26,6,0,0,0,0,0,0,0,0,,0,0,0,0,,0,0,,0,,,,,,,,2,
459,Carl Fair\FairCa20,CLE,,22,3,0,0,0,0,0,0,0,0,,0,,0,0,,0,0,,0,,,,,,,,145,
460,James Fenderson\FendJa00,NOR,,25,4,0,0,0,0,0,0,0,0,,0,0,0,0,,0,0,,0,,,,,,,,147,
461,Robert Ferguson\FergRo00,GNB,,22,1,0,0,0,0,0,0,0,0,,0,,0,0,,0,0,,0,,,,,,,,162,
462,Jim Finn\FinnJi00,IND,,25,15,0,0,0,0,0,0,0,0,,0,1,0,0,,0,0,,0,,,,,,,,7,
463,Mondriel Fulcher\FulcMo20,OAK,,25,13,1,0,0,0,0,0,0,0,,0,1,0,0,,0,0,,0,,,,,,,,104,
464,Cory Geason\GeasCo00,PIT,,26,7,0,0,0,0,0,0,0,0,,0,0,0,0,,0,0,,0,,,,,,,,107,
465,Bryan Gilmore\GilmBr00,ARI,,23,2,0,0,0,0,0,0,0,0,,0,,0,0,,0,0,,0,,,,,,,,160,
466,Herbert Goodman\GoodHe00,GNB,RB,24,7,0,0,0,0,0,0,1,-1,-1.00,0,0,0,0,,0,0,,0,,,,-0.1,-0.1,-0.1,,151,
467,Karl Hankton\HankKa00,CAR,,31,11,0,0,0,0,0,0,0,0,,0,0,0,0,,0,0,,0,,,,,,,,157,
468,Lawrence Hart\HartLa20,ARI,,25,1,0,0,0,0,0,0,0,0,,0,,0,0,,0,0,,0,,,,,,,,105,
469,Windrell Hayes\HayeWi00,NYJ,,25,1,0,0,0,0,0,0,0,0,,0,2,0,0,,0,0,,0,,,,,,,,169,
470,Lenzie Jackson\JackLe00,PIT,,24,12,0,0,0,0,0,0,0,0,,0,0,0,0,,0,0,,0,,,,,,,,158,
471,Brian Jennings\JennBr00,SFO,,25,16,0,0,0,0,0,0,0,0,,0,,0,0,,0,1,,0,,,,,,,,101,
472,Rudi Johnson\JohnRu00,CIN,,22,2,0,0,0,0,0,0,0,0,,0,0,0,0,,0,0,,0,,,,,,,,149,
473,Trey Junkin\JunkTr20,ARI,,40,16,0,0,0,0,0,0,0,0,,0,,0,0,,0,1,,0,,,,,,,,98,
474,Marcus Knight\KnigMa00,OAK,,23,5,1,0,0,0,0,0,0,0,,0,0,0,0,,0,0,,0,,,,,,,,170,
475,George Layne\LaynGe00,ATL,,23,2,0,0,0,0,0,0,0,0,,0,,0,0,,0,0,,0,,,,,,,,141,
476,Mike Leach\LeacMi00,TEN,,25,4,0,0,0,0,0,0,0,0,,0,,0,0,,0,0,,0,,,,,,,,88,
477,Brody Liddiard\LiddBr20,MIN,,24,16,0,0,0,0,0,0,0,0,,0,,0,0,,0,0,,0,,,,,,,,95,
478,Dustin Lyman\LymaDu00,CHI,,25,4,0,0,0,0,0,0,0,0,,0,0,0,0,,0,0,,0,,,,,,,,94,
479,Jamie Martin\MartJa00,STL,QB,31,5,0,3,3,22,0,0,8,-9,-1.13,0,0,0,0,,0,0,,0,,,,,,,,74,
480,Fred McAfee\McAfFr00,NOR,RB,33,16,0,0,0,0,0,0,1,2,2.00,0,0,0,0,,0,0,,0,,,,0.2,0.2,0.2,,140,
481,Sean McDermott\McDeSe20,TAM,,25,16,0,0,0,0,0,0,0,0,,0,,0,0,,0,0,,0,,,,,,,,90,
482,Phil McGeoghan\McGePh20,DEN,,22,2,0,0,0,0,0,0,0,0,,0,,0,0,,0,0,,0,,,,,,,,166,
483,Travis McGriff\McGrTr00,DEN,,25,5,0,0,0,0,0,0,0,0,,0,4,0,0,,0,0,,0,,,,,,,,171,
484,Rodrick Monroe\MonrRo00,CLE,,25,7,3,0,0,0,0,0,0,0,,0,1,0,0,,0,0,,0,,,,,,,,91,
485,Sean Morey\MoreSe00,PHI,,25,3,0,0,0,0,0,0,0,0,,0,,0,0,,0,0,,0,,,,,,,,168,
486,Yo Murphy\MurpYo00,STL,,28,16,0,0,0,0,0,0,0,0,,0,0,0,0,,0,0,,0,,,,,,,,159,
487,Moran Norris\NorrMo00,NOR,,23,5,0,0,0,0,0,0,0,0,,0,0,0,0,,0,0,,0,,,,,,,,5,
488,Dan O'Leary\OLeaDa20,BUF,,24,8,0,0,0,0,0,0,0,0,,0,0,0,0,,0,0,,0,,,,,,,,100,
489,Wes Ours\OursWe00,TEN,RB,24,3,0,0,0,0,0,0,0,0,,0,1,1,3,3.00,0,0,,0,,,,1.3,1.3,0.8,,139,
490,Doug Pederson\PedeDo00,GNB,QB,33,16,0,0,0,0,0,0,1,-1,-1.00,0,0,0,0,,0,0,,0,,,,-0.1,-0.1,-0.1,,76,
491,Rodney Peete\PeetRo00,OAK,,35,1,0,0,0,0,0,0,0,0,,0,,0,0,,0,0,,0,,,,,,,,72,
492,Ed Perry\PerrEd00,MIA,,27,16,0,0,0,0,0,0,0,0,,0,0,0,0,,0,1,,0,,,,,,,,108,
493,Ryan Prince\PrinRy20,JAX,,24,8,2,0,0,0,0,0,0,0,,0,1,0,0,,0,0,,0,,,,,,,,93,
494,Stanley Pritchett\PritSt00,CHI,,28,6,0,0,0,0,0,0,0,0,,0,1,0,0,,0,0,,0,,,,,,,,6,
495,Chris Redman\RedmCh00,BAL,,24,1,0,0,0,0,0,0,0,0,,0,,0,0,,0,0,,0,,,,,,,,68,
496,Alan Ricard\RicaAl00,BAL,,24,5,0,0,0,0,0,0,0,0,,0,,0,0,,0,0,,0,,,,,,,,4,
497,Mike Roberg\RobeMi00,TAM,,24,1,0,0,0,0,0,0,0,0,,0,0,0,0,,0,0,,0,,,,,,,,102,
498,Marcel Shipp\ShipMa00,ARI,,23,11,0,0,0,0,0,0,0,0,,0,0,0,0,,0,0,,0,,,,,,,,143,
499,Detron Smith\SmitDe00,DEN,,27,15,0,0,0,0,0,0,0,0,,0,0,0,0,,0,0,,0,,,,,,,,142,
500,Matt Snider\SnidMa21,MIN,,25,4,0,0,0,0,0,0,0,0,,0,0,0,0,,0,0,,0,,,,,,,,3,
501,Justin Snow\SnowJu00,IND,,25,16,0,0,0,0,0,0,0,0,,0,,0,0,,0,0,,0,,,,,,,,96,
502,Brad St. Louis\StLoBr00,CIN,,25,11,0,0,0,0,0,0,0,0,,0,3,0,0,,0,0,,0,,,,,,,,103,
503,Tony Taylor\TaylTo00,DAL,RB,23,1,0,0,0,0,0,0,1,0,0.00,0,0,0,0,,0,0,,0,,,,,,,,150,
504,Nate Turner\TurnNa20,SDG,,23,1,0,0,0,0,0,0,0,0,,0,1,0,0,,0,0,,0,,,,,,,,163,
505,Billy Volek\VoleBi00,TEN,QB,25,1,0,0,3,0,0,0,0,0,,0,0,0,0,,0,0,,0,,,,,,,,69,
506,Justin Watson\WatsJu00,STL,RB,26,11,0,0,0,0,0,0,1,0,0.00,0,0,0,0,,0,0,,0,,,,,,,,146,
507,Josh Whitman\WhitJo21,SDG,,23,4,1,0,0,0,0,0,0,0,,0,0,0,0,,0,0,,0,,,,,,,,92,
508,Reggie White\WhitRe20,JAX,,22,5,0,0,0,0,0,0,0,0,,0,,0,0,,0,0,,0,,,,,,,,144,
509,Daniel Wilcox\WilcDa01,NYJ,,24,1,0,0,0,0,0,0,0,0,,0,,0,0,,0,0,,0,,,,,,,,99,
510,Nick Luchey\WillNi00,CIN,,24,4,2,0,0,0,0,0,0,0,,0,1,0,0,,0,0,,0,,,,,,,,1,
511,Randal Williams\WillRa01,DAL,,23,7,0,0,0,0,0,0,0,0,,0,0,0,0,,0,0,,0,,,,,,,,167,
512,Cedrick Wilson\WilsCe00,SFO,,23,6,0,0,0,0,0,0,0,0,,0,0,0,0,,0,0,,0,,,,,,,,164,
513,Tory Woodbury\WoodTo02,NYJ,,23,10,0,0,0,0,0,0,0,0,,0,0,0,0,,0,0,,0,,,,,,,,73,
514,Danny Wuerffel\WuerDa00,CHI,,27,1,0,0,0,0,0,0,0,0,,0,0,0,0,,0,0,,0,,,,,,,,71,
515,Joe Zelenka\ZeleJo00,JAX,,25,16,0,0,0,0,0,0,0,0,,0,,0,0,,0,1,,0,,,,,,,,106,
516,Jeff George\GeorJe00,WAS,QB,34,2,2,23,42,168,0,3,4,0,0.00,0,0,0,0,,0,2,1,0,,,-1,-1.3,2.7,1.7,,77,
517,Damon Gibson\GibsDa00,JAX,WR,26,16,0,0,0,0,0,0,2,19,9.50,0,3,2,13,6.50,0,3,2,0,,,-1,1.2,3.2,0.2,,173,
518,Lamont Hall\HallLa00,NOR,TE,27,16,6,0,0,0,0,0,0,0,,0,2,2,15,7.50,0,1,1,0,,,-1,1.5,2.5,0.5,,109,
519,Bradford Banta\BantBr00,DET,,31,16,0,0,0,0,0,0,0,0,,0,1,0,0,,0,1,1,0,,,-2,-2.0,-1.0,-2.0,,110,
520,Autry Denson\DensAu00,CHI,RB,25,16,0,0,0,0,0,0,1,4,4.00,0,0,0,0,,0,1,1,0,,,-2,-1.6,-0.6,-1.6,,152,
521,Micah Ross\RossMi20,JAX,,25,5,0,0,0,0,0,0,0,0,,0,0,0,0,,0,1,1,0,,,-2,-2.0,-1.0,-2.0,,174,
522,Craig Yeast\YeasCr00,NYJ,,25,11,0,0,0,0,0,0,0,0,,0,0,0,0,,0,2,1,0,,,-2,-2.0,-1.0,-2.0,,175,
523,Nate Jacquet\JacqNa00,MIN,,26,10,0,0,0,0,0,0,0,0,,0,0,0,0,,0,4,2,0,,,-4,-4.0,-2.0,-4.0,,176,
524,Scott Mitchell\MitcSc00,CIN,QB,33,1,0,4,12,38,0,3,0,0,,0,0,0,0,,0,0,,0,,,-4,-4.5,-1.5,-1.5,,78,