,,,,,Games,Games,Passing,Passing,Passing,Passing,Passing,Rushing,Rushing,Rushing,Rushing,Receiving,Receiving,Receiving,Receiving,Receiving,Fumbles,Fumbles,Scoring,Scoring,Scoring,Fantasy,Fantasy,Fantasy,Fantasy,Fantasy,Fantasy,Fantasy
Rk,Player,Tm,FantPos,Age,G,GS,Cmp,Att,Yds,TD,Int,Att,Yds,Y/A,TD,Tgt,Rec,Yds,Y/R,TD,Fmb,FL,TD,2PM,2PP,FantPt,PPR,DKPt,FDPt,VBD,PosRank,OvRank
1,Priest Holmes*+\HolmPr00,KAN,RB,30,16,16,0,1,0,0,0,320,1420,4.44,27,90,74,690,9.32,0,1,1,27,,,371,445.0,452.0,408.0,229,1,1
2,LaDainian Tomlinson\TomlLa00,SDG,RB,24,16,16,1,1,21,1,0,313,1645,5.26,13,137,100,725,7.25,4,2,,17,,,344,443.8,449.8,393.8,202,2,2
3,Ahman Green*\GreeAh00,GNB,RB,26,16,16,0,0,0,0,0,355,1883,5.30,15,60,50,367,7.34,5,7,5,20,,,335,385.0,396.0,360.0,193,3,3
4,Randy Moss*+\MossRa00,MIN,WR,26,16,16,0,1,0,0,0,6,18,3.00,0,172,111,1632,14.70,17,1,1,17,,,265,376.0,380.0,320.5,161,1,4
5,Jamal Lewis*+\LewiJa00,BAL,RB,24,16,16,0,0,0,0,0,387,2066,5.34,14,38,26,205,7.88,0,8,6,14,,,299,325.1,337.1,312.1,157,4,5
6,Torry Holt*+\HoltTo00,STL,WR,27,16,15,0,0,0,0,0,1,5,5.00,0,183,117,1696,14.50,12,1,,12,,,242,359.1,362.1,300.6,138,2,6
7,Clinton Portis*\PortCl00,DEN,RB,22,13,13,0,0,0,0,0,290,1591,5.49,14,51,38,314,8.26,0,3,1,14,1,,275,312.5,319.5,293.5,133,5,7
8,Shaun Alexander *\AlexSh00,SEA,RB,26,16,15,0,0,0,0,0,326,1435,4.40,14,59,42,295,7.02,2,4,3,16,,,263,305.0,314.0,284.0,121,6,8
9,Deuce McAllister*\McAlDe00,NOR,RB,25,16,16,0,2,0,0,0,351,1641,4.68,8,87,69,516,7.48,0,6,3,8,,,258,326.7,335.7,292.2,116,7,9
10,Chad Johnson *\JohnCh01,CIN,WR,25,16,14,0,0,0,0,0,0,0,,0,154,90,1355,15.06,10,0,,10,,,196,285.5,288.5,240.5,91,3,10
11,Tony Gonzalez*+\GonzTo00,KAN,TE,27,16,16,0,0,0,0,0,0,0,,0,106,71,916,12.90,10,0,,10,,,152,222.6,225.6,187.1,88,1,11
12,Fred Taylor\TaylFr00,JAX,RB,27,16,16,0,0,0,0,0,345,1572,4.56,6,74,48,370,7.71,1,6,4,7,,,228,276.2,286.2,252.2,86,8,12
13,Marvin Harrison*\HarrMa00,IND,WR,31,15,15,0,0,0,0,0,1,3,3.00,0,142,94,1272,13.53,10,2,1,10,,,186,279.5,283.5,232.5,81,4,13
14,Ricky Williams\WillRi00,MIA,RB,26,16,16,0,0,0,0,0,392,1372,3.50,9,62,50,351,7.02,1,7,5,10,,,222,272.3,283.3,247.3,80,9,14
15,Hines Ward *\WardHi00,PIT,WR,27,16,16,0,0,0,0,0,11,61,5.55,0,156,95,1163,12.24,10,0,,10,,,182,277.4,280.4,229.9,78,5,15
16,Anquan Boldin*\BoldAn00,ARI,WR,23,16,16,0,1,0,0,1,5,40,8.00,0,165,101,1377,13.63,8,3,3,8,,,182,282.7,289.7,233.2,77,6,16
17,Derrick Mason*\MasoDe00,TEN,WR,29,16,16,0,0,0,0,0,3,11,3.67,0,133,95,1303,13.72,8,0,,8,,,179,274.4,277.4,226.9,75,7,17
18,Edgerrin James\JameEd00,IND,RB,25,13,13,0,0,0,0,0,310,1259,4.06,11,71,51,292,5.73,0,5,3,11,,,215,266.1,275.1,240.6,73,10,18
19,Santana Moss\MossSa00,NYJ,WR,24,16,12,0,0,0,0,0,10,67,6.70,0,117,74,1105,14.93,10,4,2,10,,,173,247.2,252.2,210.2,69,8,19
20,Travis Henry\HenrTr00,BUF,RB,25,15,15,0,1,0,0,1,331,1356,4.10,10,40,28,158,5.64,1,7,3,11,,,209,237.4,247.4,224.4,67,11,20
21,Keenan McCardell*\McCaKe00,TAM,WR,33,16,16,0,0,0,0,0,0,0,,0,139,84,1174,13.98,8,1,1,9,,,169,253.4,257.4,211.4,65,9,21
22,Shannon Sharpe\SharSh00,DEN,TE,35,15,15,0,0,0,0,0,0,0,,0,94,62,770,12.42,8,0,,8,,,125,187.0,190.0,156.0,62,2,22
23,Darrell Jackson\JackDa00,SEA,WR,25,16,16,0,0,0,0,0,0,0,,0,130,68,1137,16.72,9,1,1,9,,,166,233.7,237.7,199.7,61,10,23
24,Stephen Davis *\DaviSt00,CAR,RB,29,14,14,0,0,0,0,0,318,1444,4.54,8,17,14,159,11.36,0,3,3,8,,,202,216.3,225.3,209.3,60,12,24
25,Terrell Owens*\OwenTe00,SFO,WR,30,15,15,0,0,0,0,0,3,-2,-0.67,0,146,80,1102,13.78,9,0,,9,,,164,244.0,247.0,204.0,60,11,25
26,Chris Chambers\ChamCh00,MIA,WR,25,16,16,0,0,0,0,0,4,30,7.50,0,130,64,963,15.05,11,1,1,11,,,163,227.3,231.3,195.3,59,12,26
27,Steve Smith\SmitSt01,CAR,WR,24,16,11,0,0,0,0,0,11,42,3.82,0,142,88,1110,12.61,7,5,,8,,,163,251.2,254.2,207.2,59,13,27
28,Daunte Culpepper*\CulpDa00,MIN,QB,26,14,14,295,454,3479,25,11,73,422,5.78,4,0,0,0,,0,16,6,4,,1,273,273.4,296.4,284.4,58,1,28
29,Laveranues Coles*\ColeLa00,WAS,WR,26,16,16,0,0,0,0,0,10,39,3.90,0,159,82,1204,14.68,6,0,,6,,,160,242.3,245.3,201.3,56,14,29
30,Joe Horn\HornJo00,NOR,WR,31,15,14,1,1,14,0,0,2,15,7.50,0,130,78,973,12.47,10,2,,10,,,159,237.4,240.4,198.4,55,15,30
31,Peyton Manning *+\MannPe00,IND,QB,27,16,16,379,566,4267,29,10,28,26,0.93,0,1,1,-2,-2.00,0,6,2,0,,1,267,268.1,283.1,277.6,52,2,31
32,Moe Williams\WillMo00,MIN,RB,29,16,7,0,0,0,0,0,174,745,4.28,5,87,65,644,9.91,3,2,1,8,,,185,249.9,256.9,217.4,43,13,32
33,Peter Warrick\WarrPe00,CIN,WR,26,15,14,0,0,0,0,0,18,157,8.72,0,122,79,819,10.37,7,2,1,8,,,144,222.6,229.6,183.1,39,16,33
34,Domanick Williams\DaviDo01,HOU,RB,23,14,10,0,0,0,0,0,238,1031,4.33,8,68,47,351,7.47,0,4,3,8,,,180,227.2,236.2,203.7,38,14,34
35,Trent Green*\GreeTr00,KAN,QB,33,16,16,330,523,4039,24,12,26,83,3.19,2,0,0,0,,0,5,1,2,,,252,251.9,267.9,263.9,36,3,35
36,Marshall Faulk\FaulMa00,STL,RB,30,11,11,0,0,0,0,0,209,818,3.91,10,61,45,290,6.44,1,0,,11,,,177,221.8,227.8,199.3,35,15,36
37,Matt Hasselbeck *\HassMa00,SEA,QB,28,16,16,313,513,3841,26,15,36,125,3.47,2,0,0,0,,0,4,1,2,,,250,250.1,272.1,265.1,35,4,37
38,Todd Heap*\HeapTo00,BAL,TE,23,16,16,0,0,0,0,0,3,21,7.00,0,112,57,693,12.16,3,1,,3,4,,97,154.4,157.4,125.9,34,3,38
39,Tiki Barber\BarbTi00,NYG,RB,28,16,16,0,0,0,0,0,278,1216,4.37,2,98,69,461,6.68,1,9,6,3,1,,176,244.7,256.7,210.2,34,16,39
40,Amani Toomer\ToomAm00,NYG,WR,29,16,16,0,0,0,0,0,1,5,5.00,0,152,63,1057,16.78,5,0,,5,,,136,199.2,202.2,167.7,32,17,40
41,Brian Westbrook\WestBr00,PHI,RB,24,15,8,0,0,0,0,0,117,613,5.24,7,48,37,332,8.97,4,3,1,13,,,171,207.5,214.5,189.0,29,17,41
42,Isaac Bruce\BrucIs00,STL,WR,31,15,15,2,2,66,0,0,2,17,8.50,0,119,69,981,14.22,5,0,,5,,,132,201.4,204.4,166.9,28,18,42
43,David Boston\BostDa00,SDG,WR,25,14,14,0,0,0,0,0,3,18,6.00,0,115,70,880,12.57,7,2,2,7,1,,130,199.8,204.8,164.8,25,19,43
44,Steve McNair*\McNaSt00,TEN,QB,30,14,14,250,400,3215,24,7,38,138,3.63,4,1,1,4,4.00,0,12,6,4,1,1,241,241.8,260.8,248.3,25,5,44
45,Kevan Barlow\BarlKe00,SFO,RB,24,16,4,0,0,0,0,0,201,1024,5.09,6,44,35,307,8.77,1,5,4,7,,,167,202.1,212.1,184.6,25,18,45
46,Justin McCareins\McCaJu00,TEN,WR,25,16,10,0,0,0,0,0,1,13,13.00,0,82,47,813,17.30,7,2,1,8,,,129,175.6,179.6,152.1,24,20,46
47,Curtis Martin\MartCu00,NYJ,RB,30,16,16,0,0,0,0,0,323,1308,4.05,2,53,42,262,6.24,0,2,2,2,,,165,207.0,215.0,186.0,23,19,47
48,Rudi Johnson\JohnRu00,CIN,RB,24,13,5,0,0,0,0,0,215,957,4.45,9,23,21,146,6.95,0,0,,9,,,164,185.3,191.3,174.8,22,20,48
49,Reggie Wayne\WaynRe00,IND,WR,25,16,16,0,0,0,0,0,0,0,,0,107,68,838,12.32,7,0,,7,,,126,193.8,196.8,159.8,21,21,49
50,Javon Walker\WalkJa00,GNB,WR,25,16,3,0,0,0,0,0,2,1,0.50,0,74,41,716,17.46,9,1,1,9,,,124,164.7,168.7,144.2,19,22,50
51,Rod Smith\SmitRo01,DEN,WR,33,15,15,1,1,72,0,0,10,98,9.80,0,114,74,845,11.42,3,0,,4,,,121,195.2,198.2,158.2,17,23,51
52,Andre Johnson\JohnAn02,HOU,WR,22,16,16,0,0,0,0,0,5,-10,-2.00,0,119,66,976,14.79,4,0,,4,,,121,186.6,189.6,153.6,16,24,52
53,Koren Robinson\RobiKo00,SEA,WR,23,15,15,0,0,0,0,0,4,15,3.75,0,119,65,896,13.78,4,1,1,5,,,119,184.1,188.1,151.6,15,25,53
54,Randy McMichael\McMiRa01,MIA,TE,24,16,16,0,0,0,0,0,0,0,,0,83,49,598,12.20,2,0,,3,,,78,126.8,129.8,102.3,14,4,54
55,Aaron Brooks\BrooAa00,NOR,QB,27,16,16,306,518,3546,24,8,54,175,3.24,2,1,0,0,,0,14,11,2,,,229,229.3,254.3,237.3,14,6,55
56,Boo Williams\WillBo00,NOR,TE,24,16,6,0,0,0,0,0,0,0,,0,62,41,436,10.63,5,0,,5,,,74,114.6,117.6,94.1,10,5,56
57,Eddie Kennison\KennEd00,KAN,WR,30,16,16,0,0,0,0,0,2,9,4.50,0,99,56,853,15.23,5,1,1,5,,,114,170.2,174.2,142.2,10,26,57
58,Itula Mili\MiliIt00,SEA,TE,30,16,12,0,0,0,0,0,0,0,,0,62,46,492,10.70,4,0,,4,,,73,119.2,122.2,96.2,10,6,58
59,Jeff Garcia\GarcJe00,SFO,QB,33,13,13,225,392,2704,18,13,56,319,5.70,7,1,1,6,6.00,0,9,3,7,,1,225,225.7,247.7,238.2,9,7,59
60,Marcus Pollard\PollMa00,IND,TE,31,14,13,0,0,0,0,0,0,0,,0,57,40,541,13.53,3,1,,3,,,72,112.1,115.1,92.1,9,7,60
61,Alge Crumpler*\CrumAl00,ATL,TE,26,16,16,0,0,0,0,0,0,0,,0,80,44,552,12.55,3,1,1,3,,,71,115.2,119.2,93.2,8,8,61
62,Eddie George\GeorEd00,TEN,RB,30,16,16,0,0,0,0,0,312,1031,3.30,5,31,22,163,7.41,0,1,,5,,,149,171.4,177.4,160.4,7,21,62
63,T.J. Duckett\DuckT.00,ATL,RB,22,16,10,0,1,0,0,0,197,779,3.95,11,13,11,94,8.55,0,3,2,11,,,149,160.3,165.3,154.8,7,22,63
64,Brett Favre *\FavrBr00,GNB,QB,34,16,16,308,471,3361,32,21,18,15,0.83,0,0,0,0,,0,5,2,0,,2,222,221.9,247.9,242.9,6,8,64
65,Terry Glenn\GlenTe00,DAL,WR,29,16,14,0,1,0,0,0,3,55,18.33,0,96,52,754,14.50,5,2,,5,,,111,162.9,165.9,136.9,6,27,65
66,Freddie Jones\JoneFr00,ARI,TE,29,16,16,0,0,0,0,0,0,0,,0,89,55,517,9.40,3,0,,3,,,70,124.7,127.7,97.2,6,9,66
67,Jon Kitna\KitnJo00,CIN,QB,31,16,16,324,520,3591,26,15,38,113,2.97,0,0,0,0,,0,9,4,0,,,221,220.9,245.9,235.9,5,9,67
68,Plaxico Burress\BurrPl00,PIT,WR,26,16,16,0,0,0,0,0,1,-7,-7.00,0,124,60,860,14.33,4,1,,4,,,109,169.3,172.3,139.3,5,28,68
69,Marc Bulger*\BulgMa00,STL,QB,26,15,15,336,532,3845,22,22,29,75,2.59,4,0,0,0,,0,8,6,4,,1,219,219.3,250.3,241.3,4,10,69
70,Johnnie Morton\MortJo00,KAN,WR,32,16,16,0,0,0,0,0,8,94,11.75,0,92,50,740,14.80,4,0,,4,,,107,157.4,160.4,132.4,3,29,70
71,Michael Pittman\PittMi00,TAM,RB,28,16,13,0,0,0,0,0,187,751,4.02,0,121,75,597,7.96,2,4,1,2,,,145,219.8,226.8,182.3,3,23,71
72,Jim Kleinsasser\KleiJi00,MIN,TE,26,16,16,0,0,0,0,0,2,15,7.50,0,59,46,401,8.72,4,0,,4,,,66,111.6,114.6,88.6,2,10,72
73,Donovan McNabb*\McNaDo00,PHI,QB,27,16,16,275,478,3216,16,11,71,355,5.00,3,1,1,-7,-7.00,0,9,3,3,,,217,218.4,238.4,228.9,2,11,73
74,Daniel Graham\GrahDa00,NWE,TE,25,14,9,0,0,0,0,0,0,0,,0,63,38,409,10.76,4,0,,4,,,65,102.9,105.9,83.9,1,11,74
75,Tom Lopienski\LopiTo20,IND,,24,4,0,0,0,0,0,0,0,0,,0,,0,0,,0,0,,0,,,,,,,,13,75
76,Andrew Pinnock\PinnAn00,SDG,,23,16,0,0,0,0,0,0,0,0,,0,0,0,0,,0,0,,0,,,,,,,,16,76
77,Malaefou MacKenzie\MacKMa20,JAX,,24,1,0,0,0,0,0,0,0,0,,0,0,0,0,,0,0,,0,,,,,,,,9,77
78,Jimmy Smith\SmitJi00,JAX,WR,34,12,12,0,0,0,0,0,0,0,,0,112,54,805,14.91,4,1,,4,,,105,158.5,161.5,131.5,,30,78
79,Brad Johnson\JohnBr00,TAM,QB,35,16,16,354,570,3811,26,21,25,33,1.32,0,1,0,-2,,0,6,2,0,,1,216,215.5,241.5,236.5,,12,
80,Tom Brady\BradTo00,NWE,QB,26,16,16,317,527,3620,23,12,42,63,1.50,1,0,0,0,,0,13,5,1,,,215,215.1,235.1,227.1,,13,
81,Quincy Carter\CartQu00,DAL,QB,26,16,16,292,505,3302,17,21,68,257,3.78,2,0,0,0,,0,10,3,2,,,190,189.8,219.8,210.8,,14,
82,Tommy Maddox\MaddTo00,PIT,QB,32,16,16,298,519,3414,18,17,13,12,0.92,0,0,0,0,,0,5,2,0,,,172,171.8,193.8,188.8,,15,
83,Jake Delhomme\DelhJa00,CAR,QB,28,16,15,266,449,3219,19,16,42,39,0.93,1,0,0,0,,0,15,6,1,,,171,170.7,195.7,186.7,,16,
84,Jake Plummer\PlumJa00,DEN,QB,29,11,11,189,302,2182,15,7,37,205,5.54,3,0,0,0,,0,4,2,3,,,168,167.8,182.8,174.8,,17,
85,Joey Harrington\HarrJo00,DET,QB,25,16,16,309,554,2880,17,22,30,86,2.87,0,1,1,8,8.00,0,6,,0,,2,153,153.6,178.6,175.1,,18,
86,Byron Leftwich\LeftBy00,JAX,QB,23,15,13,239,418,2819,14,16,25,108,4.32,2,0,0,0,,0,11,6,2,,,148,147.6,175.6,163.6,,19,
87,Anthony Thomas\ThomAn01,CHI,RB,26,13,13,0,0,0,0,0,244,1024,4.20,6,14,9,36,4.00,0,1,,6,,,142,151.0,154.0,146.5,,24,
88,Kerry Collins\CollKe00,NYG,QB,31,13,13,284,500,3110,13,16,17,49,2.88,0,0,0,0,,0,12,5,0,1,,141,141.3,165.3,157.3,,20,
89,Jeff Blake\BlakJe00,ARI,QB,33,13,13,208,367,2247,13,15,30,177,5.90,2,0,0,0,,0,8,3,2,1,,138,137.6,161.6,152.6,,21,
90,Troy Hambrick\HambTr00,DAL,RB,27,16,16,0,0,0,0,0,275,972,3.53,5,24,17,99,5.82,0,4,3,5,,,131,148.1,154.1,139.6,,25,
91,Patrick Ramsey\RamsPa00,WAS,QB,24,11,11,179,337,2166,14,9,15,62,4.13,1,0,0,0,,0,8,5,1,,2,131,130.8,147.8,139.8,,22,
92,Warrick Dunn\DunnWa00,ATL,RB,28,11,6,0,0,0,0,0,125,672,5.38,3,52,37,336,9.08,2,2,1,5,,,129,165.8,172.8,147.3,,26,
93,Chad Pennington\PennCh01,NYJ,QB,27,10,9,189,297,2139,13,12,21,42,2.00,2,0,0,0,,0,8,2,2,,1,128,127.8,144.8,139.8,,23,
94,Drew Bledsoe\BledDr00,BUF,QB,31,16,16,274,471,2860,11,12,24,29,1.21,2,0,0,0,,0,15,11,2,,,127,127.3,153.3,139.3,,24,
95,Jerome Bettis\BettJe00,PIT,RB,31,16,10,0,0,0,0,0,246,811,3.30,7,22,13,86,6.62,0,5,4,7,1,,126,138.7,145.7,132.2,,27,
96,Duce Staley\StalDu00,PHI,RB,28,16,4,0,0,0,0,0,96,463,4.82,5,47,36,382,10.61,2,2,2,7,,,123,158.5,166.5,140.5,,28,
97,Jay Fiedler\FiedJa00,MIA,QB,32,12,11,179,314,2138,11,13,34,88,2.59,3,0,0,0,,0,7,4,3,,,122,122.3,142.3,135.3,,25,
98,Correll Buckhalter\BuckCo00,PHI,RB,25,15,5,0,0,0,0,0,126,542,4.30,8,14,10,133,13.30,1,3,2,9,,,118,127.5,135.5,122.5,,31,
99,David Carr\CarrDa00,HOU,QB,24,12,11,167,295,2013,9,13,27,151,5.59,2,1,0,0,,0,4,,2,,,118,117.6,136.6,130.6,,26,
100,Charlie Garner\GarnCh00,OAK,RB,31,14,9,0,0,0,0,0,120,553,4.61,3,70,48,386,8.04,1,1,,4,,,118,165.9,171.9,141.9,,30,
101,Garrison Hearst\HearGa00,SFO,RB,32,12,12,0,0,0,0,0,178,768,4.31,3,38,25,211,8.44,1,2,2,4,,,118,142.9,150.9,130.4,,29,
102,Drew Brees\BreeDr00,SDG,QB,24,11,11,205,356,2108,11,15,21,84,4.00,0,1,1,21,21.00,1,5,3,1,,1,111,111.8,132.8,126.3,,27,
103,Shawn Bryson\BrysSh00,DET,RB,27,16,13,0,0,0,0,0,158,606,3.84,3,72,54,340,6.30,0,2,1,3,,,111,164.6,171.6,137.6,,32,
104,Richie Anderson\AndeRi00,DAL,RB,32,15,8,0,1,0,0,0,70,306,4.37,1,87,69,493,7.14,4,1,,5,,,110,178.9,184.9,144.4,,33,
105,Bobby Engram\EngrBo00,SEA,WR,30,16,7,0,0,0,0,0,0,0,,0,75,52,637,12.25,6,5,1,7,,,104,155.7,159.7,129.7,,31,
106,Kordell Stewart\StewKo00,CHI,QB,31,9,7,126,251,1418,7,12,59,290,4.92,3,0,0,0,,0,7,3,3,1,,104,103.7,124.7,115.7,,28,
107,Peerless Price\PricPe00,ATL,WR,27,16,15,0,0,0,0,0,2,3,1.50,0,141,64,838,13.09,3,0,,3,,,102,166.1,169.1,134.1,,32,
108,Tai Streets\StreTa00,SFO,WR,26,16,16,0,0,0,0,0,0,0,,0,85,47,595,12.66,7,0,,7,,,102,148.5,151.5,125.0,,33,
109,Kevin Faulk\FaulKe00,NWE,RB,27,15,8,0,1,0,0,0,178,638,3.58,0,67,48,440,9.17,0,4,4,0,,,100,147.8,157.8,123.8,,34,
110,Rod Gardner\GardRo00,WAS,WR,26,16,16,2,3,46,2,0,0,0,,0,115,59,600,10.17,5,1,,5,,,100,158.8,161.8,129.3,,34,
111,Muhsin Muhammad\MuhaMu00,CAR,WR,30,15,15,0,0,0,0,0,2,-2,-1.00,0,100,54,837,15.50,3,3,1,3,,,100,153.5,157.5,126.5,,35,
112,Tyrone Wheatley\WheaTy00,OAK,RB,31,15,5,0,0,0,0,0,159,678,4.26,4,18,12,120,10.00,0,2,2,4,,,100,111.8,119.8,105.8,,35,
113,Deion Branch\BranDe00,NWE,WR,24,15,12,0,0,0,0,0,1,11,11.00,0,104,57,803,14.09,3,0,,3,,,99,156.4,159.4,127.9,,36,
114,Jerry Rice\RiceJe00,OAK,WR,41,16,15,0,1,0,0,0,0,0,,0,124,63,869,13.79,2,2,1,2,,,97,159.9,163.9,128.4,,38,
115,Bobby Shaw\ShawBo00,BUF,WR,28,16,7,0,0,0,0,0,0,0,,0,86,56,732,13.07,4,1,,4,,,97,153.2,156.2,125.2,,37,
116,Marty Booker\BookMa00,CHI,WR,27,13,13,0,0,0,0,0,3,-7,-2.33,0,105,52,715,13.75,4,1,,4,,,95,146.8,149.8,120.8,,39,
117,Ike Hilliard\HillIk00,NYG,WR,27,13,12,0,0,0,0,0,2,19,9.50,0,102,60,608,10.13,6,2,2,6,,,95,154.7,159.7,124.7,,40,
118,Thomas Jones\JoneTh00,TAM,RB,25,16,3,0,0,0,0,0,137,627,4.58,3,31,24,180,7.50,0,4,2,3,,,95,118.7,126.7,106.7,,37,
119,Marcel Shipp\ShipMa00,ARI,RB,25,16,11,0,0,0,0,0,228,830,3.64,0,37,30,184,6.13,0,3,3,0,,,95,125.4,134.4,110.4,,36,
120,Doug Flutie\FlutDo00,SDG,QB,41,7,5,91,167,1097,9,4,33,168,5.09,2,0,0,0,,0,7,5,2,,1,93,92.7,107.7,96.7,,29,
121,Dennis Northcutt\NortDe00,CLE,WR,26,15,6,0,1,0,0,0,12,83,6.92,0,93,62,729,11.76,2,2,1,2,,,91,153.2,157.2,122.2,,41,
122,Andre' Davis\DaviAn01,CLE,WR,24,16,8,0,0,0,0,0,5,28,5.60,0,62,40,576,14.40,5,2,,5,,,90,130.4,133.4,110.4,,42,
123,Antowain Smith\SmitAn00,NWE,RB,31,13,6,0,0,0,0,0,182,642,3.53,3,16,14,92,6.57,0,1,1,3,,,89,103.4,107.4,96.4,,38,
124,Travis Taylor\TaylTr01,BAL,WR,25,16,16,0,0,0,0,0,11,62,5.64,0,90,39,632,16.21,3,0,,3,,,87,126.4,129.4,106.9,,43,
125,Amos Zereoue\ZereAm00,PIT,RB,27,16,6,0,0,0,0,0,132,433,3.28,2,52,40,310,7.75,0,0,,2,,,86,126.3,132.3,106.3,,39,
126,David Givens\GiveDa00,NWE,WR,23,13,5,0,1,0,0,1,0,0,,0,54,34,510,15.00,6,0,,6,,,85,119.0,123.0,103.0,,44,
127,Kelly Holcomb\HolcKe00,CLE,QB,30,10,8,193,302,1797,10,12,8,7,0.88,0,0,0,0,,0,5,2,0,,,85,84.6,101.6,96.6,,30,
128,Eric Moulds\MoulEr00,BUF,WR,30,13,13,0,0,0,0,0,0,0,,0,121,64,780,12.19,1,0,,1,,,84,148.0,151.0,116.0,,45,
129,Doug Johnson\JohnDo00,ATL,QB,26,10,8,136,243,1655,8,12,14,21,1.50,1,0,0,0,,0,3,,1,,,82,82.3,97.3,94.3,,31,
130,Kelly Campbell\CampKe00,MIN,WR,23,15,6,0,0,0,0,0,10,71,7.10,0,46,25,522,20.88,4,2,1,4,,,81,106.3,110.3,93.8,,48,
131,Joey Galloway\GallJo00,DAL,WR,32,15,13,0,0,0,0,0,4,22,5.50,0,83,34,672,19.76,2,1,,2,,,81,115.4,118.4,98.4,,46,
132,Kevin Johnson\JohnKe01,2TM,WR,27,15,9,0,1,0,0,0,0,0,,0,95,58,634,10.93,3,0,,3,,,81,139.4,142.4,110.4,,47,
133,Marcus Robinson\RobiMa00,BAL,WR,28,15,5,0,0,0,0,0,0,0,,0,62,31,451,14.55,6,0,,6,,,81,112.1,115.1,96.6,,49,
134,Vinny Testaverde\TestVi00,NYJ,QB,40,7,7,123,198,1385,7,2,6,17,2.83,0,0,0,0,,0,1,,0,,,81,81.1,86.1,83.1,,32,
135,Jerome Pathon\PathJe00,NOR,WR,28,16,12,0,0,0,0,0,0,0,,0,80,44,578,13.14,4,1,1,4,,,80,123.8,127.8,101.8,,50,
136,Trung Canidate\CaniTr00,WAS,RB,26,11,10,0,0,0,0,0,142,600,4.23,1,15,10,71,7.10,1,1,,2,,,79,89.1,92.1,84.1,,40,
137,Rock Cartwright\CartRo01,WAS,RB,24,15,3,0,0,0,0,0,107,411,3.84,4,28,18,176,9.78,0,2,2,4,,,79,96.7,104.7,87.7,,41,
138,Donald Driver\DrivDo00,GNB,WR,28,15,15,0,0,0,0,0,5,51,10.20,0,86,52,621,11.94,2,0,,2,,,79,131.2,134.2,105.2,,51,
139,Ashley Lelie\LeliAs00,DEN,WR,23,16,10,0,0,0,0,0,8,43,5.38,0,81,37,628,16.97,2,0,,2,,,79,116.1,119.1,97.6,,52,
140,Keyshawn Johnson\JohnKe00,TAM,WR,31,10,10,0,0,0,0,0,0,0,,0,74,45,600,13.33,3,0,,3,,,78,123.0,126.0,100.5,,53,
141,Dez White\WhitDe00,CHI,WR,24,15,11,0,0,0,0,0,2,13,6.50,0,107,49,583,11.90,3,0,,3,,,78,126.6,129.6,102.1,,54,
142,Curtis Conway\ConwCu00,NYJ,WR,32,16,15,0,0,0,0,0,0,0,,0,102,46,640,13.91,2,0,,2,,,76,122.0,125.0,99.0,,56,
143,Darnerien McCants\McCaDa00,WAS,WR,27,15,1,0,0,0,0,0,0,0,,0,55,27,360,13.33,6,0,,6,2,,76,103.0,106.0,89.5,,55,
144,Drew Bennett\BennDr00,TEN,WR,25,12,8,1,1,14,0,0,0,0,,0,54,32,504,15.75,4,0,,4,,,75,107.0,110.0,91.0,,58,
145,Robert Ferguson\FergRo00,GNB,WR,24,15,12,0,0,0,0,0,1,-8,-8.00,0,60,38,520,13.68,4,0,,4,,,75,113.2,116.2,94.2,,57,
146,Az-Zahir Hakim\HakiAz00,DET,WR,26,14,12,1,1,21,0,0,3,51,17.00,0,108,49,449,9.16,4,2,1,4,1,,75,123.8,127.8,99.3,,59,
147,Troy Brown\BrowTr00,NWE,WR,32,12,10,0,0,0,0,0,6,27,4.50,0,60,40,472,11.80,4,2,,4,,,74,113.9,116.9,93.9,,60,
148,Corey Dillon\DillCo00,CIN,RB,29,13,11,0,0,0,0,0,138,541,3.92,2,18,11,71,6.45,0,0,,2,,,73,84.2,87.2,78.7,,42,
149,Josh Reed\ReedJo01,BUF,WR,23,16,16,0,0,0,0,0,3,38,12.67,0,104,58,588,10.14,2,1,1,2,,,73,130.6,134.6,101.6,,61,
150,Tim Couch\CoucTi00,CLE,QB,26,10,8,120,203,1319,7,6,11,39,3.55,1,1,1,-3,-3.00,0,6,3,1,,,72,73.4,85.4,78.9,,33,
151,Corey Bradford\BradCo00,HOU,WR,28,16,6,0,0,0,0,0,0,0,,0,62,24,460,19.17,4,0,,4,,,70,94.0,97.0,82.0,,62,
152,DeShaun Foster\FostDe00,CAR,RB,23,14,2,0,0,0,0,0,113,429,3.80,0,35,26,207,7.96,2,3,3,2,,,70,95.6,104.6,82.6,,43,
153,Tim Brown\BrowTi00,OAK,WR,37,16,15,0,0,0,0,0,0,0,,0,94,52,567,10.90,2,0,,2,,,69,120.7,123.7,94.7,,64,
154,Rich Gannon\GannRi00,OAK,QB,38,7,7,125,225,1274,6,4,6,18,3.00,0,0,0,0,,0,2,,0,,,69,68.8,75.8,72.8,,35,
155,Josh McCown\McCoJo01,ARI,QB,24,8,3,95,166,1018,5,6,28,158,5.64,1,0,0,0,,0,10,1,1,,,69,68.5,81.5,74.5,,36,
156,Quincy Morgan\MorgQu00,CLE,WR,26,16,15,0,0,0,0,0,3,-4,-1.33,0,79,38,516,13.58,3,0,,3,,,69,107.2,110.2,88.2,,63,
157,Anthony Wright\WrigAn00,BAL,QB,27,7,7,94,178,1199,9,8,28,73,2.61,0,0,0,0,,0,9,3,0,,,69,69.3,83.3,77.3,,34,
158,Todd Pinkston\PinkTo00,PHI,WR,26,16,15,0,0,0,0,0,1,-11,-11.00,0,86,36,575,15.97,2,1,,2,,,68,104.4,107.4,86.4,,65,
159,Antonio Bryant\BryaAn00,DAL,WR,22,16,5,0,0,0,0,0,2,0,0.00,0,83,39,550,14.10,2,0,,2,,,67,106.0,109.0,86.5,,67,
160,Freddie Mitchell\MitcFr00,PHI,WR,25,16,6,1,1,25,1,0,0,0,,0,59,35,498,14.23,2,0,,2,,,67,101.8,104.8,84.3,,68,
161,James Thrash\ThraJa00,PHI,WR,28,16,16,0,0,0,0,0,5,52,10.40,0,92,49,558,11.39,1,0,,1,,,67,116.0,119.0,91.5,,66,
162,Jamel White\WhitJa00,CLE,RB,26,16,3,0,0,0,0,0,70,266,3.80,1,69,46,303,6.59,1,1,1,2,,,67,112.9,119.9,89.9,,44,
163,Troy Edwards\EdwaTr00,JAX,WR,26,13,11,0,0,0,0,0,3,-9,-3.00,0,62,35,487,13.91,3,0,,3,,,66,100.8,103.8,83.3,,70,
164,Dane Looker\LookDa00,STL,WR,27,16,2,1,1,11,0,0,0,0,,0,75,47,495,10.53,3,1,1,3,,,66,112.9,116.9,89.4,,69,
165,Kyle Boller\BollKy00,BAL,QB,22,11,9,116,224,1260,7,9,30,62,2.07,0,1,0,0,,0,9,5,0,,4,65,64.6,81.6,73.6,,37,
166,Donte' Stallworth\StalDo00,NOR,WR,23,11,3,0,0,0,0,0,1,3,3.00,0,55,25,485,19.40,3,3,1,3,,,65,89.8,93.8,77.3,,71,
167,Jeremy Shockey*\ShocJe00,NYG,TE,23,9,9,0,0,0,0,0,0,0,,0,70,48,535,11.15,2,1,1,2,,,64,111.5,115.5,87.5,,12,
168,William Green\GreeWi01,CLE,RB,24,7,7,0,0,0,0,0,142,559,3.94,1,14,10,50,5.00,0,5,2,1,,,63,72.9,77.9,67.9,,45,
169,Rick Mirer\MireRi00,OAK,QB,33,9,8,116,221,1267,3,5,20,83,4.15,1,0,0,0,,0,4,2,1,,,63,63.0,73.0,68.0,,38,
170,Ricky Proehl\ProeRi00,CAR,WR,35,16,2,0,0,0,0,0,0,0,,0,52,27,389,14.41,4,0,,4,,,63,89.9,92.9,76.4,,72,
171,Michael Vick\VickMi00,ATL,QB,23,5,4,50,100,585,4,3,40,255,6.38,1,0,0,0,,0,4,1,1,,,63,62.9,72.9,65.9,,39,
172,Anthony Becht\BechAn00,NYJ,TE,26,16,16,0,0,0,0,0,0,0,,0,58,40,356,8.90,4,1,,4,1,,62,101.6,104.6,81.6,,14,
173,Michael Bennett\BennMi00,MIN,RB,25,8,7,0,0,0,0,0,90,447,4.97,1,14,12,132,11.00,0,2,1,1,,,62,73.9,80.9,67.9,,46,
174,James Jackson\JackJa00,CLE,RB,27,12,6,0,0,0,0,0,102,382,3.75,3,18,14,114,8.14,0,3,3,3,,,62,75.6,84.6,68.6,,47,
175,Erron Kinney\KinnEr00,TEN,TE,26,16,16,0,0,0,0,0,0,0,,0,58,41,381,9.29,3,1,,4,,,62,103.1,106.1,82.6,,13,
176,Mike Anderson\AndeMi00,DEN,RB,30,12,5,0,0,0,0,0,70,257,3.67,3,15,12,53,4.42,2,2,,5,,,61,73.0,76.0,67.0,,48,
177,Zack Crockett\CrocZa00,OAK,RB,31,16,7,0,0,0,0,0,48,145,3.02,7,12,7,53,7.57,0,1,1,7,,,60,66.8,70.8,63.3,,49,
178,Tony Fisher\FishTo00,GNB,RB,24,15,0,0,0,0,0,0,40,200,5.00,1,25,21,206,9.81,2,0,,3,,,59,79.6,85.6,69.1,,50,
179,Tim Rattay\RattTi00,SFO,QB,26,11,3,73,118,856,7,2,8,0,0.00,0,0,0,0,,0,0,,0,,,58,58.2,63.2,60.2,,40,
180,Olandis Gary\GaryOl00,DET,RB,28,13,1,0,0,0,0,0,113,384,3.40,2,22,13,69,5.31,0,1,,2,,,57,70.3,73.3,63.8,,51,
181,Charles Lee\LeexCh00,TAM,WR,26,8,5,0,0,0,0,0,2,14,7.00,0,46,33,432,13.09,2,0,,2,,,57,89.6,92.6,73.1,,74,
182,Cedrick Wilson\WilsCe00,SFO,WR,25,16,4,1,1,6,0,0,1,-4,-4.00,0,63,35,396,11.31,2,1,,3,,,57,92.4,95.4,74.9,,73,
183,Nate Burleson\BurlNa00,MIN,WR,22,16,9,0,0,0,0,0,0,0,,0,57,29,455,15.69,2,1,1,2,,,56,84.5,88.5,70.0,,76,
184,Tyrone Calico\CaliTy00,TEN,WR,23,14,2,0,0,0,0,0,1,5,5.00,0,43,18,297,16.50,4,0,,4,1,,56,74.2,77.2,65.2,,75,
185,Najeh Davenport\DaveNa00,GNB,RB,24,15,0,0,0,0,0,0,77,420,5.45,2,10,6,38,6.33,0,4,1,2,,,56,61.8,65.8,58.8,,52,
186,Arlen Harris\HarrAr00,STL,RB,23,16,2,0,0,0,0,0,85,255,3.00,4,19,15,102,6.80,0,3,2,4,,,56,70.7,78.7,63.2,,53,
187,Mikhael Ricks\RickMi00,DET,TE,29,16,6,0,0,0,0,0,0,0,,0,61,37,434,11.73,2,0,,2,,,55,92.4,95.4,73.9,,15,
188,Ladell Betts\BettLa00,WAS,RB,24,9,1,0,0,0,0,0,77,255,3.31,2,23,15,167,11.13,0,0,,2,,,54,69.2,75.2,61.7,,54,
189,Jabar Gaffney\GaffJa00,HOU,WR,23,16,11,0,1,0,0,0,1,13,13.00,0,57,34,402,11.82,2,0,,2,,,54,87.5,90.5,70.5,,79,
190,James McKnight\McKnJa00,MIA,WR,31,15,1,0,0,0,0,0,2,75,37.50,1,43,23,285,12.39,2,1,,3,,,54,77.0,80.0,65.5,,78,
191,Billy Miller\MillBi00,HOU,TE,26,16,6,0,0,0,0,0,0,0,,0,65,40,355,8.88,3,0,,3,,,54,93.5,96.5,73.5,,16,
192,Kelley Washington\WashKe00,CIN,WR,24,16,3,0,0,0,0,0,1,5,5.00,0,47,22,299,13.59,4,0,,4,,,54,76.4,79.4,65.4,,77,
193,Gus Frerotte\FrerGu00,MIN,QB,32,16,2,38,65,690,7,2,12,-2,-0.17,0,0,0,0,,0,2,,0,,1,53,53.4,58.4,55.4,,41,
194,LaMont Jordan\JordLa00,NYJ,RB,25,16,0,0,0,0,0,0,46,190,4.13,4,13,11,101,9.18,0,0,,4,,,53,64.1,70.1,58.6,,55,
195,Bubba Franks*\FranBu00,GNB,TE,25,16,15,0,0,0,0,0,0,0,,0,44,30,241,8.03,4,0,,4,2,,52,82.1,85.1,67.1,,17,
196,Bill Schroeder\SchrBi00,DET,WR,32,16,13,0,1,0,0,0,0,0,,0,80,36,397,11.03,2,0,,2,,,52,87.7,90.7,69.7,,80,
197,Desmond Clark\ClarDe00,CHI,TE,26,15,15,0,0,0,0,0,0,0,,0,71,44,433,9.84,2,2,2,2,,,51,95.3,100.3,73.3,,18,
198,Chester Taylor\TaylCh01,BAL,RB,24,16,1,0,0,0,0,0,63,276,4.38,2,27,20,132,6.60,0,3,1,2,,,51,70.8,77.8,60.8,,57,
199,LaBrandon Toefield\ToefLa00,JAX,RB,23,16,0,1,2,32,0,0,53,212,4.00,2,16,14,105,7.50,1,0,,3,,,51,65.0,71.0,58.0,,56,
200,Jerald Sowell\SoweJe00,NYJ,RB,29,16,16,0,0,0,0,0,1,2,2.00,0,60,47,436,9.28,1,0,,1,,,50,96.8,99.8,73.3,,58,
201,Jed Weaver\WeavJe00,SFO,TE,27,16,15,0,0,0,0,0,0,0,,0,53,35,437,12.49,1,1,,1,,,50,84.7,87.7,67.2,,19,
202,Brian Finneran\FinnBr00,ATL,WR,27,12,10,0,0,0,0,0,0,0,,0,54,26,368,14.15,2,0,,2,,,49,74.8,77.8,61.8,,81,
203,Antonio Gates\GateAn00,SDG,TE,23,15,11,0,0,0,0,0,0,0,,0,42,24,389,16.21,2,1,1,2,,,49,72.9,76.9,60.9,,20,
204,Stacey Mack\MackSt00,HOU,RB,28,8,5,0,1,0,0,1,93,253,2.72,4,12,9,55,6.11,0,2,2,4,,,49,57.8,63.8,54.3,,59,
205,Aveion Cason\CasoAv00,DAL,RB,24,10,0,1,1,37,0,0,40,220,5.50,2,20,17,142,8.35,0,2,1,2,,,48,64.7,71.7,56.2,,61,
206,Bryant Johnson\JohnBr02,ARI,WR,22,15,8,0,0,0,0,0,0,0,,0,77,35,438,12.51,1,1,1,1,,,48,82.8,86.8,65.3,,82,
207,Emmitt Smith\SmitEm00,ARI,RB,34,10,5,0,0,0,0,0,90,256,2.84,2,19,14,107,7.64,0,2,,2,,,48,62.3,68.3,55.3,,60,
208,Scotty Anderson\AndeSc00,DET,WR,24,9,0,0,0,0,0,0,0,0,,0,31,17,325,19.12,2,0,,2,1,,47,63.5,66.5,55.0,,83,
209,Derrick Blaylock\BlayDe00,KAN,RB,24,16,0,0,0,0,0,0,22,112,5.09,2,22,15,181,12.07,1,1,,3,,,47,62.3,68.3,54.8,,62,
210,Tim Hasselbeck\HassTi00,WAS,QB,25,7,5,95,177,1012,5,7,15,41,2.73,0,1,0,0,,0,3,2,0,,,47,46.6,58.6,53.6,,42,
211,Chris Chandler\ChanCh00,CHI,QB,38,8,6,107,192,1050,3,7,14,35,2.50,0,0,0,0,,0,4,,0,1,,46,45.5,55.5,52.5,,43,
212,Eric Parker\ParkEr00,SDG,WR,24,8,4,0,0,0,0,0,3,21,7.00,0,31,18,244,13.56,3,1,,3,,,45,62.5,65.5,53.5,,84,
213,Matt Schobel\SchoMa00,CIN,TE,25,15,1,0,0,0,0,0,0,0,,0,30,24,332,13.83,2,2,,2,,,45,69.2,72.2,57.2,,21,
214,Ricky Williams\WillRi01,IND,RB,25,13,4,0,0,0,0,0,48,155,3.23,2,29,22,157,7.14,1,2,2,3,,,45,67.2,75.2,56.2,,63,
215,Tony Banks\BankTo00,HOU,QB,30,7,3,61,102,693,5,3,6,27,4.50,0,0,0,0,,0,1,,0,,,44,44.4,50.4,47.4,,44,
216,Justin Gage\GageJu00,CHI,WR,22,10,3,0,0,0,0,0,0,0,,0,35,17,338,19.88,2,1,1,2,,,44,60.8,64.8,52.3,,86,
217,Robert Holcombe\HolcRo00,TEN,RB,28,15,0,0,0,0,0,0,63,201,3.19,1,25,19,121,6.37,1,2,1,2,1,,44,63.2,70.2,53.7,,64,
218,Charles Rogers\RogeCh01,DET,WR,22,5,5,0,0,0,0,0,2,17,8.50,0,52,22,243,11.05,3,0,,3,,,44,66.0,69.0,55.0,,85,
219,Mike Cloud\ClouMi00,NWE,RB,28,5,1,0,0,0,0,0,27,118,4.37,5,2,1,8,8.00,0,0,,5,,,43,43.6,46.6,43.1,,66,
220,Mack Strong\StroMa00,SEA,RB,32,16,9,0,0,0,0,0,37,174,4.70,1,33,29,216,7.45,0,1,1,1,,,43,72.0,79.0,57.5,,65,
221,David Terrell\TerrDa00,CHI,WR,24,16,7,0,0,0,0,0,1,4,4.00,0,84,43,361,8.40,1,1,,1,,,43,85.5,88.5,64.0,,87,
222,Lamar Gordon\GordLa00,STL,RB,23,10,4,0,0,0,0,0,71,298,4.20,1,13,8,59,7.38,0,1,,1,,,42,49.7,52.7,45.7,,67,
223,Dorsey Levens\LeveDo00,NYG,RB,33,11,0,0,0,0,0,0,68,197,2.90,3,7,5,39,7.80,0,0,,3,,,42,46.6,49.6,44.1,,68,
224,Ernie Conwell\ConwEr00,NOR,TE,31,10,10,0,0,0,0,0,0,0,,0,44,26,290,11.15,2,1,,2,,,41,67.0,70.0,54.0,,22,
225,Christian Fauria\FaurCh00,NWE,TE,32,16,12,0,0,0,0,0,0,0,,0,45,28,285,10.18,2,0,,2,,,41,68.5,71.5,54.5,,24,
226,Justin Griffith\GrifJu00,ATL,RB,23,16,11,0,0,0,0,0,38,168,4.42,0,34,21,122,5.81,2,0,,2,,,41,62.0,68.0,51.5,,69,
227,Jerry Porter\PortJe00,OAK,WR,25,10,1,0,0,0,0,0,1,10,10.00,0,57,28,361,12.89,1,1,1,1,,,41,69.1,73.1,55.1,,88,
228,Jason Witten\WittJa00,DAL,TE,21,15,7,0,0,0,0,0,0,0,,0,54,35,347,9.91,1,0,,1,,,41,75.7,78.7,58.2,,23,
229,Mark Campbell\CampMa00,BUF,TE,28,16,11,0,0,0,0,0,0,0,,0,50,34,339,9.97,1,0,,1,,,40,73.9,76.9,56.9,,26,
230,Dallas Clark\ClarDa00,IND,TE,24,10,10,0,0,0,0,0,0,0,,0,42,29,340,11.72,1,0,,1,,,40,69.0,72.0,54.5,,25,
231,Kassim Osgood\OsgoKa00,SDG,WR,23,16,2,0,0,0,0,0,0,0,,0,33,13,278,21.38,2,0,,2,,,40,52.8,55.8,46.3,,89,
232,Billy Volek\VoleBi00,TEN,QB,27,7,1,44,69,545,4,1,11,4,0.36,1,0,0,0,,0,1,1,1,,,40,40.2,45.2,41.2,,45,
233,Quentin Griffin\GrifQu00,DEN,RB,22,10,1,0,0,0,0,0,94,345,3.67,0,11,8,61,7.63,0,3,1,0,,,39,46.6,50.6,42.6,,72,
234,William Henderson\HendWi00,GNB,RB,32,16,12,0,0,0,0,0,0,0,,0,34,24,214,8.92,3,0,,3,,,39,63.4,66.4,51.4,,70,
235,Brandon Stokley\StokBr00,IND,WR,27,6,3,0,0,0,0,0,0,0,,0,32,22,211,9.59,3,0,,3,,,39,61.1,64.1,50.1,,90,
236,Lee Suggs\SuggLe00,CLE,RB,23,7,0,0,0,0,0,0,56,289,5.16,2,4,2,0,0.00,0,2,1,2,,,39,40.9,44.9,39.9,,71,
237,Bethel Johnson\JohnBe00,NWE,WR,24,15,5,0,0,0,0,0,1,-12,-12.00,0,34,16,209,13.06,2,0,,3,,,38,53.7,56.7,45.7,,91,
238,Cory Schlesinger\SchlCo00,DET,RB,31,16,10,0,0,0,0,0,9,16,1.78,0,49,34,247,7.26,2,0,,2,,,38,72.3,75.3,55.3,,73,
239,L.J. Smith\SmitL.00,PHI,TE,23,15,5,0,0,0,0,0,0,0,,0,46,27,321,11.89,1,1,,1,,,38,65.1,68.1,51.6,,27,
240,Brandon Bennett\BennBr00,CIN,RB,30,16,0,0,0,0,0,0,56,173,3.09,0,32,25,176,7.04,1,2,2,1,,,37,61.9,69.9,49.4,,74,
241,Brandon Manumaleuna\ManuBr00,STL,TE,23,16,15,0,0,0,0,0,4,15,3.75,0,45,29,238,8.21,2,0,,2,,,37,66.3,69.3,51.8,,28,
242,Derrius Thompson\ThomDe00,MIA,WR,26,16,12,0,0,0,0,0,0,0,,0,59,26,359,13.81,0,0,,0,,,36,61.9,64.9,48.9,,92,
243,Wayne Chrebet\ChreWa00,NYJ,WR,30,7,5,0,0,0,0,0,0,0,,0,44,27,289,10.70,1,0,,1,,,35,61.9,64.9,48.4,,94,
244,Brock Forsey\ForsBr00,CHI,RB,23,9,2,0,0,0,0,0,50,191,3.82,2,5,3,37,12.33,0,0,,2,,,35,37.8,40.8,36.3,,75,
245,Chad Lewis\LewiCh00,PHI,TE,32,16,14,0,0,0,0,0,0,0,,0,40,23,293,12.74,1,0,,1,,,35,58.3,61.3,46.8,,29,
246,Brandon Lloyd\LloyBr00,SFO,WR,22,16,1,0,0,0,0,0,0,0,,0,30,14,212,15.14,2,0,,2,1,,35,49.2,52.2,42.2,,93,
247,Brian Griese\GrieBr00,MIA,QB,28,5,5,74,130,813,5,6,5,15,3.00,0,0,0,0,,0,4,4,0,,,34,34.0,47.0,40.0,,46,
248,Terry Jones\JoneTe00,BAL,TE,24,16,13,0,0,0,0,0,0,0,,0,25,19,159,8.37,3,0,,3,,,34,52.9,55.9,43.4,,30,
249,Mark Brunell\BrunMa00,JAX,QB,33,3,3,54,82,484,2,0,8,19,2.38,1,0,0,0,,0,1,1,1,,,33,33.3,37.3,33.3,,47,
250,Bryan Gilmore\GilmBr00,ARI,WR,25,14,10,0,0,0,0,0,1,0,0.00,0,45,17,208,12.24,2,0,,2,,,33,49.8,52.8,41.3,,95,
251,Maurice Morris\MorrMa00,SEA,RB,24,16,1,0,0,0,0,0,38,239,6.29,0,6,4,32,8.00,1,2,,1,,,33,37.1,40.1,35.1,,76,
252,Matthew Hatchette\HatcMa00,JAX,WR,29,6,4,0,0,0,0,0,0,0,,0,28,15,203,13.53,2,0,,2,,,32,47.3,50.3,39.8,,96,
253,Tim Carter\CartTi00,NYG,WR,24,12,2,0,0,0,0,0,0,0,,0,52,26,309,11.88,0,0,,0,,,31,56.9,59.9,43.9,,97,
254,Doug Jolley\JollDo00,OAK,TE,24,15,9,0,0,0,0,0,0,0,,0,54,31,250,8.06,1,0,,1,,,31,62.0,65.0,46.5,,31,
255,Kyle Brady\BradKy00,JAX,TE,31,16,15,0,0,0,0,0,0,0,,0,46,29,281,9.69,1,3,2,1,,,30,59.1,64.1,44.6,,33,
256,Ken Dilger\DilgKe00,TAM,TE,32,15,15,0,0,0,0,0,0,0,,0,41,22,244,11.09,1,1,,1,,,30,52.4,55.4,41.4,,32,
257,Chris Doering\DoerCh00,PIT,WR,30,16,0,0,0,0,0,0,0,0,,0,30,18,240,13.33,1,0,,1,,,30,48.0,51.0,39.0,,98,
258,Stanley Pritchett\PritSt00,CHI,RB,30,16,11,0,0,0,0,0,21,93,4.43,2,27,18,83,4.61,0,0,,2,,,30,47.6,47.6,38.6,,77,
259,Frank Wycheck\WychFr00,TEN,TE,32,10,6,0,0,0,0,0,0,0,,0,29,17,165,9.71,2,0,,2,,,29,45.5,48.5,37.0,,34,
260,Mike Alstott\AlstMi00,TAM,RB,30,4,3,0,0,0,0,0,27,77,2.85,2,12,10,83,8.30,0,0,,2,,,28,38.0,38.0,33.0,,79,
261,Chris Brown\BrowCh03,TEN,RB,22,11,0,0,0,0,0,0,56,221,3.95,0,9,8,61,7.63,0,1,,0,,,28,36.2,39.2,32.2,,78,
262,Marc Edwards\EdwaMa00,JAX,RB,29,16,16,0,0,0,0,0,7,13,1.86,1,43,31,226,7.29,0,0,1,1,,,28,58.9,62.9,43.4,,80,
263,Casey Fitzsimmons\FitzCa00,DET,TE,23,16,11,0,0,0,0,0,0,0,,0,40,23,160,6.96,2,0,,2,,,28,51.0,54.0,39.5,,36,
264,Dominic Rhodes\RhodDo00,IND,RB,24,11,0,0,0,0,0,0,37,157,4.24,0,7,6,62,10.33,1,0,,1,,,28,33.9,36.9,30.9,,81,
265,Wesley Walls\WallWe00,GNB,TE,37,14,1,0,0,0,0,0,0,0,,0,33,20,222,11.10,1,0,,1,,,28,48.2,51.2,38.2,,35,
266,Fred Beasley*\BeasFr00,SFO,RB,29,16,11,0,0,0,0,0,17,24,1.41,0,28,19,184,9.68,1,0,,1,,,27,45.8,48.8,36.3,,82,
267,Travis Minor\MinoTr00,MIA,RB,24,16,0,0,0,0,0,0,41,193,4.71,1,5,4,13,3.25,0,0,,1,,,27,30.6,33.6,28.6,,84,
268,Jon Ritchie\RitcJo00,PHI,RB,29,16,7,0,0,0,0,0,1,1,1.00,0,26,17,86,5.06,3,0,,3,,,27,43.7,43.7,35.2,,83,
269,George Wrighster\WrigGe00,JAX,TE,22,15,1,0,0,0,0,0,0,0,,0,20,13,150,11.54,2,0,,2,,,27,40.0,43.0,33.5,,37,
270,Dan Campbell\CampDa00,DAL,TE,27,16,16,0,0,0,0,0,0,0,,0,30,20,195,9.75,1,0,,1,,,26,45.5,48.5,35.5,,38,
271,Tim Dwight\DwigTi00,SDG,WR,28,9,3,0,0,0,0,0,9,88,9.78,0,31,14,193,13.79,0,1,1,0,,,26,40.1,44.1,33.1,,99,
272,Jesse Palmer\PalmJe00,NYG,QB,25,6,3,60,116,532,3,4,4,23,5.75,0,0,0,0,,0,2,1,0,,,26,25.6,33.6,29.6,,48,
273,Larry Centers\CentLa00,NWE,RB,35,9,3,0,0,0,0,0,21,82,3.90,0,34,19,106,5.58,1,0,,1,,,25,43.8,46.8,34.3,,85,
274,Jeremi Johnson\JohnJe00,CIN,RB,23,16,13,0,0,0,0,0,15,41,2.73,1,20,15,82,5.47,1,0,,2,,,24,39.3,39.3,31.8,,86,
275,Joe Jurevicius\JureJo00,TAM,WR,29,5,2,0,0,0,0,0,0,0,,0,24,12,118,9.83,2,0,,2,,,24,35.8,38.8,29.8,,100,
276,Nate Poole\PoolNa01,ARI,WR,26,15,1,0,0,0,0,0,0,0,,0,19,13,177,13.62,1,0,,1,,,24,36.7,39.7,30.2,,101,
277,Nick Goings\GoinNi00,CAR,RB,25,15,0,0,0,0,0,0,10,69,6.90,0,14,12,97,8.08,1,0,,1,,,23,34.6,34.6,28.6,,89,
278,Rex Grossman\GrosRe00,CHI,QB,23,3,3,38,72,437,2,1,3,-1,-0.33,0,0,0,0,,0,3,,0,,,23,23.4,27.4,24.4,,49,
279,Sammy Morris\MorrSa00,BUF,RB,26,9,0,0,0,0,0,0,19,70,3.68,1,17,14,100,7.14,0,0,,1,,,23,37.0,40.0,30.0,,88,
280,Aaron Stecker\StecAa00,TAM,RB,28,16,1,0,0,0,0,0,37,125,3.38,0,12,9,48,5.33,1,1,,1,,,23,32.3,35.3,27.8,,87,
281,Reuben Droughns\DrouRe00,DEN,RB,25,15,4,0,0,0,0,0,6,14,2.33,0,12,9,87,9.67,2,0,,2,,,22,31.1,31.1,26.6,,90,
282,Jason Dunn\DunnJa00,KAN,TE,30,16,4,0,0,0,0,0,0,0,,0,8,5,35,7.00,3,0,,3,,,22,26.5,26.5,24.0,,39,
283,Jimmy Farris\FarrJi00,ATL,WR,25,16,0,0,0,0,0,0,0,0,,0,15,6,100,16.67,2,0,,2,,,22,28.0,31.0,25.0,,102,
284,D'Wayne Bates\BateDW00,MIN,WR,28,10,8,0,0,0,0,0,0,0,,0,29,15,151,10.07,1,0,,1,,,21,36.1,39.1,28.6,,104,
285,Jonathan Carter\CartJo01,NYJ,WR,24,9,0,0,0,0,0,0,0,0,,0,6,4,93,23.25,1,0,,2,,,21,25.3,25.3,23.3,,103,
286,Chris Fuamatu-Ma'afala\FuamCh00,JAX,RB,26,13,0,0,0,0,0,0,35,144,4.11,1,2,1,2,2.00,0,0,,1,,,21,21.6,24.6,21.1,,91,
287,Patrick Johnson\JohnPa00,WAS,WR,27,16,2,0,0,0,0,0,0,0,,0,28,15,170,11.33,1,2,1,1,,,21,36.0,40.0,28.5,,105,
288,Tony Stewart\StewTo00,CIN,TE,24,16,7,0,0,0,0,0,0,0,,0,33,21,212,10.10,0,0,,0,,,21,42.2,45.2,31.7,,40,
289,Dan Kreider\KreiDa00,PIT,RB,26,16,12,0,0,0,0,0,7,29,4.14,1,24,9,107,11.89,0,0,,1,,,20,28.6,31.6,24.1,,93,
290,Kris Mangum\MangKr00,CAR,TE,30,16,11,0,0,0,0,0,0,0,,0,29,17,199,11.71,0,0,,0,,,20,36.9,39.9,28.4,,43,
291,David Martin\MartDa00,GNB,TE,24,16,3,0,0,0,0,0,0,0,,0,17,13,79,6.08,2,0,,2,,,20,32.9,32.9,26.4,,42,
292,Ed McCaffrey\McCaEd00,DEN,WR,35,12,7,0,0,0,0,0,0,0,,0,34,19,195,10.26,0,0,,0,,,20,38.5,41.5,29.0,,108,
293,Dave Moore\MoorDa00,BUF,TE,34,15,6,0,0,0,0,0,0,0,,0,18,7,82,11.71,2,1,,2,,,20,27.2,27.2,23.7,,41,
294,James Mungro\MungJa00,IND,RB,25,7,0,0,0,0,0,0,24,60,2.50,2,5,1,-4,-4.00,0,0,,2,1,,20,20.6,20.6,20.1,,94,
295,Alan Ricard\RicaAl00,BAL,RB,26,16,13,0,0,0,0,0,19,79,4.16,0,15,9,62,6.89,0,0,,1,,,20,29.1,29.1,24.6,,92,
296,Jay Riemersma\RiemJa00,PIT,TE,30,11,7,0,0,0,0,0,0,0,,0,23,10,138,13.80,1,0,,1,,,20,29.8,32.8,24.8,,44,
297,David Tyree\TyreDa00,NYG,WR,23,16,3,0,0,0,0,0,1,-9,-9.00,0,31,16,211,13.19,0,0,,0,,,20,36.2,39.2,28.2,,107,
298,Alvis Whitted\WhitAl00,OAK,WR,29,16,2,0,0,0,0,0,6,37,6.17,0,24,7,106,15.14,1,0,,1,,,20,27.3,30.3,23.8,,106,
299,Justin Fargas\FargJu00,OAK,RB,23,10,1,0,0,0,0,0,40,203,5.08,0,3,2,2,1.00,0,1,1,0,,,19,20.5,24.5,19.5,,95,
300,Teyo Johnson\JohnTe00,OAK,TE,22,16,5,0,0,0,0,0,0,0,,0,22,14,128,9.14,1,0,,1,,,19,32.8,35.8,25.8,,47,
301,Justin Peelle\PeelJu00,SDG,TE,24,15,9,0,0,0,0,0,0,0,,0,25,16,133,8.31,1,0,,1,,,19,35.3,38.3,27.3,,45,
302,Todd Yoder\YodeTo00,TAM,TE,25,16,1,0,0,0,0,0,0,0,,0,11,7,68,9.71,2,0,,2,,,19,25.8,25.8,22.3,,46,
303,Joe Burns\BurnJo00,BUF,RB,24,16,1,0,0,0,0,0,39,113,2.90,0,9,7,62,8.86,0,1,,0,,,18,24.5,27.5,21.0,,99,
304,Jameel Cook\CookJa00,TAM,RB,24,14,8,0,0,0,0,0,1,-1,-1.00,0,30,20,120,6.00,1,0,,1,,,18,37.9,40.9,27.9,,98,
305,Keith Heinrich\HeinKe00,CLE,TE,24,7,3,0,0,0,0,0,0,0,,0,9,8,64,8.00,2,0,,2,,,18,26.4,26.4,22.4,,48,
306,James Hodgins\HodgJa00,ARI,RB,26,16,8,0,0,0,0,0,2,6,3.00,0,19,14,58,4.14,2,1,,2,,,18,32.4,32.4,25.4,,96,
307,Rob Konrad\KonrRo00,MIA,RB,27,14,12,0,0,0,0,0,4,17,4.25,0,19,16,166,10.38,0,0,,0,,,18,34.3,37.3,26.3,,97,
308,Visanthe Shiancoe\ShiaVi00,NYG,TE,23,16,7,0,0,0,0,0,0,0,,0,23,10,56,5.60,2,0,,2,,,18,27.6,27.6,22.6,,50,
309,Aaron Walker\WalkAa00,SFO,TE,23,16,2,0,0,0,0,0,0,0,,0,13,8,116,14.50,1,0,,1,,,18,25.6,28.6,21.6,,49,
310,Cortez Hankton\HankCo00,JAX,WR,22,16,0,0,0,0,0,0,0,0,,0,41,17,166,9.76,0,0,,0,,,17,33.6,36.6,25.1,,110,
311,Donald Lee\LeexDo00,MIA,TE,23,16,5,0,0,0,0,0,0,0,,0,11,7,110,15.71,1,0,,1,,,17,24.0,27.0,20.5,,51,
312,Frank Sanders\SandFr00,BAL,WR,30,13,0,0,0,0,0,0,0,0,,0,29,14,170,12.14,0,0,,0,,,17,31.0,34.0,24.0,,109,
313,Dedric Ward\WardDe00,2TM,WR,29,7,0,0,0,0,0,0,0,0,,0,13,7,106,15.14,1,0,,1,,,17,23.6,26.6,20.1,,111,
314,Marc Boerigter\BoerMa00,KAN,WR,25,15,0,0,0,0,0,0,0,0,,0,26,11,158,14.36,0,0,,0,,,16,26.8,29.8,21.3,,112,
315,Danny Kanell\KaneDa00,DEN,QB,30,5,2,53,103,442,2,5,6,5,0.83,0,0,0,0,,0,3,,0,,,16,16.2,24.2,21.2,,50,
316,Lorenzo Neal\NealLo00,SDG,RB,33,16,15,0,0,0,0,0,18,40,2.22,1,25,16,62,3.88,0,0,,1,,,16,32.2,32.2,24.2,,100,
317,Marcellus Rivers\RiveMa00,NYG,TE,25,12,6,0,0,0,0,0,0,0,,0,22,17,155,9.12,0,0,,0,,,16,32.5,35.5,24.0,,52,
318,Steve Beuerlein\BeueSt00,DEN,QB,38,4,2,33,63,389,2,5,5,13,2.60,0,0,0,0,,0,3,,0,,,15,14.9,22.9,19.9,,52,
319,Brad Hoover\HoovBr00,CAR,RB,27,16,9,0,0,0,0,0,6,21,3.50,0,20,12,72,6.00,1,1,,1,,,15,27.3,27.3,21.3,,101,
320,Larry Johnson\JohnLa00,KAN,RB,24,6,0,0,0,0,0,0,20,85,4.25,1,3,1,2,2.00,0,0,,1,,,15,15.7,15.7,15.2,,103,
321,Neil O'Donnell\ODonNe00,TEN,QB,37,1,1,18,27,232,2,1,1,-1,-1.00,0,0,0,0,,0,0,,0,,,15,15.2,16.2,16.2,,51,
322,Musa Smith\SmitMu00,BAL,RB,21,11,0,0,0,0,0,0,9,31,3.44,2,0,0,0,,0,1,,2,,,15,15.1,15.1,15.1,,102,
323,J.J. Stokes\StokJ.00,2TM,WR,31,7,3,0,0,0,0,0,0,0,,0,19,15,154,10.27,0,0,,0,,,15,30.4,33.4,22.9,,113,
324,Bobby Wade\WadeBo00,CHI,WR,22,12,1,0,0,0,0,0,5,14,2.80,0,18,12,137,11.42,0,1,,0,,,15,27.1,30.1,21.1,,114,
325,Derick Armstrong\ArmsDe00,HOU,WR,24,8,1,0,0,0,0,0,0,0,,0,13,7,75,10.71,1,0,,1,,,14,20.5,20.5,17.0,,117,
326,Chris Baker\BakeCh00,NYJ,TE,24,16,0,0,0,0,0,0,0,0,,0,18,14,137,9.79,0,0,,0,,,14,27.7,30.7,20.7,,56,
327,Ki-Jana Carter\CartKi00,NOR,RB,30,8,0,0,0,0,0,0,19,72,3.79,1,3,1,11,11.00,0,0,,1,,,14,15.3,15.3,14.8,,104,
328,Cam Cleeland\CleeCa00,STL,TE,28,16,10,0,0,0,0,0,2,-5,-2.50,0,16,10,145,14.50,0,1,,0,,,14,24.0,27.0,19.0,,54,
329,Antonio Freeman\FreeAn00,GNB,WR,31,15,0,0,0,0,0,0,0,0,,0,22,14,141,10.07,0,0,,0,,,14,28.1,31.1,21.1,,116,
330,Reggie Kelly\KellRe00,CIN,TE,26,12,11,0,0,0,0,0,0,0,,0,21,13,81,6.23,1,0,,1,,,14,27.1,27.1,20.6,,53,
331,Adrian Murrell\MurrAd00,DAL,RB,33,3,0,0,0,0,0,0,28,107,3.82,0,4,4,32,8.00,0,0,,0,,,14,17.9,20.9,15.9,,105,
332,David Patten\PattDa00,NWE,WR,29,6,5,0,0,0,0,0,1,4,4.00,0,22,9,140,15.56,0,0,,0,,,14,23.4,26.4,18.9,,115,
333,Artose Pinner\PinnAr00,DET,RB,25,3,2,0,0,0,0,0,39,99,2.54,0,7,5,40,8.00,0,0,,0,,,14,18.9,18.9,16.4,,106,
334,Tony Richardson *\RichTo00,KAN,RB,32,16,10,0,0,0,0,0,24,60,2.50,0,16,12,76,6.33,0,0,,0,,,14,25.6,25.6,19.6,,108,
335,Jamal Robertson\RobeJa00,SFO,RB,26,9,0,0,0,0,0,0,32,136,4.25,0,2,0,0,,0,0,,0,,,14,13.6,16.6,13.6,,107,
336,Darnell Sanders\SandDa00,CLE,TE,24,16,12,0,0,0,0,0,0,0,,0,21,15,95,6.33,1,1,1,1,,,14,28.5,29.5,21.0,,57,
337,Jermaine Wiggins\WiggJe00,CAR,TE,28,16,11,0,0,0,0,0,0,0,,0,20,8,80,10.00,1,0,,1,,,14,22.0,22.0,18.0,,55,
338,David Allen\AlleDa00,JAX,RB,25,14,0,0,0,0,0,0,4,8,2.00,0,7,6,60,10.00,1,2,,1,,,13,18.8,18.8,15.8,,109,
339,Steve Bush\BushSt00,ARI,TE,29,16,4,0,0,0,0,0,0,0,,0,17,11,71,6.45,1,0,,1,,,13,24.1,24.1,18.6,,60,
340,Steve Heiden\HeidSt00,CLE,TE,27,9,9,0,0,0,0,0,0,0,,0,31,18,134,7.44,0,0,,0,,,13,31.4,34.4,22.4,,58,
341,Kurt Kittner\KittKu00,ATL,QB,23,7,4,44,114,391,2,6,8,13,1.63,0,0,0,0,,0,0,,0,,,13,12.9,21.9,18.9,,53,
342,Josh Norman\NormJo00,SDG,TE,23,7,1,0,0,0,0,0,0,0,,0,12,6,72,12.00,1,0,,1,,,13,19.2,19.2,16.2,,59,
343,Jeff Robinson\RobiJe00,DAL,TE,33,16,0,0,0,0,0,0,0,0,,0,2,2,8,4.00,2,0,,2,,,13,14.8,14.8,13.8,,61,
344,Alex Bannister*\BannAl00,SEA,WR,24,16,2,0,0,0,0,0,0,0,,0,12,3,61,20.33,1,0,,1,,,12,15.1,15.1,13.6,,119,
345,Erik Bickerstaff\BickEr00,DAL,RB,23,4,0,0,0,0,0,0,19,56,2.95,1,0,0,0,,0,0,,1,,,12,11.6,11.6,11.6,,110,
346,Reche Caldwell\CaldRe00,SDG,WR,24,9,4,0,0,0,0,0,5,39,7.80,0,34,8,80,10.00,0,0,,0,,,12,19.9,19.9,15.9,,120,
347,Jim Finn\FinnJi00,NYG,RB,27,15,9,0,0,0,0,0,0,0,,0,20,14,115,8.21,0,0,,0,,,12,25.5,28.5,18.5,,111,
348,Quentin McCord\McCoQu00,ATL,WR,25,9,2,0,0,0,0,0,2,2,1.00,0,23,9,121,13.44,0,0,,0,,,12,21.3,24.3,16.8,,118,
349,Shad Meier\MeieSh00,TEN,TE,25,15,6,0,0,0,0,0,0,0,,0,19,13,159,12.23,0,1,2,0,,,12,24.9,29.9,18.4,,62,
350,Dwayne Carswell\CarsDw00,DEN,TE,31,16,10,0,0,0,0,0,0,0,,0,18,6,53,8.83,1,0,,1,,,11,17.3,17.3,14.3,,64,
351,Jerame Tuman\TumaJe00,PIT,TE,27,16,12,0,0,0,0,0,0,0,,0,19,12,113,9.42,0,0,,0,,,11,23.3,26.3,17.3,,63,
352,Kurt Warner\WarnKu00,STL,QB,32,2,1,38,65,365,1,1,1,0,0.00,0,0,0,0,,0,6,3,0,,,11,10.6,17.6,11.6,,54,
353,Damien Anderson\AndeDa00,ARI,RB,24,16,0,0,0,0,0,0,18,68,3.78,0,12,6,36,6.00,0,0,,0,,,10,16.4,16.4,13.4,,112,
354,Rickey Dudley\DudlRi00,TAM,TE,31,7,2,0,0,0,0,0,0,0,,0,11,7,42,6.00,1,0,,1,,,10,17.2,17.2,13.7,,65,
355,Dondre Gilliam\GillDo00,SDG,WR,26,5,1,0,0,0,0,0,0,0,,0,8,6,95,15.83,0,0,,0,,,10,15.5,15.5,12.5,,123,
356,Taylor Jacobs\JacoTa00,WAS,WR,22,8,0,0,0,0,0,0,0,0,,0,6,3,37,12.33,1,0,,1,,,10,12.7,12.7,11.2,,122,
357,Greg Lewis\LewiGr01,PHI,WR,23,11,0,0,0,0,0,0,0,0,,0,9,6,95,15.83,0,0,,0,,,10,15.5,15.5,12.5,,124,
358,Aaron Moorehead\MoorAa00,IND,WR,23,7,0,0,0,0,0,0,0,0,,0,10,7,101,14.43,0,1,,0,,,10,17.1,20.1,13.6,,121,
359,Rabih Abdullah\AbduRa00,CHI,RB,28,15,0,0,0,0,0,0,18,37,2.06,0,9,8,55,6.88,0,0,,0,,,9,17.2,17.2,13.2,,113,
360,Sam Gash\GashSa00,BUF,RB,34,16,10,0,0,0,0,0,1,3,3.00,0,13,11,83,7.55,0,1,,0,,,9,19.6,19.6,14.1,,115,
361,Tony Hollings\HollTo00,HOU,RB,22,14,1,0,0,0,0,0,38,102,2.68,0,6,2,25,12.50,0,2,2,0,,,9,10.7,15.7,9.7,,114,
362,Andre King\KingAn00,CLE,WR,30,15,0,0,0,0,0,0,0,0,,0,14,9,88,9.78,0,0,,0,,,9,17.8,17.8,13.3,,126,
363,Shaun King\KingSh00,TAM,QB,26,3,0,15,22,130,1,1,4,20,5.00,0,0,0,0,,0,0,,0,,,9,9.2,10.2,10.2,,55,
364,Kevin Swayne\SwayKe00,NYJ,WR,28,15,0,0,0,0,0,0,0,0,,0,10,2,29,14.50,1,0,,1,,,9,10.9,10.9,9.9,,125,
365,Marques Tuiasosopo\TuiaMa00,OAK,QB,24,4,1,25,45,324,0,3,6,22,3.67,0,0,0,0,,0,2,,0,,,9,9.2,15.2,12.2,,56,
366,John Avery\AverJo00,MIN,RB,27,6,0,0,0,0,0,0,1,0,0.00,0,4,2,24,12.00,1,1,,1,,,8,10.4,10.4,9.4,,116,
367,Woodrow Dantzler\DantWo00,ATL,RB,24,9,0,0,1,0,0,0,8,21,2.63,1,0,0,0,,0,0,,1,,,8,8.1,8.1,8.1,,117,
368,Doug Gabriel\GabrDo00,OAK,WR,23,12,0,0,0,0,0,0,0,0,,0,1,1,17,17.00,0,0,,1,,,8,8.7,8.7,8.2,,127,
369,Verron Haynes\HaynVe00,PIT,RB,24,12,0,0,0,0,0,0,20,63,3.15,0,10,7,57,8.14,0,2,2,0,,,8,15.0,17.0,11.5,,119,
370,Will Heller\HellWi00,TAM,TE,22,9,1,0,0,0,0,0,0,0,,0,4,2,15,7.50,1,0,,1,,,8,9.5,9.5,8.5,,68,
371,Jabari Holloway\HollJa01,HOU,TE,25,15,9,0,0,0,0,0,0,0,,0,10,8,84,10.50,0,0,,0,,,8,16.4,16.4,12.4,,66,
372,Bryan Johnson\JohnBr01,WAS,RB,25,16,11,0,0,0,0,0,2,5,2.50,0,12,9,71,7.89,0,0,,0,,,8,16.6,16.6,12.1,,120,
373,Kevin Lockett\LockKe00,NYJ,WR,29,3,0,0,0,0,0,0,0,0,,0,7,5,76,15.20,0,0,,0,,,8,12.6,12.6,10.1,,128,
374,Dustin Lyman\LymaDu00,CHI,TE,27,9,1,0,0,0,0,0,0,0,,0,13,11,80,7.27,0,0,,0,,,8,19.0,19.0,13.5,,67,
375,Adrian Peterson\PeteAd00,CHI,RB,24,6,1,0,0,0,0,0,22,70,3.18,0,1,1,5,5.00,0,0,,0,,,8,8.5,8.5,8.0,,121,
376,Rod Smart\SmarRo00,CAR,RB,26,16,0,0,0,0,0,0,20,49,2.45,0,3,3,11,3.67,0,2,2,1,,,8,11.0,13.0,9.5,,118,
377,Eddie Berlin\BerlEd00,TEN,WR,25,14,0,0,0,0,0,0,0,0,,0,2,1,50,50.00,1,2,2,1,,,7,8.0,10.0,7.5,,129,
378,Todd Bouman\BoumTo00,NOR,QB,31,4,0,7,13,81,1,0,3,1,0.33,0,0,0,0,,0,1,1,0,,1,7,7.3,8.3,7.3,,58,
379,Mark Bruener\BrueMa00,PIT,TE,31,14,0,0,0,0,0,0,0,0,,0,6,2,12,6.00,1,0,,1,,,7,9.2,9.2,8.2,,69,
380,Jesse Chatman\ChatJe00,SDG,RB,24,16,0,0,0,0,0,0,8,17,2.13,0,5,5,54,10.80,0,0,,0,,,7,12.1,12.1,9.6,,122,
381,Clarence Coleman\ColeCl00,BUF,WR,23,14,0,0,0,0,0,0,0,0,,0,17,8,69,8.63,0,0,,0,,,7,14.9,14.9,10.9,,130,
382,Zeron Flemister\FlemZe00,WAS,TE,27,12,9,0,0,0,0,0,0,0,,0,17,9,89,9.89,0,1,1,0,,,7,15.9,16.9,11.4,,72,
383,David Garrard\GarrDa00,JAX,QB,25,2,0,9,12,86,1,0,0,0,,0,0,0,0,,0,0,,0,,,7,7.4,7.4,7.4,,57,
384,Shaun McDonald\McDoSh00,STL,WR,22,8,1,0,0,0,0,0,2,7,3.50,0,21,10,62,6.20,0,1,,0,,,7,16.9,16.9,11.9,,131,
385,Jimmy Redmond\RedmJi00,JAX,WR,26,12,0,0,0,0,0,0,0,0,,0,7,3,67,22.33,0,0,,0,,,7,9.7,9.7,8.2,,132,
386,O.J. Santiago\SantO.00,OAK,TE,29,12,7,0,0,0,0,0,0,0,,0,7,5,69,13.80,0,0,,0,,,7,11.9,11.9,9.4,,71,
387,Jerramy Stevens\StevJe00,SEA,TE,24,16,3,0,0,0,0,0,0,0,,0,19,6,72,12.00,0,0,,0,,,7,13.2,13.2,10.2,,70,
388,R.J. Bowers\BoweRJ00,CLE,RB,29,1,0,0,0,0,0,0,0,0,,0,2,1,2,2.00,1,0,,1,,,6,7.2,7.2,6.7,,124,
389,Avon Cobourne\CoboAv00,DET,RB,24,7,0,0,0,0,0,0,10,27,2.70,0,9,4,30,7.50,0,0,,0,,,6,9.7,9.7,7.7,,126,
390,Heath Evans\EvanHe00,SEA,RB,25,14,0,0,0,0,0,0,7,24,3.43,0,2,2,34,17.00,0,0,,0,,,6,7.8,7.8,6.8,,125,
391,Ryan Neufeld\NeufRy00,BUF,TE,28,16,1,0,0,0,0,0,1,14,14.00,0,5,3,41,13.67,0,0,,0,,,6,8.5,8.5,7.0,,73,
392,Dave Ragone\RagoDa00,HOU,QB,24,2,2,20,40,135,0,1,6,51,8.50,0,1,1,-5,-5.00,0,4,1,0,,,6,7.0,9.0,7.5,,59,
393,Walter Rasby\RasbWa00,NOR,TE,31,16,7,0,0,0,0,0,0,0,,0,7,6,55,9.17,0,0,,0,,,6,11.5,11.5,8.5,,74,
394,Sage Rosenfels\RoseSa00,MIA,QB,25,2,0,4,6,50,1,0,1,-1,-1.00,0,0,0,0,,0,0,,0,,,6,5.9,5.9,5.9,,60,
395,Lamar Smith\SmitLa00,NOR,RB,33,4,0,0,0,0,0,0,11,61,5.55,0,1,1,2,2.00,0,0,,0,,,6,7.3,7.3,6.8,,123,
396,Randal Williams\WillRa01,DAL,,25,15,0,0,0,0,0,0,0,0,,0,3,0,0,,0,0,,1,,,6,6.0,6.0,6.0,,133,
397,Obafemi Ayanbadejo\AyanOb00,MIA,RB,28,16,2,0,0,0,0,0,1,-2,-2.00,0,13,12,53,4.42,0,1,,0,,,5,17.1,17.1,11.1,,127,
398,Travis Brown\BrowTr01,BUF,QB,26,2,0,14,18,160,0,1,1,5,5.00,0,0,0,0,,0,0,,0,,,5,4.9,5.9,5.9,,61,
399,Oronde Gadsden\GadsOr00,MIA,WR,32,6,0,0,0,0,0,0,0,0,,0,9,4,48,12.00,0,0,,0,,,5,8.8,8.8,6.8,,138,
400,Hunter Goodwin\GoodHu00,MIN,TE,31,16,5,0,0,0,0,0,0,0,,0,5,4,26,6.50,0,0,,0,1,,5,8.6,8.6,6.6,,77,
401,Shawn Jefferson\JeffSh00,DET,WR,34,7,3,0,0,0,0,0,1,3,3.00,0,11,6,46,7.67,0,0,,0,,,5,10.9,10.9,7.9,,137,
402,David Kircus\KircDa00,DET,WR,23,5,2,0,0,0,0,0,0,0,,0,12,3,53,17.67,0,0,,0,,,5,8.3,8.3,6.8,,135,
403,Brian Kozlowski\KozlBr00,ATL,TE,33,16,9,0,0,0,0,0,0,0,,0,27,10,87,8.70,0,1,2,0,,,5,14.7,16.7,9.7,,76,
404,Jason McAddley\McAdJa00,ARI,WR,24,2,0,0,0,0,0,0,0,0,,0,12,4,53,13.25,0,0,,0,,,5,9.3,9.3,7.3,,134,
405,Ahmad Merritt\MerrAh00,CHI,WR,26,15,1,0,0,0,0,0,0,0,,0,10,3,50,16.67,0,1,,0,,,5,8.0,8.0,6.5,,136,
406,Patrick Pass\PassPa00,NWE,RB,26,13,1,0,0,0,0,0,6,27,4.50,0,8,4,21,5.25,0,0,,0,,,5,8.8,8.8,6.8,,129,
407,Robert Royal\RoyaRo00,WAS,TE,24,6,6,0,0,0,0,0,0,0,,0,11,5,48,9.60,0,1,,0,,,5,9.8,9.8,7.3,,75,
408,Paul Smith\SmitPa00,DET,RB,25,7,0,0,0,0,0,0,2,5,2.50,0,6,5,45,9.00,0,0,,0,,,5,10.0,10.0,7.5,,128,
409,Sam Aiken\AikeSa00,BUF,WR,23,5,0,0,0,0,0,0,0,0,,0,8,3,35,11.67,0,0,,0,,,4,6.5,6.5,5.0,,140,
410,Doug Chapman\ChapDo00,MIN,RB,26,4,0,0,0,0,0,0,15,33,2.20,0,1,1,8,8.00,0,0,,0,,,4,5.1,5.1,4.6,,130,
411,James Fenderson\FendJa00,NOR,RB,27,9,0,0,0,0,0,0,4,14,3.50,0,1,1,5,5.00,0,0,,0,1,,4,4.9,4.9,4.4,,132,
412,Rob Johnson\JohnRo00,2TM,QB,30,4,0,11,20,93,0,1,3,21,7.00,0,0,0,0,,0,0,,0,,,4,3.8,4.8,4.8,,62,
413,Kendall Newson\NewsKe00,MIA,WR,23,6,0,0,0,0,0,0,0,0,,0,6,2,55,27.50,0,1,1,0,,,4,5.5,6.5,4.5,,141,
414,Moran Norris\NorrMo00,HOU,RB,25,16,9,0,0,0,0,0,0,0,,0,10,7,40,5.71,0,0,,0,,,4,11.0,11.0,7.5,,131,
415,J.R. Redmond\RedmJ.00,OAK,RB,26,1,0,0,0,0,0,0,9,30,3.33,0,2,1,6,6.00,0,0,,0,,,4,4.6,4.6,4.1,,133,
416,Mike Seidman\SeidMi00,CAR,TE,22,12,5,0,0,0,0,0,0,0,,0,10,5,35,7.00,0,0,,0,,,4,8.5,8.5,6.0,,78,
417,Edell Shepherd\ShepEd00,TAM,WR,23,2,0,0,0,0,0,0,0,0,,0,6,4,38,9.50,0,0,,0,,,4,7.8,7.8,5.8,,139,
418,Byron Chamberlain\ChamBy00,WAS,TE,32,4,1,0,0,0,0,0,0,0,,0,4,4,29,7.25,0,0,,0,,,3,6.9,6.9,4.9,,83,
419,Ronald Curry\CurrRo01,OAK,WR,24,16,2,0,0,0,0,0,1,0,0.00,0,10,5,31,6.20,0,1,,0,,,3,8.1,8.1,5.6,,142,
420,Talman Gardner\GardTa00,NOR,WR,23,10,1,0,0,0,0,0,0,0,,0,15,3,29,9.67,0,0,,0,,,3,5.9,5.9,4.4,,144,
421,Karl Hankton\HankKa00,CAR,WR,33,14,0,0,0,0,0,0,0,0,,0,4,2,27,13.50,0,0,,0,,,3,4.7,4.7,3.7,,145,
422,Patrick Hape\HapePa00,DEN,TE,29,16,0,0,0,0,0,0,0,0,,0,4,3,30,10.00,0,0,,0,,,3,6.0,6.0,4.5,,81,
423,Frisman Jackson\JackFr01,CLE,WR,24,5,0,0,1,0,0,0,0,0,,0,5,2,29,14.50,0,0,,0,,,3,4.9,4.9,3.9,,143,
424,Chris Luzar\LuzaCh00,JAX,TE,24,11,1,0,0,0,0,0,0,0,,0,4,3,30,10.00,0,0,,0,,,3,6.0,6.0,4.5,,80,
425,Chad Mustard\MustCh00,CLE,TE,26,10,0,0,0,0,0,0,0,0,,0,6,4,29,7.25,0,0,,0,,,3,6.9,6.9,4.9,,82,
426,Jeb Putzier\PutzJe00,DEN,TE,24,4,0,0,0,0,0,0,0,0,,0,5,4,34,8.50,0,0,,0,,,3,7.4,7.4,5.4,,79,
427,Cecil Sapp\SappCe00,DEN,RB,25,1,0,0,0,0,0,0,12,31,2.58,0,0,0,0,,0,0,,0,,,3,3.1,3.1,3.1,,134,
428,John Simon\SimoJo00,WAS,RB,25,4,0,0,0,0,0,0,3,9,3.00,0,3,3,21,7.00,0,1,,0,,,3,6.0,6.0,4.5,,136,
429,Terrelle Smith\SmitTe00,NOR,RB,25,15,10,0,0,0,0,0,0,0,,0,10,6,28,4.67,0,0,,0,,,3,8.8,8.8,5.8,,138,
430,Charles Stackhouse\StacCh00,MIN,RB,23,14,2,0,0,0,0,0,1,0,0.00,0,7,6,30,5.00,0,0,,0,,,3,9.0,9.0,6.0,,137,
431,Jonathan Wells\WellJo00,HOU,RB,24,13,0,0,0,0,0,0,5,14,2.80,0,4,2,17,8.50,0,0,,0,,,3,5.1,5.1,4.1,,135,
432,Stephen Alexander\AlexSt00,SDG,,28,3,0,0,0,0,0,0,0,0,,0,6,0,0,,0,0,,0,1,,2,2.0,2.0,2.0,,86,
433,Bill Baber\BabeBi00,KAN,TE,24,16,0,0,0,0,0,0,0,0,,0,1,1,20,20.00,0,0,,0,,,2,3.0,3.0,2.5,,85,
434,Todd Collins\CollTo00,KAN,QB,32,5,0,9,12,74,0,0,8,-7,-0.88,0,0,0,0,,0,0,,0,,,2,2.3,2.3,2.3,,63,
435,Joe Davenport\DaveJo00,IND,TE,27,16,2,0,0,0,0,0,0,0,,0,8,3,23,7.67,0,0,,0,,,2,5.3,5.3,3.8,,84,
436,Darnell Dinkins\DinkDa00,NYG,TE,26,7,0,0,0,0,0,0,0,0,,0,5,2,16,8.00,0,0,,0,,,2,3.6,3.6,2.6,,88,
437,Kevin Dyson\DysoKe00,CAR,WR,28,1,0,0,0,0,0,0,0,0,,0,2,2,15,7.50,0,0,,0,,,2,3.5,3.5,2.5,,150,
438,Omar Easy\EasyOm00,KAN,RB,26,15,0,0,0,0,0,0,0,0,,0,5,3,19,6.33,0,0,,0,,,2,4.9,4.9,3.4,,141,
439,Chris Hetherington\HethCh00,OAK,RB,31,14,1,0,0,0,0,0,0,0,,0,4,2,23,11.50,0,0,,0,,,2,4.3,4.3,3.3,,139,
440,Keenan Howry\HowrKe00,MIN,WR,22,16,1,0,0,0,0,0,0,0,,0,6,2,15,7.50,0,0,,0,,,2,3.5,3.5,2.5,,149,
441,Brock Huard\HuarBr00,IND,QB,27,2,0,2,3,22,0,0,3,8,2.67,0,0,0,0,,0,1,,0,,,2,1.7,1.7,1.7,,64,
442,Kevin Kasper\KaspKe00,ARI,WR,26,7,0,0,0,0,0,0,1,-4,-4.00,0,6,1,23,23.00,0,0,,0,,,2,2.9,2.9,2.4,,146,
443,George Layne\LaynGe00,ATL,RB,25,3,0,0,0,0,0,0,1,15,15.00,0,2,1,3,3.00,0,0,,0,,,2,2.8,2.8,2.3,,142,
444,Jamar Martin\MartJa01,DAL,RB,23,14,1,0,0,0,0,0,4,7,1.75,0,4,2,9,4.50,0,0,,0,,,2,3.6,3.6,2.6,,143,
445,Tee Martin\MartTe00,OAK,QB,25,2,0,6,16,69,0,1,5,28,5.60,0,0,0,0,,0,3,1,0,,,2,1.6,3.6,2.6,,65,
446,Lee Mays\MaysLe00,PIT,WR,25,16,0,0,0,0,0,0,0,0,,0,3,2,17,8.50,0,0,,0,,,2,3.7,3.7,2.7,,148,
447,Fred McCrary\McCrFr00,NWE,RB,31,6,3,0,0,0,0,0,3,3,1.00,0,5,2,12,6.00,0,0,,0,,,2,3.5,3.5,2.5,,144,
448,Sultan McCullough\McCuSu00,WAS,RB,23,1,0,0,0,0,0,0,1,9,9.00,0,3,3,13,4.33,0,0,,0,,,2,5.2,5.2,3.7,,140,
449,Kevin Walter\WaltKe00,CIN,WR,22,11,0,0,0,0,0,0,0,0,,0,4,3,18,6.00,0,0,,0,,,2,4.8,4.8,3.3,,147,
450,Kevin Ware\WareKe00,WAS,TE,23,11,2,0,0,0,0,0,0,0,,0,7,3,17,5.67,0,0,,0,,,2,4.7,4.7,3.2,,87,
451,Nick Luchey\WillNi00,GNB,RB,26,11,2,0,0,0,0,0,1,3,3.00,0,2,1,12,12.00,0,0,,0,,,2,2.5,2.5,2.0,,145,
452,B.J. Askew\AskeB.00,NYJ,RB,23,16,0,0,0,0,0,0,2,9,4.50,0,0,0,0,,0,0,,0,,,1,0.9,0.9,0.9,,146,
453,Darian Barnes\BarnDa00,TAM,RB,23,14,0,0,0,0,0,0,0,0,,0,1,1,6,6.00,0,0,,0,,,1,1.6,1.6,1.1,,147,
454,Charlie Batch\BatcCh00,PIT,QB,29,4,0,4,8,47,0,0,1,11,11.00,0,0,0,0,,0,1,1,0,,,1,1.0,2.0,1.0,,69,
455,Arnaz Battle\BattAr00,SFO,WR,23,8,0,0,0,0,0,0,2,14,7.00,0,1,0,0,,0,0,,0,,,1,1.4,1.4,1.4,,151,
456,Kevin Curtis\CurtKe00,STL,WR,25,4,1,0,0,0,0,0,0,0,,0,5,4,13,3.25,0,0,,0,,,1,5.3,5.3,3.3,,152,
457,Rohan Davey\DaveRo01,NWE,QB,25,1,0,3,7,31,0,0,0,0,,0,0,0,0,,0,0,,0,,,1,1.2,1.2,1.2,,67,
458,Koy Detmer\DetmKo00,PHI,QB,30,16,0,3,5,32,0,0,0,0,,0,0,0,0,,0,0,,0,,,1,1.3,1.3,1.3,,66,
459,Trent Dilfer\DilfTr00,SEA,QB,31,5,0,4,8,31,1,1,2,-1,-0.50,0,0,0,0,,0,2,1,0,,,1,1.1,3.1,2.1,,68,
460,Terrence Edwards\EdwaTe00,ATL,WR,24,6,0,0,0,0,0,0,0,0,,0,5,1,10,10.00,0,0,,0,,,1,2.0,2.0,1.5,,155,
461,Larry Foster\FostLa00,ARI,WR,27,1,1,0,0,0,0,0,0,0,,0,1,1,7,7.00,0,0,,0,,,1,1.7,1.7,1.2,,156,
462,Jarious Jackson\JackJa01,DEN,QB,26,1,1,4,9,41,0,1,1,9,9.00,0,0,0,0,,0,0,,0,,,1,0.5,1.5,1.5,,72,
463,Ron Johnson\JohnRo03,BAL,WR,23,6,0,0,0,0,0,0,0,0,,0,3,1,12,12.00,0,0,,0,,,1,2.2,2.2,1.7,,153,
464,Derrick Lewis\LewiDe00,NOR,WR,28,3,0,0,0,0,0,0,0,0,,0,1,1,7,7.00,0,0,,0,,,1,1.7,1.7,1.2,,157,
465,Mike McMahon\McMaMi00,DET,QB,24,3,0,9,31,87,0,2,5,32,6.40,0,0,0,0,,0,1,1,0,,,1,0.7,3.7,2.7,,71,
466,Rodney Peete\PeetRo00,CAR,QB,37,1,1,4,10,19,0,0,0,0,,0,0,0,0,,0,0,,0,,,1,0.8,0.8,0.8,,70,
467,Cliff Russell\RussCl00,WAS,WR,24,3,0,0,0,0,0,0,0,0,,0,2,2,10,5.00,0,0,,0,,,1,3.0,3.0,2.0,,154,
468,Aaron Shea\SheaAa00,CLE,TE,27,4,2,0,0,0,0,0,0,0,,0,5,2,9,4.50,0,0,,0,,,1,2.9,2.9,1.9,,89,
469,Charlie Adams\AdamCh00,DEN,,24,4,0,0,0,0,0,0,0,0,,0,4,0,0,,0,0,,0,,,,,,,,176,
470,Dan Alexander\AlexDa21,STL,,25,1,0,0,0,0,0,0,0,0,,0,,0,0,,0,0,,0,,,,,,,,151,
471,Brian Allen\AlleBr20,IND,,23,4,0,0,0,0,0,0,0,0,,0,0,0,0,,0,0,,0,,,,,,,,154,
472,Richard Angulo\AnguRi00,STL,,23,5,0,0,0,0,0,0,0,0,,0,1,0,0,,0,0,,0,,,,,,,,117,
473,Karsten Bailey\BailKa00,GNB,,26,1,0,0,0,0,0,0,0,0,,0,2,0,0,,0,0,,0,,,,,,,,161,
474,Eugene Baker\BakeEu00,CAR,,27,1,0,0,0,0,0,0,0,0,,0,,0,0,,0,0,,0,,,,,,,,165,
475,Mike Banks\BankMi20,ARI,,24,6,0,0,0,0,0,0,0,0,,0,0,0,0,,0,0,,0,,,,,,,,93,
476,Bradford Banta\BantBr00,DET,,33,13,0,0,0,0,0,0,0,0,,0,0,0,0,,0,0,,0,,,,,,,,102,
477,Mike Bartrum\BartMi00,PHI,,33,16,0,0,0,0,0,0,0,0,,0,1,0,0,,0,0,,0,,,,,,,,120,
478,Marco Battaglia\BattMa00,CAR,,30,2,0,0,0,0,0,0,0,0,,0,,0,0,,0,0,,0,,,,,,,,100,
479,Fred Baxter\BaxtFr00,NWE,,32,12,0,0,0,0,0,0,0,0,,0,2,0,0,,0,0,,0,,,,,,,,108,
480,Sean Berton\BertSe00,MIN,,24,16,0,0,0,0,0,0,0,0,,0,0,0,0,,0,0,,0,,,,,,,,116,
481,Sean Brewer\BrewSe20,ATL,,26,9,0,0,0,0,0,0,0,0,,0,,0,0,,0,0,,0,,,,,,,,96,
482,Dee Brown\BrowDe02,PIT,,25,1,0,0,0,0,0,0,0,0,,0,,0,0,,0,0,,0,,,,,,,,153,
483,Arland Bruce\BrucAr20,SFO,,26,2,0,0,0,0,0,0,0,0,,0,0,0,0,,0,1,,0,,,,,,,,164,
484,Kerry Carter\CartKe01,SEA,RB,23,16,0,0,0,0,0,0,3,-2,-0.67,0,0,0,0,,0,0,,0,,,,-0.2,-0.2,-0.2,,161,
485,Kenny Clark\ClarKe22,MIN,,25,1,0,0,0,0,0,0,0,0,,0,0,0,0,,0,0,,0,,,,,,,,179,
486,Greg Comella\ComeGr00,HOU,,28,5,0,0,0,0,0,0,0,0,,0,1,0,0,,0,0,,0,,,,,,,,6,
487,Phillip Crosby\CrosPh00,BUF,,27,3,0,0,0,0,0,0,0,0,,0,0,0,0,,0,0,,0,,,,,,,,7,
488,Dan Curley\CurlDa20,STL,,25,1,0,0,0,0,0,0,0,0,,0,,0,0,,0,0,,0,,,,,,,,12,
489,Matt Cushing\CushMa00,PIT,,28,4,0,0,0,0,0,0,0,0,,0,,0,0,,0,0,,0,,,,,,,,124,
490,Chris Davis\DaviCh24,SEA,,24,1,0,0,0,0,0,0,0,0,,0,,0,0,,0,0,,0,,,,,,,,11,
491,James Dearth\DearJa00,NYJ,,27,16,0,0,0,0,0,0,0,0,,0,0,0,0,,0,0,,0,,,,,,,,104,
492,Ty Detmer\DetmTy00,DET,,36,1,0,0,0,0,0,0,0,0,,0,,0,0,,0,0,,0,,,,,,,,76,
493,Kori Dickerson\DickKo20,PHI,,25,2,0,0,0,0,0,0,0,0,,0,0,0,0,,0,0,,0,,,,,,,,113,
494,LaTarence Dunbar\DunbLa20,ATL,,23,5,0,0,0,0,0,0,0,0,,0,0,0,0,,0,0,,0,,,,,,,,167,
495,Chris Edmonds\EdmoCh20,CIN,,25,4,0,0,0,0,0,0,0,0,,0,0,0,0,,0,0,,0,,,,,,,,15,
496,John Gilmore\GilmJo00,CHI,,24,15,1,0,0,0,0,0,0,0,,0,1,0,0,,0,0,,0,,,,,,,,90,
497,Joey Goodspeed\GoodJo00,STL,,25,8,4,0,0,0,0,0,0,0,,0,1,0,0,,0,0,,0,,,,,,,,8,
498,Gibran Hamdan\HamdGi00,WAS,QB,22,1,0,1,2,7,0,0,0,0,,0,0,0,0,,0,0,,0,,,,0.3,0.3,0.3,,73,
499,Lawrence Hamilton\HamiLa20,CIN,,23,5,1,0,0,0,0,0,0,0,,0,3,0,0,,0,0,,0,,,,,,,,160,
500,Ryan Hannam\HannRy00,SEA,,23,5,0,0,0,0,0,0,0,0,,0,0,0,0,,0,0,,0,,,,,,,,122,
501,Dwone Hicks\HickDw20,TEN,,22,3,0,0,0,0,0,0,0,0,,0,0,0,0,,0,0,,0,,,,,,,,155,
502,Darrell Hill\HillDa20,TEN,,24,12,0,0,0,0,0,0,0,0,,0,0,0,0,,0,0,,0,,,,,,,,175,
503,Zachary Hilton\HiltZa00,NOR,,23,3,0,0,0,0,0,0,0,0,,0,1,0,0,,0,0,,0,,,,,,,,91,
504,Nathan Hodel\HodeNa20,ARI,,26,16,0,0,0,0,0,0,0,0,,0,0,0,0,,0,0,,0,,,,,,,,110,
505,T.J. Houshmandzadeh\HousTJ00,CIN,,26,2,0,0,0,0,0,0,0,0,,0,,0,0,,0,0,,0,,,,,,,,172,
506,Damon Huard\HuarDa00,NWE,QB,30,2,0,0,1,0,0,0,1,-1,-1.00,0,0,0,0,,0,0,,0,,,,-0.1,-0.1,-0.1,,77,
507,Chad Hutchinson\HutcCh00,DAL,QB,26,1,0,1,2,8,0,0,2,-3,-1.50,0,0,0,0,,0,0,,0,,,,,,,,75,
508,Jasen Isom\IsomJa00,SFO,,26,2,0,0,0,0,0,0,0,0,,0,,0,0,,0,0,,0,,,,,,,,4,
509,Chris Jackson\JackCh23,GNB,,28,1,0,0,0,0,0,0,0,0,,0,0,0,0,,0,0,,0,,,,,,,,173,
510,Nate Jackson\JackNa00,DEN,,24,1,0,0,0,0,0,0,0,0,,0,2,0,0,,0,0,,0,,,,,,,,171,
511,Ray Jackson\JackRa21,TEN,,25,1,0,0,0,0,0,0,0,0,,0,0,0,0,,0,0,,0,,,,,,,,150,
512,Terry Jackson\JackTe00,SFO,,27,16,0,0,0,0,0,0,0,0,,0,0,0,0,,0,0,,0,,,,,,,,14,
513,Brian Jennings\JennBr00,SFO,,27,16,0,0,0,0,0,0,0,0,,0,0,0,0,,0,0,,0,,,,,,,,92,
514,Travis Jervey\JervTr00,ATL,,31,15,0,0,0,0,0,0,0,0,,0,0,0,0,,0,1,,0,,,,,,,,159,
515,Albert Johnson\JohnAl23,NYJ,,26,1,0,0,0,0,0,0,0,0,,0,0,0,0,,0,0,,0,,,,,,,,177,
516,Robert Johnson\JohnRo04,CHI,,23,1,0,0,0,0,0,0,0,0,,0,,0,0,,0,0,,0,,,,,,,,123,
517,John Jones\JoneJo00,BAL,,28,11,0,0,0,0,0,0,0,0,,0,0,0,0,,0,0,,0,,,,,,,,105,
518,James Jordan\JordJa20,SFO,,25,1,0,0,0,0,0,0,0,0,,0,0,0,0,,0,0,,0,,,,,,,,168,
519,Rashod Kent\KentRa20,HOU,,23,7,4,0,0,0,0,0,0,0,,0,1,0,0,,0,0,,0,,,,,,,,98,
520,Brian Kinchen\KincBr00,NWE,,38,2,0,0,0,0,0,0,0,0,,0,,0,0,,0,0,,0,,,,,,,,111,
521,Mike Leach\LeacMi00,DEN,,27,16,0,0,0,0,0,0,0,0,,0,,0,0,,0,0,,0,,,,,,,,99,
522,Brody Liddiard\LiddBr20,MIN,,26,16,0,0,0,0,0,0,0,0,,0,0,0,0,,0,0,,0,,,,,,,,119,
523,Nick Maddox\MaddNi20,CLE,,23,1,0,0,0,0,0,0,0,0,,0,0,0,0,,0,1,,0,,,,,,,,160,
524,Adrian Madise\MadiAd00,DEN,WR,23,11,0,0,0,0,0,0,1,10,10.00,0,3,2,10,5.00,0,1,1,0,,,,2.0,3.0,1.0,,162,
525,Cecil Martin\MartCe00,TAM,,28,1,0,0,0,0,0,0,0,0,,0,,0,0,,0,0,,0,,,,,,,,3,
526,Grant Mattos\MattGr20,SDG,,22,6,0,0,0,0,0,0,0,0,,0,1,0,0,,0,0,,0,,,,,,,,169,
527,Sean McDermott\McDeSe20,2TM,,27,6,0,0,0,0,0,0,0,0,,0,,0,0,,0,0,,0,,,,,,,,107,
528,Tony McGee\McGeTo00,2TM,,32,4,0,0,0,0,0,0,0,0,,0,1,0,0,,0,0,,0,,,,,,,,118,
529,Jason McKie\McKiJa00,CHI,,23,6,0,0,0,0,0,0,0,0,,0,0,0,0,,0,0,,0,,,,,,,,10,
530,Kevin McLeod\McLeKe00,CLE,,29,1,1,0,0,0,0,0,0,0,,0,,0,0,,0,0,,0,,,,,,,,5,
531,Billy McMullen\McMuBi00,PHI,WR,23,5,0,0,0,0,0,0,0,0,,0,3,1,2,2.00,0,0,,0,,,,1.2,1.2,0.7,,158,
532,Sean Morey\MoreSe00,PHI,,27,16,0,0,0,0,0,0,0,0,,0,0,0,0,,0,1,,0,,,,,,,,178,
533,Harold Morrow\MorrHa00,BAL,,30,14,0,0,0,0,0,0,0,0,,0,0,0,0,,0,0,,0,,,,,,,,2,
534,Ovie Mughelli\MughOv00,BAL,,23,6,0,0,0,0,0,0,0,0,,0,0,0,0,,0,0,,0,,,,,,,,1,
535,Matt Murphy\MurpMa00,HOU,,23,1,0,0,0,0,0,0,0,0,,0,0,0,0,,0,0,,0,,,,,,,,112,
536,Craig Nall\NallCr00,GNB,QB,24,1,0,0,0,0,0,0,2,-2,-1.00,0,0,0,0,,0,0,,0,,,,-0.2,-0.2,-0.2,,78,
537,Larry Ned\NedxLa00,MIN,,25,3,0,0,0,0,0,0,0,0,,0,0,0,0,,0,0,,0,,,,,,,,158,
538,John Owens\OwenJo00,DET,,23,7,1,0,0,0,0,0,0,0,,0,0,0,0,,0,0,,0,,,,,,,,114,
539,Doug Pederson\PedeDo00,GNB,QB,35,16,0,2,2,16,0,0,6,-5,-0.83,0,0,0,0,,0,0,,0,,,,0.1,0.1,0.1,,74,
540,Derek Rackley\RackDe00,ATL,,26,16,1,0,0,0,0,0,0,0,,0,0,0,0,,0,0,,0,,,,,,,,103,
541,Gabe Reid\ReidGa00,CHI,,26,1,0,0,0,0,0,0,0,0,,0,,0,0,,0,0,,0,,,,,,,,109,
542,Joffrey Reynolds\ReynJo20,STL,,24,4,0,0,0,0,0,0,0,0,,0,0,0,0,,0,0,,0,,,,,,,,156,
543,Micah Ross\RossMi20,2TM,,27,7,0,0,0,0,0,0,0,0,,0,0,0,0,,0,0,,0,,,,,,,,159,
544,Sam Simmons\SimmSa20,MIA,,24,11,0,0,0,0,0,0,0,0,,0,2,0,0,,0,0,,0,,,,,,,,174,
545,Ken Simonton\SimoKe00,BUF,RB,24,2,0,0,0,0,0,0,2,4,2.00,0,0,0,0,,0,0,,0,,,,0.4,0.4,0.4,,148,
546,David Sloan\SloaDa00,NOR,,31,4,0,0,0,0,0,0,0,0,,0,,0,0,,0,0,,0,,,,,,,,94,
547,Detron Smith\SmitDe00,IND,,29,11,0,0,0,0,0,0,0,0,,0,0,0,0,,0,0,,0,,,,,,,,152,
548,Justin Snow\SnowJu00,IND,,27,16,0,0,0,0,0,0,0,0,,0,0,0,0,,0,0,,0,,,,,,,,121,
549,Brad St. Louis\StLoBr00,CIN,,27,16,0,0,0,0,0,0,0,0,,0,,0,0,,0,0,,0,,,,,,,,95,
550,John Stone\StonJo00,OAK,,24,1,0,0,0,0,0,0,0,0,,0,,0,0,,0,0,,0,,,,,,,,170,
551,Stephen Trejo\TrejSt00,DET,RB,26,16,0,0,0,0,0,0,0,0,,0,1,1,2,2.00,0,0,,0,,,,1.2,1.2,0.7,,149,
552,Taco Wallace\WallTa00,SEA,,22,1,0,0,0,0,0,0,0,0,,0,,0,0,,0,0,,0,,,,,,,,166,
553,Kenny Watson\WatsKe00,CIN,,25,8,0,0,0,0,0,0,0,0,,0,0,0,0,,0,1,,0,,,,,,,,157,
554,James Whalen\WhalJa00,DAL,,26,7,0,0,0,0,0,0,0,0,,0,0,0,0,,0,0,,0,,,,,,,,106,
555,Daniel Wilcox\WilcDa01,TAM,,26,2,0,0,0,0,0,0,0,0,,0,,0,0,,0,0,,0,,,,,,,,115,
556,James Williams\WillJa01,DET,,25,1,0,0,0,0,0,0,0,0,,0,1,0,0,,0,0,,0,,,,,,,,180,
557,Roland Williams\WillRo01,TAM,,28,1,0,0,0,0,0,0,0,0,,0,,0,0,,0,0,,0,,,,,,,,101,
558,Walter Young\YounWa00,CAR,,24,7,0,0,0,0,0,0,0,0,,0,5,0,0,,0,0,,0,,,,,,,,163,
559,Joe Zelenka\ZeleJo00,JAX,,27,16,0,0,0,0,0,0,0,0,,0,0,0,0,,0,0,,0,,,,,,,,97,
560,Fred McAfee\McAfFr00,NOR,RB,35,14,0,0,0,0,0,0,1,13,13.00,0,0,0,0,,0,1,1,0,,,-1,-0.7,0.3,-0.7,,162,
561,Spencer Nead\NeadSp00,STL,RB,26,10,0,0,0,0,0,0,0,0,,0,1,1,6,6.00,0,1,1,0,,,-1,-0.4,0.6,-0.9,,163,
562,LaShaun Ward\WardLa20,KAN,,23,1,0,0,0,0,0,0,0,0,,0,0,0,0,,0,1,1,0,,,-2,-2.0,-1.0,-2.0,,181,
563,Chris Redman\RedmCh00,BAL,QB,26,2,0,7,13,58,0,2,2,4,2.00,0,0,0,0,,0,3,2,0,,,-5,-5.3,-1.3,-3.3,,80,
564,Alex Van Pelt\VanPAl00,BUF,QB,33,6,0,5,12,49,0,3,4,-6,-1.50,0,0,0,0,,0,0,,0,,,-5,-4.6,-1.6,-1.6,,79,