,,,,,Games,Games,Passing,Passing,Passing,Passing,Passing,Rushing,Rushing,Rushing,Rushing,Receiving,Receiving,Receiving,Receiving,Receiving,Fumbles,Fumbles,Scoring,Scoring,Scoring,Fantasy,Fantasy,Fantasy,Fantasy,Fantasy,Fantasy,Fantasy
Rk,Player,Tm,FantPos,Age,G,GS,Cmp,Att,Yds,TD,Int,Att,Yds,Y/A,TD,Tgt,Rec,Yds,Y/R,TD,Fmb,FL,TD,2PM,2PP,FantPt,PPR,DKPt,FDPt,VBD,PosRank,OvRank
1,Daunte Culpepper*\CulpDa00,MIN,QB,27,16,16,379,548,4717,39,11,88,406,4.61,2,0,0,0,,0,9,5,2,1,2,371,371.3,393.3,382.3,153,1,1
2,Shaun Alexander *\AlexSh00,SEA,RB,27,16,16,0,0,0,0,0,353,1696,4.80,16,38,23,170,7.39,4,5,3,20,,,301,323.6,332.6,312.1,146,1,2
3,Tiki Barber*\BarbTi00,NYG,RB,29,16,14,0,0,0,0,0,322,1518,4.71,13,79,52,578,11.12,2,5,2,15,,,296,347.6,355.6,321.6,141,2,3
4,Peyton Manning *+\MannPe00,IND,QB,28,16,16,336,497,4557,49,10,25,38,1.52,0,0,0,0,,0,5,1,0,,,360,360.1,374.1,370.1,141,2,4
5,LaDainian Tomlinson*+\TomlLa00,SDG,RB,25,15,15,1,2,38,0,0,339,1335,3.94,17,66,53,441,8.32,1,6,2,18,,,283,336.1,344.1,309.6,129,3,5
6,Curtis Martin *+\MartCu00,NYJ,RB,31,16,16,0,0,0,0,0,371,1697,4.57,12,49,41,245,5.98,2,2,,14,,,278,319.2,325.2,298.7,124,4,6
7,Muhsin Muhammad*+\MuhaMu00,CAR,WR,31,16,16,0,0,0,0,0,3,15,5.00,0,160,93,1405,15.11,16,3,1,16,,,236,329.0,333.0,282.5,109,1,7
8,Antonio Gates*+\GateAn00,SDG,TE,24,15,15,0,0,0,0,0,0,0,,0,114,81,964,11.90,13,0,,13,,,174,255.4,258.4,214.9,105,1,8
9,Domanick Williams\DaviDo01,HOU,RB,24,15,15,0,0,0,0,0,302,1188,3.93,13,84,68,588,8.65,1,4,3,14,,,256,323.6,332.6,289.6,101,5,9
10,Edgerrin James*\JameEd00,IND,RB,26,16,16,0,0,0,0,0,334,1548,4.63,9,60,51,483,9.47,0,6,2,9,1,,255,306.1,314.1,280.6,101,6,10
11,Tony Gonzalez*\GonzTo00,KAN,TE,28,16,16,0,0,0,0,0,1,5,5.00,0,148,102,1258,12.33,7,0,,7,,,168,270.3,273.3,219.3,99,2,11
12,Corey Dillon*\DillCo00,NWE,RB,30,15,14,0,0,0,0,0,345,1635,4.74,12,21,15,103,6.87,1,5,4,13,1,,246,260.8,270.8,253.3,92,7,12
13,Joe Horn*\HornJo00,NOR,WR,32,16,16,0,0,0,0,0,0,0,,0,153,94,1399,14.88,11,0,,11,1,,208,301.9,304.9,254.9,81,2,13
14,Javon Walker*\WalkJa00,GNB,WR,26,16,12,0,0,0,0,0,0,0,,0,144,89,1382,15.53,12,2,2,12,,,206,295.2,300.2,250.7,79,3,14
15,Terrell Owens*+\OwenTe00,PHI,WR,31,14,14,0,0,0,0,0,3,-5,-1.67,0,127,77,1200,15.58,14,2,1,14,,,202,278.5,282.5,240.0,74,4,15
16,Donovan McNabb*\McNaDo00,PHI,QB,28,15,15,300,469,3875,31,8,41,220,5.37,3,0,0,0,,0,8,6,3,,,291,291.0,311.0,299.0,72,3,16
17,Marvin Harrison*\HarrMa00,IND,WR,32,16,16,0,0,0,0,0,0,0,,0,139,86,1113,12.94,15,1,1,15,,,199,285.3,289.3,242.3,72,5,17
18,Torry Holt*\HoltTo00,STL,WR,28,16,16,0,0,0,0,0,0,0,,0,135,94,1372,14.60,10,3,,10,,,197,291.2,294.2,244.2,70,6,18
19,Drew Bennett\BennDr00,TEN,WR,26,16,16,1,1,26,1,0,1,12,12.00,0,144,80,1247,15.59,11,3,,11,,,197,276.9,279.9,236.9,70,7,19
20,Reggie Wayne\WaynRe00,IND,WR,26,16,16,0,0,0,0,0,1,-4,-4.00,0,115,77,1210,15.71,12,0,,12,,,193,269.6,272.6,231.1,65,8,20
21,Jason Witten*\WittJa00,DAL,TE,22,16,15,0,0,0,0,0,0,0,,0,122,87,980,11.26,6,2,1,6,1,,134,221.0,225.0,177.5,65,3,21
22,Rudi Johnson*\JohnRu00,CIN,RB,25,16,16,0,0,0,0,0,361,1454,4.03,12,28,15,84,5.60,0,4,4,12,,,218,232.8,239.8,225.3,64,8,22
23,Chad Johnson *\JohnCh01,CIN,WR,26,16,16,0,0,0,0,0,4,39,9.75,0,170,95,1274,13.41,9,1,,9,,,185,280.3,283.3,232.8,58,9,23
24,Willis McGahee\McGaWi00,BUF,RB,23,16,11,0,0,0,0,0,284,1128,3.97,13,36,22,169,7.68,0,4,2,13,,,204,225.7,233.7,214.7,50,9,24
25,Brian Westbrook *\WestBr00,PHI,RB,25,13,12,0,0,0,0,0,177,812,4.59,3,87,73,703,9.63,6,1,1,9,,,204,276.5,283.5,240.0,49,10,25
26,Donald Driver\DrivDo00,GNB,WR,29,16,11,0,0,0,0,0,3,4,1.33,0,137,84,1208,14.38,9,2,2,9,1,,173,257.2,262.2,215.2,46,10,26
27,Alge Crumpler*\CrumAl00,ATL,TE,27,14,14,0,0,0,0,0,0,0,,0,74,48,774,16.13,6,1,1,6,,,111,159.4,163.4,135.4,42,4,27
28,Trent Green\GreeTr00,KAN,QB,34,16,16,369,556,4591,27,17,25,85,3.40,0,0,0,0,,0,11,4,0,,1,260,260.1,284.1,277.1,41,4,28
29,Clinton Portis\PortCl00,WAS,RB,23,15,15,1,2,15,1,0,343,1315,3.83,5,57,40,235,5.88,2,5,3,7,,,196,235.6,244.6,215.6,41,11,29
30,Nate Burleson\BurlNa00,MIN,WR,23,16,15,0,0,0,0,0,6,49,8.17,0,102,68,1006,14.79,9,1,,10,1,,168,235.5,238.5,201.5,40,11,30
31,Priest Holmes\HolmPr00,KAN,RB,31,8,8,0,0,0,0,0,196,892,4.55,14,25,19,187,9.84,1,4,2,15,,,194,212.9,220.9,203.4,40,12,31
32,Brandon Stokley\StokBr00,IND,WR,28,16,3,0,0,0,0,0,0,0,,0,102,68,1077,15.84,10,1,1,10,,,166,233.7,237.7,199.7,38,12,32
33,Jake Plummer\PlumJa00,DEN,QB,30,16,16,303,521,4089,27,20,62,202,3.26,1,0,0,0,,0,6,1,1,,,256,255.8,282.8,275.8,37,5,33
34,Michael Clayton\ClayMi00,TAM,WR,22,16,13,0,0,0,0,0,5,30,6.00,0,122,80,1193,14.91,7,1,,7,,,164,244.3,247.3,204.3,37,13,34
35,Brett Favre\FavrBr00,GNB,QB,35,16,16,346,540,4088,30,17,16,36,2.25,0,0,0,0,,0,4,1,0,,2,255,255.1,276.1,272.1,36,6,35
36,Reuben Droughns\DrouRe00,DEN,RB,26,16,15,0,0,0,0,0,275,1240,4.51,6,44,32,241,7.53,2,5,3,8,,,190,222.1,231.1,206.1,36,13,36
37,Randy McMichael\McMiRa01,MIA,TE,25,16,16,0,0,0,0,0,0,0,,0,118,73,791,10.84,4,2,,4,1,,105,178.1,181.1,141.6,36,5,37
38,Warrick Dunn\DunnWa00,ATL,RB,29,16,16,0,0,0,0,0,265,1106,4.17,9,39,29,294,10.14,0,3,2,9,,,190,219.0,227.0,204.5,36,14,38
39,Darrell Jackson\JackDa00,SEA,WR,26,16,16,0,0,0,0,0,0,0,,0,156,87,1199,13.78,7,2,1,7,1,,162,248.9,252.9,205.4,35,14,39
40,Ahman Green*\GreeAh00,GNB,RB,27,15,15,1,1,20,1,0,259,1163,4.49,7,51,40,275,6.88,1,7,4,8,,,189,228.6,238.6,208.6,34,15,40
41,Jeremy Shockey\ShocJe00,NYG,TE,24,15,15,0,0,0,0,0,0,0,,0,97,61,666,10.92,6,1,,6,,,103,163.6,166.6,133.1,33,6,41
42,Eddie Kennison\KennEd00,KAN,WR,31,14,14,0,0,0,0,0,2,15,7.50,0,106,62,1086,17.52,8,1,,8,1,,160,222.1,225.1,191.1,33,15,42
43,Rod Smith\SmitRo01,DEN,WR,34,16,16,0,0,0,0,0,5,33,6.60,0,136,79,1144,14.48,7,4,,7,,,160,238.7,241.7,199.2,32,16,43
44,Derrick Mason\MasoDe00,TEN,WR,30,16,16,0,0,0,0,0,1,-3,-3.00,0,158,96,1168,12.17,7,2,,7,,,159,254.5,257.5,206.5,31,17,44
45,Jake Delhomme\DelhJa00,CAR,QB,29,16,16,310,533,3886,29,15,25,71,2.84,1,0,0,0,,0,12,5,1,,2,249,248.5,271.5,263.5,30,7,45
46,Isaac Bruce\BrucIs00,STL,WR,32,16,16,0,2,0,0,0,0,0,,0,148,89,1292,14.52,6,5,4,6,,,157,246.2,253.2,201.7,30,18,46
47,Jerome Bettis*\BettJe00,PIT,RB,32,15,6,1,1,10,1,0,250,941,3.76,13,8,6,46,7.67,0,1,,13,,,181,187.1,190.1,184.1,27,16,47
48,Michael Pittman\PittMi00,TAM,RB,29,13,13,0,0,0,0,0,219,926,4.23,7,65,41,391,9.54,3,6,6,10,,,180,220.7,232.7,200.2,26,17,48
49,Jermaine Wiggins\WiggJe00,MIN,TE,29,14,13,0,0,0,0,0,0,0,,0,92,71,705,9.93,4,1,,4,,,95,165.5,168.5,130.0,25,7,49
50,Aaron Brooks\BrooAa00,NOR,QB,28,16,16,309,542,3810,21,16,58,173,2.98,4,1,1,1,1.00,0,13,2,4,,1,244,244.8,268.8,260.3,25,8,50
51,Randy Moss\MossRa00,MIN,WR,27,13,13,1,2,37,0,1,0,0,,0,86,49,767,15.65,13,1,1,13,,,152,201.2,206.2,177.7,25,19,51
52,Jimmy Smith\SmitJi00,JAX,WR,35,16,16,0,0,0,0,0,0,0,,0,137,74,1172,15.84,6,2,1,6,,,151,225.2,229.2,188.2,24,20,52
53,Ashley Lelie\LeliAs00,DEN,WR,24,16,16,0,0,0,0,0,3,5,1.67,0,101,54,1084,20.07,7,0,,7,,,151,204.9,207.9,177.9,24,21,53
54,Thomas Jones\JoneTh00,CHI,RB,26,14,14,0,0,0,0,0,240,948,3.95,7,72,56,427,7.63,0,2,1,7,,,178,233.5,240.5,205.5,23,18,54
55,Eric Johnson\JohnEr00,SFO,TE,25,16,14,0,0,0,0,0,0,0,,0,117,82,825,10.06,2,1,1,2,,,93,174.5,178.5,133.5,23,8,55
56,Jerry Porter\PortJe00,OAK,WR,26,16,16,0,0,0,0,0,1,-4,-4.00,0,136,64,998,15.59,9,2,2,9,,,149,213.4,218.4,181.4,22,23,56
57,Andre Johnson *\JohnAn02,HOU,WR,23,16,16,0,0,0,0,0,4,12,3.00,0,138,79,1142,14.46,6,1,1,6,,,149,228.4,232.4,188.9,22,22,57
58,Deuce McAllister\McAlDe00,NOR,RB,26,14,14,0,0,0,0,0,269,1074,3.99,9,48,34,228,6.71,0,5,4,9,,,176,210.2,220.2,193.2,22,19,58
59,Drew Brees*\BreeDr00,SDG,QB,25,15,15,262,400,3159,27,7,53,85,1.60,2,1,1,38,38.00,0,7,2,2,,,241,241.7,253.7,248.2,22,9,59
60,Lee Evans\EvanLe00,BUF,WR,23,16,11,0,0,0,0,0,5,85,17.00,0,74,48,843,17.56,9,1,1,9,,,145,192.8,196.8,168.8,17,24,60
61,Marc Bulger\BulgMa00,STL,QB,27,14,14,321,485,3964,21,14,19,89,4.68,3,0,0,0,,0,5,4,3,,1,235,235.5,256.5,249.5,17,10,61
62,Fred Taylor\TaylFr00,JAX,RB,28,14,14,0,0,0,0,0,260,1224,4.71,2,58,36,345,9.58,1,3,2,3,,,171,206.9,214.9,188.9,17,20,62
63,Chris Chambers\ChamCh00,MIA,WR,26,15,15,0,0,0,0,0,9,76,8.44,0,140,69,898,13.01,7,1,1,7,1,,139,208.4,212.4,173.9,12,25,63
64,Kevin Jones\JoneKe02,DET,RB,22,15,14,0,0,0,0,0,241,1133,4.70,5,41,28,180,6.43,1,2,1,6,,,165,193.3,200.3,179.3,11,21,64
65,Daniel Graham\GrahDa00,NWE,TE,26,14,14,0,0,0,0,0,0,0,,0,48,30,364,12.13,7,0,,7,,,78,108.4,111.4,93.4,9,9,65
66,Bubba Franks\FranBu00,GNB,TE,26,16,14,0,0,0,0,0,0,0,,0,50,34,361,10.62,7,0,,7,,,78,112.1,115.1,95.1,9,10,66
67,Tom Brady *\BradTo00,NWE,QB,27,16,16,288,474,3692,28,14,43,28,0.65,0,0,0,0,,0,7,4,0,,,226,226.5,247.5,240.5,8,11,67
68,Nick Goings\GoinNi00,CAR,RB,26,16,8,0,0,0,0,0,217,821,3.78,6,61,45,394,8.76,1,1,1,7,,,162,206.5,213.5,184.0,7,22,68
69,Emmitt Smith\SmitEm00,ARI,RB,35,15,15,1,1,21,1,0,267,937,3.51,9,20,15,105,7.00,0,4,1,9,,,161,176.0,183.0,168.5,7,23,69
70,Eric Moulds\MoulEr00,BUF,WR,31,16,16,0,0,0,0,0,5,19,3.80,0,152,88,1043,11.85,5,1,1,5,,,134,222.2,226.2,178.2,7,26,70
71,Hines Ward *\WardHi00,PIT,WR,28,16,16,0,0,0,0,0,7,25,3.57,1,108,80,1004,12.55,4,1,,5,,,133,212.9,215.9,172.9,6,27,71
72,Keyshawn Johnson\JohnKe00,DAL,WR,32,16,16,0,2,0,0,1,2,13,6.50,0,124,70,981,14.01,6,1,1,6,,,131,201.4,206.4,167.4,4,28,72
73,Dallas Clark\ClarDa00,IND,TE,25,15,13,0,0,0,0,0,0,0,,0,39,25,423,16.92,5,2,1,5,,,70,95.3,99.3,82.8,1,11,73
74,Roy Williams\WillRo04,DET,WR,23,14,12,0,1,0,0,0,1,1,1.00,0,118,54,817,15.13,8,1,1,8,,,128,181.8,185.8,154.8,,29,74
75,Michael Vick*\VickMi00,ATL,QB,24,15,15,181,321,2313,14,12,120,902,7.52,3,0,0,0,,0,16,7,3,,,219,218.7,243.7,230.7,,12,75
76,Jeb Putzier\PutzJe00,DEN,TE,25,16,5,0,0,0,0,0,0,0,,0,54,36,572,15.89,2,0,,2,,,69,105.2,108.2,87.2,,12,76
77,Jamal Lewis\LewiJa00,BAL,RB,25,12,12,0,0,0,0,0,235,1006,4.28,7,12,10,116,11.60,0,2,,7,,,154,164.2,170.2,159.2,,24,77
78,Tom Lopienski\LopiTo20,IND,,25,2,0,0,0,0,0,0,0,0,,0,,0,0,,0,0,,0,,,,,,,,5,78
79,Matt Hasselbeck\HassMa00,SEA,QB,29,14,14,279,474,3382,22,15,27,90,3.33,1,0,0,0,,0,5,2,1,,2,208,208.3,228.3,223.3,,13,
80,David Carr\CarrDa00,HOU,QB,25,16,16,285,466,3531,16,14,73,299,4.10,0,0,0,0,,0,10,3,0,,,201,201.1,224.1,215.1,,14,
81,Joey Harrington\HarrJo00,DET,QB,26,16,16,274,489,3047,19,12,48,175,3.65,0,0,0,0,,0,6,3,0,,1,187,187.4,208.4,199.4,,15,
82,Byron Leftwich\LeftBy00,JAX,QB,24,14,14,267,441,2941,15,10,39,148,3.79,2,1,1,-7,-7.00,0,5,3,2,,4,186,186.7,205.7,196.2,,16,
83,Kerry Collins\CollKe00,OAK,QB,32,14,13,289,513,3495,21,20,16,36,2.25,0,0,0,0,,0,7,3,0,,,181,181.4,207.4,201.4,,17,
84,Vinny Testaverde\TestVi00,DAL,QB,41,16,15,297,495,3532,17,20,21,38,1.81,1,0,0,0,,0,8,3,1,,1,175,175.1,201.1,195.1,,18,
85,Chad Pennington\PennCh01,NYJ,QB,28,13,13,242,370,2673,16,9,34,126,3.71,1,0,0,0,,0,5,2,1,,,168,167.5,184.5,176.5,,19,
86,Ben Roethlisberger\RoetBe00,PIT,QB,22,14,13,196,295,2621,17,11,56,144,2.57,1,0,0,0,,0,2,2,1,,,167,167.2,186.2,178.2,,20,
87,Drew Bledsoe\BledDr00,BUF,QB,32,16,16,256,450,2932,20,16,22,37,1.68,0,0,0,0,,0,9,5,0,,,159,159.0,183.0,175.0,,21,
88,Carson Palmer\PalmCa00,CIN,QB,25,13,13,263,432,2897,18,18,18,47,2.61,1,0,0,0,,0,2,2,1,,,159,158.6,181.6,176.6,,22,
89,Billy Volek\VoleBi00,TEN,QB,28,10,8,218,357,2486,18,10,11,50,4.55,1,1,1,0,0.00,0,6,2,1,,,158,159.4,174.4,168.9,,23,
90,Brian Griese\GrieBr00,TAM,QB,29,11,10,233,336,2632,20,12,30,17,0.57,0,1,1,-4,-4.00,0,6,4,0,,,155,155.6,174.6,167.1,,24,
91,Larry Johnson\JohnLa00,KAN,RB,25,10,3,0,0,0,0,0,120,581,4.84,9,29,22,278,12.64,2,0,,11,,,152,173.9,179.9,162.9,,25,
92,Chris Brown\BrowCh03,TEN,RB,23,11,11,0,0,0,0,0,220,1067,4.85,6,33,20,147,7.35,0,6,4,6,,,149,169.4,179.4,159.4,,26,
93,Kyle Boller\BollKy00,BAL,QB,23,16,16,258,464,2559,13,11,53,189,3.57,1,0,0,0,,0,11,7,1,,1,145,145.3,169.3,156.3,,25,
94,Kevan Barlow\BarlKe00,SFO,RB,25,15,14,0,0,0,0,0,244,822,3.37,7,45,35,212,6.06,0,2,2,7,,,141,176.4,184.4,158.9,,27,
95,Josh McCown\McCoJo01,ARI,QB,25,14,13,233,408,2511,11,10,36,112,3.11,2,1,1,-5,-5.00,0,12,5,2,1,,139,140.1,161.1,149.6,,26,
96,Marshall Faulk\FaulMa00,STL,RB,31,14,14,0,0,0,0,0,195,774,3.97,3,65,50,310,6.20,1,2,1,4,2,,134,184.4,191.4,159.4,,28,
97,Derrick Blaylock\BlayDe00,KAN,RB,25,12,5,0,0,0,0,0,118,539,4.57,8,36,25,246,9.84,1,0,,9,,,133,157.5,163.5,145.0,,29,
98,Julius Jones\JoneJu01,DAL,RB,23,8,7,0,0,0,0,0,197,819,4.16,7,26,17,109,6.41,0,3,3,7,,,129,145.8,154.8,137.3,,30,
99,Larry Fitzgerald\FitzLa00,ARI,WR,21,16,16,0,0,0,0,0,8,14,1.75,0,115,58,780,13.45,8,1,,8,,,127,185.4,188.4,156.4,,30,
100,T.J. Houshmandzadeh\HousTJ00,CIN,WR,27,16,13,0,0,0,0,0,6,51,8.50,0,108,73,978,13.40,4,0,,4,,,127,199.9,202.9,163.4,,31,
101,David Patten\PattDa00,NWE,WR,30,16,11,0,0,0,0,0,1,5,5.00,0,95,44,800,18.18,7,0,,7,,,123,166.5,169.5,144.5,,32,
102,Onterrio Smith\SmitOn00,MIN,RB,24,11,6,0,0,0,0,0,124,544,4.39,2,45,36,394,10.94,2,2,1,4,1,,118,153.8,160.8,135.8,,31,
103,Santana Moss\MossSa00,NYJ,WR,25,15,14,0,0,0,0,0,6,18,3.00,0,78,45,838,18.62,5,2,,5,,,116,160.6,163.6,138.1,,33,
104,Marcus Robinson\RobiMa00,MIN,WR,29,16,7,0,0,0,0,0,0,0,,0,79,47,657,13.98,8,1,,8,,,114,160.7,163.7,137.2,,34,
105,Steven Jackson\JackSt00,STL,RB,21,14,3,0,0,0,0,0,134,673,5.02,4,24,19,189,9.95,0,1,1,4,1,,110,129.2,136.2,119.7,,32,
106,Donte' Stallworth\StalDo00,NOR,WR,24,16,10,0,0,0,0,0,6,37,6.17,0,106,58,767,13.22,5,0,,5,,,110,168.4,171.4,139.4,,35,
107,Jeff Garcia\GarcJe00,CLE,QB,34,11,10,144,252,1731,10,9,35,169,4.83,2,0,0,0,,0,9,7,2,,,106,106.1,128.1,115.1,,28,
108,Tim Rattay\RattTi00,SFO,QB,27,9,9,198,325,2169,10,10,12,55,4.58,0,0,0,0,,0,11,6,0,1,2,106,106.3,125.3,116.3,,27,
109,Keary Colbert\ColbKe00,CAR,WR,22,15,15,0,0,0,0,0,0,0,,0,92,47,754,16.04,5,1,1,5,1,,105,152.4,156.4,128.9,,36,
110,David Givens\GiveDa00,NWE,WR,24,15,12,0,0,0,0,0,0,0,,0,106,56,874,15.61,3,0,,3,,,105,161.4,164.4,133.4,,37,
111,Ronald Curry\CurrRo01,OAK,WR,25,12,3,0,1,0,0,0,1,-3,-3.00,0,70,50,679,13.58,6,1,,6,,,104,153.6,156.6,128.6,,38,
112,Lee Suggs\SuggLe00,CLE,RB,24,10,3,0,0,0,0,0,199,744,3.74,2,36,20,178,8.90,1,6,3,3,,,104,124.2,133.2,114.2,,33,
113,Antonio Bryant\BryaAn00,2TM,WR,23,15,8,0,0,0,0,0,0,0,,0,99,58,812,14.00,4,1,1,4,,,103,161.2,165.2,132.2,,39,
114,Justin McCareins\McCaJu00,NYJ,WR,26,16,16,0,0,0,0,0,2,-5,-2.50,0,90,56,770,13.75,4,3,,4,,,101,156.5,159.5,128.5,,40,
115,Sammy Morris\MorrSa00,MIA,RB,27,13,8,0,0,0,0,0,132,523,3.96,6,28,22,124,5.64,0,1,,6,,,101,122.7,128.7,111.7,,34,
116,Plaxico Burress\BurrPl00,PIT,WR,27,11,11,0,0,0,0,0,0,0,,0,59,35,698,19.94,5,1,,5,,,100,134.8,137.8,117.3,,42,
117,Johnnie Morton\MortJo00,KAN,WR,33,13,12,0,0,0,0,0,7,43,6.14,0,79,55,795,14.45,3,2,1,3,,,100,154.8,158.8,127.3,,41,
118,Chester Taylor\TaylCh01,BAL,RB,25,16,4,0,0,0,0,0,160,714,4.46,2,38,30,184,6.13,0,1,1,2,,,100,129.8,136.8,114.8,,35,
119,Laveranues Coles\ColeLa00,WAS,WR,27,16,16,0,0,0,0,0,3,-3,-1.00,0,168,90,950,10.56,1,1,1,1,,,99,188.7,192.7,143.7,,43,
120,Kurt Warner\WarnKu00,NYG,QB,33,10,9,174,277,2054,6,4,13,30,2.31,1,0,0,0,,0,12,4,1,,,99,99.2,110.2,103.2,,29,
121,T.J. Duckett\DuckT.00,ATL,RB,23,13,0,0,0,0,0,0,104,509,4.89,8,3,3,15,5.00,0,2,2,8,,,96,99.4,104.4,97.9,,36,
122,Rod Gardner\GardRo00,WAS,WR,27,16,14,0,3,0,0,0,3,7,2.33,0,106,51,650,12.75,5,0,,5,,,96,146.7,149.7,121.2,,45,
123,Eric Parker\ParkEr00,SDG,WR,25,15,13,0,0,0,0,0,4,53,13.25,0,71,47,690,14.68,4,5,1,4,,,96,143.3,147.3,119.8,,44,
124,Brandon Lloyd\LloyBr00,SFO,WR,23,13,13,0,0,0,0,0,0,0,,0,89,43,565,13.14,6,0,,6,1,,95,137.5,140.5,116.0,,46,
125,Dennis Northcutt\NortDe00,CLE,WR,27,16,11,0,0,0,0,0,8,19,2.38,0,94,55,806,14.65,2,2,1,2,,,93,147.5,151.5,120.0,,47,
126,A.J. Feeley\FeelA.00,MIA,QB,27,11,8,191,356,1893,11,15,14,13,0.93,1,0,0,0,,0,10,5,1,,2,91,91.0,114.0,106.0,,30,
127,Duce Staley\StalDu00,PIT,RB,29,10,10,0,0,0,0,0,192,830,4.32,1,12,6,55,9.17,0,3,2,1,,,91,96.5,101.5,93.5,,37,
128,Antowain Smith\SmitAn00,TEN,RB,32,13,4,0,0,0,0,0,137,509,3.72,4,26,22,169,7.68,0,2,1,4,,,90,111.8,118.8,100.8,,38,
129,Amos Zereoue\ZereAm00,OAK,RB,28,15,6,0,0,0,0,0,112,425,3.79,3,48,39,284,7.28,0,1,1,3,,,87,125.9,132.9,106.4,,39,
130,Patrick Ramsey\RamsPa00,WAS,QB,25,9,7,169,272,1665,10,11,10,19,1.90,0,0,0,0,,0,6,1,0,,,85,84.5,99.5,95.5,,31,
131,Steve McNair\McNaSt00,TEN,QB,31,8,8,129,215,1343,8,9,23,128,5.57,1,0,0,0,,0,5,3,1,1,,83,82.5,100.5,91.5,,32,
132,Cedrick Wilson\WilsCe00,SFO,WR,26,15,15,0,0,0,0,0,1,6,6.00,0,85,47,641,13.64,3,0,,3,,,83,129.7,132.7,106.2,,48,
133,Antwaan Randle El\RandAn00,PIT,WR,25,16,7,1,1,10,1,0,8,34,4.25,0,63,43,601,13.98,3,5,2,3,,,82,124.9,129.9,103.4,,49,
134,Joey Galloway\GallJo00,TAM,WR,33,10,7,0,0,0,0,0,2,19,9.50,0,53,33,416,12.61,5,3,,6,,,80,112.5,115.5,96.0,,51,
135,Peerless Price\PricPe00,ATL,WR,28,16,15,1,1,25,0,0,3,34,11.33,0,106,45,575,12.78,3,0,,3,,,80,124.9,127.9,102.4,,50,
136,Jabar Gaffney\GaffJa00,HOU,WR,24,16,12,0,3,0,0,0,4,30,7.50,0,68,41,632,15.41,2,1,,2,,,78,119.2,122.2,98.7,,52,
137,William Green\GreeWi01,CLE,RB,25,15,13,0,0,0,0,0,163,585,3.59,2,22,14,84,6.00,0,3,2,2,,,75,88.9,93.9,81.9,,40,
138,David Terrell\TerrDa00,CHI,WR,25,16,15,0,0,0,0,0,3,10,3.33,0,90,42,699,16.64,1,1,1,1,,,75,116.9,120.9,95.9,,53,
139,Eddie George\GeorEd00,DAL,RB,31,13,8,0,0,0,0,0,132,432,3.27,4,13,9,83,9.22,0,3,1,4,,,74,82.5,86.5,78.0,,42,
140,Dorsey Levens\LeveDo00,PHI,RB,34,15,5,0,0,0,0,0,94,410,4.36,4,14,9,92,10.22,0,0,,4,,,74,83.2,86.2,78.7,,41,
141,Todd Pinkston\PinkTo00,PHI,WR,27,16,16,0,0,0,0,0,0,0,,0,63,36,676,18.78,1,0,,1,,,74,109.6,112.6,91.6,,54,
142,Amani Toomer\ToomAm00,NYG,WR,30,15,14,0,0,0,0,0,0,0,,0,107,51,747,14.65,0,1,1,0,,,73,123.7,127.7,98.2,,55,
143,Marty Booker\BookMa00,MIA,WR,28,15,15,1,1,48,0,0,1,-8,-8.00,0,105,50,638,12.76,1,0,,1,,,71,120.9,123.9,95.9,,57,
144,Az-Zahir Hakim\HakiAz00,DET,WR,27,12,5,0,0,0,0,0,1,0,0.00,0,57,31,533,17.19,3,0,,3,,,71,102.3,105.3,86.8,,56,
145,LaMont Jordan\JordLa00,NYJ,RB,26,16,0,0,1,0,0,1,93,479,5.15,2,16,15,112,7.47,0,1,,2,,,69,84.1,91.1,77.6,,43,
146,L.J. Smith\SmitL.00,PHI,TE,24,16,8,0,0,0,0,0,0,0,,0,54,34,377,11.09,5,0,,5,,,68,101.7,104.7,84.7,,13,
147,Jonathan Wells\WellJo00,HOU,RB,25,16,1,0,0,0,0,0,82,299,3.65,3,16,11,79,7.18,2,1,1,5,1,,68,78.8,82.8,73.3,,44,
148,Anquan Boldin\BoldAn00,ARI,WR,24,10,9,0,0,0,0,0,1,3,3.00,0,104,56,623,11.13,1,1,1,1,,,67,122.6,126.6,94.6,,59,
149,Deion Branch\BranDe00,NWE,WR,25,9,9,0,0,0,0,0,0,0,,0,51,35,454,12.97,4,1,1,4,,,67,102.4,106.4,84.9,,58,
150,Chris Cooley\CoolCh00,WAS,TE,22,16,9,0,0,0,0,0,0,0,,0,63,37,314,8.49,6,0,,6,,,67,104.4,107.4,85.9,,14,
151,Marcus Pollard\PollMa00,IND,TE,32,13,13,0,0,0,0,0,0,0,,0,41,29,309,10.66,6,0,,6,,,67,95.9,98.9,81.4,,15,
152,Mark Brunell\BrunMa00,WAS,QB,34,9,9,118,237,1194,7,6,19,62,3.26,0,0,0,0,,0,6,3,0,,1,66,66.0,78.0,72.0,,33,
153,Kevin Faulk\FaulKe00,NWE,RB,28,11,1,0,0,0,0,0,54,255,4.72,2,30,26,248,9.54,1,2,1,3,,,66,92.3,99.3,79.3,,46,
154,Tony Fisher\FishTo00,GNB,RB,25,16,0,1,1,8,1,0,65,224,3.45,0,44,38,277,7.29,2,1,,2,,,66,104.4,110.4,85.4,,45,
155,Tyrone Wheatley\WheaTy00,OAK,RB,32,8,7,0,0,0,0,0,85,327,3.85,4,15,15,78,5.20,0,0,,4,,,65,79.5,82.5,72.0,,47,
156,Tatum Bell\BellTa00,DEN,RB,23,14,0,0,0,0,0,0,75,396,5.28,3,7,5,80,16.00,0,1,1,3,,,64,68.6,72.6,66.1,,50,
157,Doug Gabriel\GabrDo00,OAK,WR,24,16,5,0,0,0,0,0,2,7,3.50,0,79,33,551,16.70,2,2,2,2,,,64,96.8,101.8,80.3,,60,
158,Travis Minor\MinoTr00,MIA,RB,25,11,4,0,0,0,0,0,109,388,3.56,3,27,13,75,5.77,0,0,,3,,,64,77.3,80.3,70.8,,48,
159,Anthony Thomas\ThomAn01,CHI,RB,27,12,2,0,0,0,0,0,122,404,3.31,2,23,17,132,7.76,0,1,1,2,,,64,80.6,87.6,72.1,,49,
160,Shaun McDonald\McDoSh00,STL,WR,23,16,0,0,0,0,0,0,4,0,0.00,0,68,37,494,13.35,3,4,2,3,,,63,100.4,105.4,81.9,,61,
161,Moe Williams\WillMo00,MIN,RB,30,14,1,0,0,0,0,0,30,161,5.37,3,27,21,233,11.10,1,0,,4,,,63,84.4,90.4,73.9,,51,
162,Mewelde Moore\MoorMe00,MIN,RB,22,10,3,0,1,0,0,0,65,379,5.83,0,32,27,238,8.81,0,0,,0,,,62,88.7,94.7,75.2,,52,
163,Jerome Pathon\PathJe00,NOR,WR,29,15,7,0,0,0,0,0,0,0,,0,67,34,581,17.09,1,1,1,1,,,62,96.1,100.1,79.1,,62,
164,Koren Robinson\RobiKo00,SEA,WR,24,10,8,0,0,0,0,0,1,3,3.00,0,67,31,495,15.97,2,0,,2,,,62,92.8,95.8,77.3,,63,
165,Jerry Rice\RiceJe00,2TM,WR,42,17,14,0,0,0,0,0,0,0,,0,64,30,429,14.30,3,0,,3,,,61,90.9,93.9,75.9,,64,
166,Michael Bennett\BennMi00,MIN,RB,26,11,7,0,0,0,0,0,70,276,3.94,1,23,21,207,9.86,1,1,,2,,,60,81.3,87.3,70.8,,53,
167,Curtis Conway\ConwCu00,SFO,WR,33,16,5,0,0,0,0,0,0,0,,0,75,38,403,10.61,3,0,,3,1,,60,98.3,101.3,79.3,,65,
168,Bobby Engram\EngrBo00,SEA,WR,31,13,7,0,0,0,0,0,0,0,,0,53,36,499,13.86,2,1,1,2,,,60,95.9,99.9,77.9,,66,
169,Derrius Thompson\ThomDe00,MIA,WR,27,16,3,0,0,0,0,0,0,0,,0,48,23,359,15.61,4,0,,4,,,60,82.9,85.9,71.4,,67,
170,Jesse Chatman\ChatJe00,SDG,RB,25,15,0,0,0,0,0,0,65,392,6.03,3,2,2,17,8.50,0,1,,3,,,59,60.9,63.9,59.9,,54,
171,Steve Heiden\HeidSt00,CLE,TE,28,13,13,0,0,0,0,0,0,0,,0,42,28,287,10.25,5,1,1,5,1,,59,86.7,90.7,72.7,,16,
172,Bryant Johnson\JohnBr02,ARI,WR,23,16,11,0,0,0,0,0,2,-6,-3.00,0,102,49,537,10.96,1,1,,1,,,59,108.1,111.1,83.6,,68,
173,Quincy Morgan\MorgQu00,2TM,WR,27,15,12,0,0,0,0,0,2,23,11.50,0,68,31,404,13.03,3,1,1,3,,,59,89.7,93.7,74.2,,69,
174,Corey Bradford\BradCo00,HOU,WR,29,15,10,0,0,0,0,0,0,0,,0,54,27,399,14.78,3,0,,3,,,58,84.9,87.9,71.4,,70,
175,Aaron Stecker\StecAa00,NOR,RB,29,16,3,0,0,0,0,0,58,244,4.21,2,38,29,174,6.00,0,1,1,3,,,58,86.8,93.8,72.3,,55,
176,Shawn Bryson\BrysSh00,DET,RB,28,16,1,0,0,0,0,0,50,264,5.28,0,57,44,322,7.32,0,1,1,0,,,57,100.6,107.6,78.6,,56,
177,Kevin Curtis\CurtKe00,STL,WR,26,15,0,0,0,0,0,0,3,24,8.00,0,50,32,421,13.16,2,1,1,2,1,,57,88.5,92.5,72.5,,71,
178,Jay Fiedler\FiedJa00,MIA,QB,33,8,7,101,190,1186,7,8,12,59,4.92,0,0,0,0,,0,9,4,0,,,57,57.3,72.3,65.3,,34,
179,Troy Edwards\EdwaTr00,JAX,WR,27,16,4,0,0,0,0,0,2,2,1.00,0,80,50,533,10.66,1,3,2,1,,,56,105.5,110.5,80.5,,73,
180,Kelley Washington\WashKe00,CIN,WR,25,16,2,0,0,0,0,0,1,-1,-1.00,0,50,31,378,12.19,3,0,,3,,,56,86.7,89.7,71.2,,72,
181,Ken Dilger\DilgKe00,TAM,TE,33,16,14,0,0,0,0,0,0,0,,0,55,39,345,8.85,3,0,,3,1,,55,93.5,96.5,74.0,,19,
182,Freddie Jones\JoneFr00,ARI,TE,30,16,15,0,0,0,0,0,0,0,,0,74,45,426,9.47,2,0,,2,,,55,99.6,102.6,77.1,,18,
183,Clarence Moore\MoorCl00,BAL,WR,22,15,6,0,0,0,0,0,0,0,,0,58,24,293,12.21,4,0,,4,1,,55,79.3,82.3,67.3,,74,
184,Jerramy Stevens\StevJe00,SEA,TE,25,16,5,0,0,0,0,0,0,0,,0,47,31,349,11.26,3,0,,3,1,,55,85.9,88.9,70.4,,17,
185,Richie Anderson\AndeRi00,DAL,RB,33,12,4,1,1,26,1,0,57,246,4.32,1,41,26,207,7.96,0,1,1,1,,,54,80.3,87.3,67.3,,57,
186,Ladell Betts\BettLa00,WAS,RB,25,16,1,0,0,0,0,0,90,371,4.12,1,25,15,108,7.20,0,0,,1,,,54,68.9,74.9,61.4,,58,
187,Reche Caldwell\CaldRe00,SDG,WR,25,6,6,0,0,0,0,0,4,45,11.25,0,29,18,310,17.22,3,1,,3,,,54,71.5,74.5,62.5,,76,
188,Bobby Wade\WadeBo00,CHI,WR,23,16,14,0,0,0,0,0,12,76,6.33,0,89,42,481,11.45,0,2,1,0,,,54,95.7,99.7,74.7,,75,
189,Obafemi Ayanbadejo\AyanOb00,ARI,RB,29,16,5,0,0,0,0,0,30,122,4.07,3,25,19,171,9.00,1,1,,4,,,53,72.3,78.3,62.8,,60,
190,Andre' Davis\DaviAn01,CLE,WR,25,7,7,0,0,0,0,0,1,-3,-3.00,0,35,16,416,26.00,2,0,,2,,,53,69.3,72.3,61.3,,77,
191,Verron Haynes\HaynVe00,PIT,RB,25,13,0,0,0,0,0,0,55,272,4.95,0,23,18,142,7.89,2,0,,2,,,53,71.4,77.4,62.4,,59,
192,Brad Hoover\HoovBr00,CAR,RB,28,14,9,0,0,0,0,0,68,246,3.62,0,32,21,161,7.67,2,0,,2,,,53,73.7,79.7,63.2,,61,
193,Terry Glenn\GlenTe00,DAL,WR,30,6,6,0,1,0,0,0,1,-3,-3.00,0,38,24,400,16.67,2,0,,2,,,52,75.7,78.7,63.7,,78,
194,Mike Alstott\AlstMi00,TAM,RB,31,14,11,0,0,0,0,0,67,230,3.43,2,41,29,202,6.97,0,2,2,2,,,51,80.2,88.2,65.7,,62,
195,Najeh Davenport\DaveNa00,GNB,RB,25,11,1,0,0,0,0,0,71,359,5.06,2,4,4,33,8.25,0,1,,2,,,51,55.2,58.2,53.2,,63,
196,Ricky Proehl\ProeRi00,CAR,WR,36,16,3,0,1,0,0,0,1,9,9.00,0,70,34,497,14.62,0,0,,0,,,51,84.6,87.6,67.6,,79,
197,Mark Campbell\CampMa00,BUF,TE,29,12,12,0,0,0,0,0,0,0,,0,30,17,203,11.94,5,1,,5,,,50,67.3,70.3,58.8,,20,
198,Ken Dorsey\DorsKe00,SFO,QB,23,8,7,123,226,1231,6,9,5,7,1.40,0,0,0,0,,0,5,3,0,,,50,49.9,64.9,58.9,,35,
199,Quentin Griffin\GrifQu00,DEN,RB,23,6,4,0,0,0,0,0,85,311,3.66,2,14,10,68,6.80,1,3,3,3,,,50,59.9,65.9,54.9,,64,
200,Kris Mangum\MangKr00,CAR,TE,31,15,10,0,0,0,0,0,0,0,,0,58,34,323,9.50,3,0,,3,,,50,84.3,87.3,67.3,,21,
201,Freddie Mitchell\MitcFr00,PHI,WR,26,16,9,0,0,0,0,0,0,0,,0,45,22,377,17.14,2,0,,2,,,50,71.7,74.7,60.7,,81,
202,Dez White\WhitDe00,ATL,WR,25,16,15,0,0,0,0,0,3,14,4.67,0,56,30,370,12.33,2,0,,2,,,50,80.4,83.4,65.4,,80,
203,Eli Manning\MannEl00,NYG,QB,23,9,7,95,197,1043,6,9,6,35,5.83,0,0,0,0,,0,3,1,0,,,49,49.2,62.2,58.2,,36,
204,Aaron Shea\SheaAa00,CLE,TE,28,15,8,0,0,0,0,0,0,0,,0,48,26,252,9.69,4,0,,4,,,49,75.2,78.2,62.2,,22,
205,Derick Armstrong\ArmsDe00,HOU,WR,25,14,1,0,0,0,0,0,0,0,,0,39,29,415,14.31,1,0,,1,,,48,76.5,79.5,62.0,,83,
206,Todd Heap\HeapTo00,BAL,TE,24,6,5,0,0,0,0,0,0,0,,0,44,27,303,11.22,3,0,,3,,,48,75.3,78.3,61.8,,23,
207,Darius Watts\WattDa00,DEN,WR,23,16,2,0,0,0,0,0,5,33,6.60,0,53,31,385,12.42,1,1,,1,,,48,78.8,81.8,63.3,,82,
208,Kelly Holcomb\HolcKe00,CLE,QB,31,4,2,59,87,737,7,5,3,-2,-0.67,0,0,0,0,,0,1,,0,,,47,47.3,55.3,52.3,,37,
209,Wayne Chrebet\ChreWa00,NYJ,WR,31,16,1,0,0,0,0,0,0,0,,0,54,31,397,12.81,1,0,,1,,,46,76.7,79.7,61.2,,84,
210,Keenan McCardell\McCaKe00,SDG,WR,34,7,6,0,1,0,0,0,1,3,3.00,0,58,31,393,12.68,1,0,,1,,,46,76.6,79.6,61.1,,85,
211,Boo Williams\WillBo00,NOR,TE,25,16,7,0,0,0,0,0,0,0,,0,75,33,362,10.97,2,2,1,2,,,46,79.2,83.2,62.7,,24,
212,Robert Ferguson\FergRo00,GNB,WR,25,13,5,0,0,0,0,0,0,0,,0,49,24,367,15.29,1,1,,1,1,,45,68.7,71.7,56.7,,88,
213,DeShaun Foster\FostDe00,CAR,RB,24,4,3,0,0,0,0,0,59,255,4.32,2,10,9,76,8.44,0,0,,2,,,45,54.1,57.1,49.6,,65,
214,Ike Hilliard\HillIk00,NYG,WR,28,16,15,0,0,0,0,0,3,34,11.33,0,81,49,437,8.92,0,3,1,0,,,45,94.1,98.1,69.6,,87,
215,Joe Jurevicius\JureJo00,TAM,WR,30,10,3,0,0,0,0,0,0,0,,0,37,27,333,12.33,2,0,,2,,,45,72.3,75.3,58.8,,86,
216,Chad Lewis\LewiCh00,PHI,TE,33,15,9,0,0,0,0,0,0,0,,0,46,29,267,9.21,3,0,,3,,,45,73.7,76.7,59.2,,25,
217,Stephen Alexander\AlexSt00,DET,TE,29,16,15,0,0,0,0,0,0,0,,0,76,41,377,9.20,1,0,,1,,,44,84.7,87.7,64.2,,26,
218,Zack Crockett\CrocZa00,OAK,RB,32,16,9,0,0,0,0,0,48,232,4.83,2,20,16,87,5.44,0,0,,2,,,44,59.9,62.9,51.9,,66,
219,Randy Hymes\HymeRa00,BAL,WR,25,14,7,0,1,0,0,0,0,0,,0,48,26,323,12.42,2,0,,2,,,44,70.3,73.3,57.3,,89,
220,Doug Jolley\JollDo00,OAK,TE,25,16,13,0,0,0,0,0,0,0,,0,48,27,313,11.59,2,0,,2,,,43,70.3,73.3,56.8,,27,
221,Kassim Osgood\OsgoKa00,SDG,WR,24,16,7,0,0,0,0,0,0,0,,0,33,15,308,20.53,2,0,,2,,,43,57.8,60.8,50.3,,90,
222,Troy Hambrick\HambTr00,ARI,RB,28,10,0,0,0,0,0,0,63,283,4.49,1,5,4,16,4.00,1,0,,2,,,42,45.9,48.9,43.9,,67,
223,William Henderson *+\HendWi00,GNB,RB,33,16,8,0,0,0,0,0,0,0,,0,40,34,239,7.03,3,0,,3,,,42,75.9,78.9,58.9,,68,
224,Matt Schobel\SchoMa00,CIN,TE,26,16,1,0,0,0,0,0,0,0,,0,33,21,201,9.57,4,1,1,4,,,42,63.1,67.1,52.6,,28,
225,Kelly Campbell\CampKe00,MIN,WR,24,16,3,0,0,0,0,0,3,4,1.33,0,32,19,364,19.16,1,1,1,1,,,41,59.8,63.8,50.3,,93,
226,Kevin Johnson\JohnKe01,BAL,WR,28,16,5,0,0,0,0,0,1,0,0.00,0,61,35,373,10.66,1,1,1,1,,,41,76.3,80.3,58.8,,91,
227,Jerald Sowell\SoweJe00,NYJ,RB,30,16,16,0,0,0,0,0,2,28,14.00,0,59,45,342,7.60,1,1,1,1,,,41,86.0,90.0,63.5,,69,
228,Ernest Wilford\WilfEr00,JAX,WR,25,15,3,0,0,0,0,0,0,0,,0,35,19,271,14.26,2,0,,2,1,,41,60.1,63.1,50.6,,92,
229,Chris Baker\BakeCh00,NYJ,TE,25,16,0,0,0,0,0,0,0,0,,0,29,18,182,10.11,4,1,1,4,,,40,58.2,62.2,49.2,,29,
230,Chad Hutchinson\HutcCh00,CHI,QB,27,5,5,92,161,903,4,3,6,14,2.33,0,0,0,0,,0,8,4,0,,,40,39.5,49.5,42.5,,38,
231,Travis Taylor\TaylTr01,BAL,WR,26,10,9,0,0,0,0,0,0,0,,0,80,34,421,12.38,0,1,1,0,,,40,74.1,78.1,57.1,,94,
232,Dante Hall\HallDa00,KAN,WR,26,16,6,0,0,0,0,0,8,56,7.00,0,38,25,230,9.20,0,1,1,2,,,39,63.6,67.6,51.1,,95,
233,Jon Kitna\KitnJo00,CIN,QB,32,4,3,61,104,623,5,4,10,42,4.20,0,0,0,0,,0,2,1,0,,,39,39.1,47.1,43.1,,39,
234,Ben Troupe\TrouBe00,TEN,TE,22,14,7,0,0,0,0,0,0,0,,0,54,33,329,9.97,1,2,,1,,,39,71.9,74.9,55.4,,30,
235,Dominic Rhodes\RhodDo00,IND,RB,25,16,0,0,0,0,0,0,53,254,4.79,1,4,2,24,12.00,0,2,1,2,,,38,39.8,43.8,38.8,,70,
236,Bernard Berrian\BerrBe00,CHI,WR,24,16,1,0,0,0,0,0,8,28,3.50,0,44,15,225,15.00,2,0,,2,,,37,52.3,55.3,44.8,,96,
237,Travis Henry\HenrTr00,BUF,RB,26,10,5,0,0,0,0,0,94,326,3.47,0,14,10,45,4.50,0,0,,0,,,37,47.1,50.1,42.1,,72,
238,Erron Kinney\KinnEr00,TEN,TE,27,9,9,0,0,0,0,0,0,0,,0,30,25,193,7.72,3,0,,3,,,37,62.3,65.3,49.8,,31,
239,Artose Pinner\PinnAr00,DET,RB,26,9,2,0,0,0,0,0,57,174,3.05,2,11,11,72,6.55,0,0,,2,,,37,47.6,50.6,42.1,,73,
240,Kenny Watson\WatsKe00,CIN,RB,26,16,0,0,0,0,0,0,26,161,6.19,0,35,25,171,6.84,1,2,1,1,,,37,62.2,69.2,49.7,,71,
241,Alvis Whitted\WhitAl00,OAK,WR,30,11,5,0,0,0,0,0,0,0,,0,25,9,227,25.22,2,0,,2,1,,37,45.7,48.7,41.2,,97,
242,Brian Finneran\FinnBr00,ATL,WR,28,12,1,0,0,0,0,0,0,0,,0,33,23,258,11.22,2,1,1,2,,,36,58.8,62.8,47.3,,98,
243,Greg Jones\JoneGr01,JAX,RB,23,16,3,0,0,0,0,0,62,162,2.61,3,10,3,13,4.33,0,1,,3,,,36,38.5,41.5,37.0,,75,
244,LaBrandon Toefield\ToefLa00,JAX,RB,24,14,0,0,0,0,0,0,51,169,3.31,0,34,28,151,5.39,1,1,1,1,,,36,64.0,71.0,50.0,,74,
245,David Garrard\GarrDa00,JAX,QB,26,4,2,38,72,374,2,1,12,76,6.33,1,0,0,0,,0,0,,1,,,35,34.6,38.6,35.6,,41,
246,Brad Johnson\JohnBr00,TAM,QB,36,4,4,65,103,674,3,3,5,23,4.60,0,0,0,0,,0,2,1,0,,1,35,35.3,42.3,38.3,,40,
247,Reggie Williams\WillRe00,JAX,WR,21,16,15,0,0,0,0,0,0,0,,0,54,27,268,9.93,1,1,1,1,2,,35,61.8,65.8,48.3,,99,
248,Eddie Berlin\BerlEd00,TEN,WR,26,16,1,0,0,0,0,0,0,0,,0,41,20,278,13.90,1,0,,1,,,34,53.8,56.8,43.8,,101,
249,Patrick Pass\PassPa00,NWE,RB,27,14,4,0,0,0,0,0,39,141,3.62,0,32,28,215,7.68,0,1,1,0,,,34,61.6,68.6,47.6,,76,
250,Tai Streets\StreTa00,DET,WR,27,13,12,0,0,0,0,0,0,0,,0,56,28,260,9.29,1,0,,1,1,,34,62.0,65.0,48.0,,100,
251,J.R. Redmond\RedmJ.00,OAK,RB,27,16,1,0,0,0,0,0,21,119,5.67,0,50,32,233,7.28,0,2,1,0,,,33,65.2,72.2,49.2,,77,
252,Quincy Carter\CartQu00,NYJ,QB,27,7,3,35,58,498,3,1,12,20,1.67,0,0,0,0,,0,2,,0,,,32,31.9,35.9,32.9,,42,
253,Desmond Clark\ClarDe00,CHI,TE,27,15,13,0,0,0,0,0,0,0,,0,49,24,282,11.75,1,1,1,1,,,32,56.2,60.2,44.2,,32,
254,Christian Fauria\FaurCh00,NWE,TE,33,16,10,0,0,0,0,0,0,0,,0,20,16,195,12.19,2,0,,2,,,32,47.5,50.5,39.5,,33,
255,Troy Fleming\FlemTr00,TEN,RB,24,16,0,0,0,0,0,0,7,40,5.71,0,28,19,164,8.63,2,0,,2,,,32,51.4,54.4,41.9,,78,
256,Rich Gannon\GannRi00,OAK,QB,39,3,3,41,68,524,3,2,5,26,5.20,0,0,0,0,,0,3,1,0,,1,32,31.6,37.6,33.6,,43,
257,Justin Griffith\GrifJu00,ATL,RB,24,12,11,0,0,0,0,0,9,39,4.33,0,31,22,220,10.00,1,0,,1,,,32,53.9,56.9,42.9,,79,
258,Doug Flutie\FlutDo00,SDG,QB,42,2,1,20,38,276,1,0,5,39,7.80,2,0,0,0,,0,0,,2,,,31,30.9,30.9,30.9,,44,
259,Luke McCown\McCoLu00,CLE,QB,23,5,4,48,98,608,4,7,6,25,4.17,0,0,0,0,,0,2,,0,,1,31,30.8,40.8,37.8,,45,
260,Robert Royal\RoyaRo00,WAS,TE,25,14,9,0,0,0,0,0,0,0,,0,15,8,70,8.75,4,0,,4,,,31,39.0,39.0,35.0,,34,
261,Shaud Williams\WillSh01,BUF,RB,24,4,0,0,0,0,0,0,42,167,3.98,2,3,3,19,6.33,0,1,,2,,,31,33.6,36.6,32.1,,80,
262,Jason Dunn\DunnJa00,KAN,TE,31,16,0,0,0,0,0,0,0,0,,0,25,17,120,7.06,3,0,,3,,,30,47.0,50.0,38.5,,35,
263,Bethel Johnson\JohnBe00,NWE,WR,25,13,1,0,0,0,0,0,2,8,4.00,0,21,10,174,17.40,1,2,,2,,,30,40.2,43.2,35.2,,102,
264,Itula Mili\MiliIt00,SEA,TE,31,15,4,0,0,0,0,0,0,0,,0,36,23,240,10.43,1,0,,1,,,30,53.0,56.0,41.5,,36,
265,Rex Grossman\GrosRe00,CHI,QB,24,3,3,47,84,607,1,3,11,48,4.36,1,0,0,0,,0,2,2,1,,,29,29.1,37.1,32.1,,47,
266,Craig Nall\NallCr00,GNB,QB,25,5,0,23,33,314,4,0,3,7,2.33,0,0,0,0,,0,1,,0,,,29,29.3,32.3,29.3,,46,
267,Patrick Hape\HapePa00,DEN,TE,30,16,5,0,0,0,0,0,0,0,,0,17,8,35,4.38,4,0,,4,,,28,35.5,35.5,31.5,,38,
268,Cory Schlesinger\SchlCo00,DET,RB,32,13,11,0,0,0,0,0,4,7,1.75,0,16,10,91,9.10,3,0,,3,,,28,37.8,37.8,32.8,,81,
269,Daniel Wilcox\WilcDa01,BAL,TE,27,16,5,0,0,0,0,0,0,0,,0,35,25,219,8.76,1,1,,1,,,28,52.9,55.9,40.4,,37,
270,Tim Carter\CartTi00,NYG,WR,25,5,0,0,0,0,0,0,2,23,11.50,0,18,12,182,15.17,1,0,,1,,,27,38.5,41.5,32.5,,104,
271,Mike Cloud\ClouMi00,NYG,RB,29,10,0,0,0,0,0,0,21,90,4.29,3,1,1,3,3.00,0,0,,3,,,27,28.3,28.3,27.8,,82,
272,Bryan Gilmore\GilmBr00,MIA,WR,26,16,2,0,0,0,0,0,0,0,,0,34,15,206,13.73,1,1,,1,,,27,41.6,44.6,34.1,,103,
273,Jerame Tuman\TumaJe00,PIT,TE,28,16,16,0,0,0,0,0,0,0,,0,20,9,89,9.89,3,0,,3,,,27,35.9,35.9,31.4,,39,
274,Dwayne Carswell\CarsDw00,DEN,TE,32,15,14,0,0,0,0,0,0,0,,0,36,22,198,9.00,1,0,,1,,,26,47.8,50.8,36.8,,41,
275,Mike Seidman\SeidMi00,CAR,TE,23,16,6,0,0,0,0,0,0,0,,0,13,13,123,9.46,2,0,,2,1,,26,39.3,42.3,32.8,,40,
276,Ron Dayne\DaynRo00,NYG,RB,26,14,2,0,0,0,0,0,52,179,3.44,1,4,1,7,7.00,0,0,,1,,,25,25.6,28.6,25.1,,83,
277,Chris Horn\HornCh00,KAN,WR,27,14,0,0,0,0,0,0,1,12,12.00,0,27,15,178,11.87,1,0,,1,,,25,40.0,43.0,32.5,,105,
278,Kyle Johnson\JohnKy00,DEN,RB,26,14,3,0,0,0,0,0,0,0,,0,13,9,126,14.00,2,0,,2,,,25,33.6,36.6,29.1,,84,
279,Teyo Johnson\JohnTe00,OAK,TE,23,8,1,0,0,0,0,0,0,0,,0,13,9,131,14.56,2,0,,2,,,25,34.1,37.1,29.6,,42,
280,Courtney Anderson\AndeCo00,OAK,TE,24,9,4,0,0,0,0,0,0,0,,0,21,13,175,13.46,1,0,,1,,,24,36.5,39.5,30.0,,44,
281,Tim Brown\BrowTi00,TAM,WR,38,15,4,0,0,0,0,0,0,0,,0,31,24,200,8.33,1,2,1,1,,,24,48.0,52.0,36.0,,107,
282,Troy Brown\BrowTr00,NWE,WR,33,12,0,0,0,0,0,0,0,0,,0,29,17,184,10.82,1,1,,1,,,24,41.4,44.4,32.9,,106,
283,Billy Miller\MillBi00,HOU,TE,27,16,8,0,0,0,0,0,0,0,,0,33,17,178,10.47,1,1,,1,,,24,40.8,43.8,32.3,,43,
284,James Mungro\MungJa00,IND,RB,26,15,0,0,0,0,0,0,5,19,3.80,0,8,7,36,5.14,3,0,,3,,,24,30.5,30.5,27.0,,85,
285,Justin Fargas\FargJu00,OAK,RB,24,12,0,0,0,0,0,0,35,126,3.60,1,14,11,68,6.18,0,1,1,1,,,23,34.4,38.4,28.9,,86,
286,Brandon Manumaleuna\ManuBr00,STL,TE,24,16,16,0,0,0,0,0,0,0,,0,21,15,174,11.60,1,0,,1,,,23,38.4,41.4,30.9,,45,
287,Shad Meier\MeieSh00,TEN,TE,26,14,6,0,0,0,0,0,0,0,,0,36,25,127,5.08,2,1,1,2,,,23,47.7,51.7,35.2,,46,
288,Tim Euhus\EuhuTi00,BUF,TE,24,12,5,0,0,0,0,0,0,0,,0,15,11,98,8.91,2,0,,2,,,22,32.8,32.8,27.3,,47,
289,Bill Schroeder\SchrBi00,TAM,WR,33,7,2,0,0,0,0,0,0,0,,0,11,7,156,22.29,1,2,,1,,,22,28.6,31.6,25.1,,109,
290,David Tyree\TyreDa00,NYG,WR,24,16,1,0,0,0,0,0,0,0,,0,17,10,155,15.50,1,0,,1,,,22,31.5,34.5,26.5,,110,
291,Rashaun Woods\WoodRa00,SFO,WR,24,14,0,0,0,0,0,0,0,0,,0,23,7,160,22.86,1,0,,1,,,22,29.0,32.0,25.5,,108,
292,Arnaz Battle\BattAr00,SFO,WR,24,14,0,0,0,0,0,0,2,5,2.50,0,15,8,143,17.88,0,2,,1,,,21,28.8,31.8,24.8,,112,
293,Jonathan Carter\CartJo01,NYJ,WR,25,13,1,0,0,0,0,0,0,0,,0,16,10,173,17.30,1,2,1,1,,,21,31.3,35.3,26.3,,111,
294,Tim Dwight\DwigTi00,SDG,WR,29,12,0,0,0,0,0,0,4,54,13.50,0,5,2,31,15.50,1,0,,2,,,21,22.5,22.5,21.5,,113,
295,Terry Jones\JoneTe00,BAL,TE,25,15,11,0,0,0,0,0,0,0,,0,29,20,152,7.60,1,0,,1,,,21,41.2,44.2,31.2,,48,
296,Craig Krenzel\KrenCr00,CHI,QB,23,6,5,59,127,718,3,6,18,41,2.28,0,0,0,0,,0,8,7,0,1,,21,20.8,36.8,26.8,,48,
297,Mack Strong\StroMa00,SEA,RB,33,16,13,0,0,0,0,0,36,131,3.64,0,31,21,99,4.71,0,2,1,0,,,21,42.0,46.0,31.5,,87,
298,Patrick Crayton\CrayPa00,DAL,WR,25,8,0,0,1,0,0,1,0,0,,0,15,12,162,13.50,1,0,,1,,,20,32.2,36.2,27.2,,115,
299,Cortez Hankton\HankCo00,JAX,WR,23,12,0,0,0,0,0,0,0,0,,0,9,9,81,9.00,2,0,,2,,,20,29.1,29.1,24.6,,116,
300,Terry Jackson\JackTe00,SFO,RB,28,16,0,0,0,0,0,0,26,101,3.88,0,30,21,139,6.62,0,3,2,0,,,20,41.0,49.0,30.5,,89,
301,Greg Lewis\LewiGr01,PHI,WR,24,16,3,0,0,0,0,0,4,16,4.00,0,37,17,183,10.76,0,0,,0,,,20,36.9,39.9,28.4,,117,
302,Samie Parker\ParkSa00,KAN,WR,23,4,0,0,0,0,0,0,0,0,,0,13,9,137,15.22,1,0,,1,,,20,28.7,31.7,24.2,,118,
303,Willie Parker\ParkWi00,PIT,RB,24,8,0,0,0,0,0,0,32,186,5.81,0,7,3,16,5.33,0,0,,0,,,20,23.2,26.2,21.7,,88,
304,Jay Riemersma\RiemJa00,PIT,TE,31,11,2,0,0,0,0,0,0,0,,0,9,7,82,11.71,2,0,,2,,,20,27.2,27.2,23.7,,49,
305,James Thrash\ThraJa00,WAS,WR,29,16,3,0,0,0,0,0,0,0,,0,21,17,203,11.94,0,0,,0,,,20,37.3,40.3,28.8,,114,
306,Taylor Jacobs\JacoTa00,WAS,WR,23,15,4,0,0,0,0,0,1,-6,-6.00,0,27,16,178,11.13,0,0,,0,1,,19,35.2,38.2,27.2,,119,
307,Charles Lee\LeexCh00,TAM,WR,27,7,3,0,0,0,0,0,0,0,,0,22,15,207,13.80,0,1,1,0,,,19,33.7,37.7,26.2,,120,
308,ReShard Lee\LeexRe00,DAL,RB,24,14,0,0,0,0,0,0,27,128,4.74,1,3,1,4,4.00,0,0,,1,,,19,20.2,23.2,19.7,,90,
309,Bryan Johnson\JohnBr01,CHI,RB,26,12,6,0,0,0,0,0,0,0,,0,25,14,55,3.93,2,0,,2,,,18,31.5,31.5,24.5,,92,
310,Maurice Morris\MorrMa00,SEA,RB,25,15,0,0,0,0,0,0,30,126,4.20,0,20,9,53,5.89,0,0,,0,,,18,26.9,29.9,22.4,,91,
311,Justin Peelle\PeelJu00,SDG,TE,25,16,4,0,0,0,0,0,0,0,,0,20,10,84,8.40,2,1,1,2,,,18,28.4,29.4,23.4,,50,
312,Jonathan Quinn\QuinJo00,CHI,QB,29,5,3,51,98,413,1,3,3,35,11.67,0,0,0,0,,0,2,,0,,,18,18.0,24.0,21.0,,49,
313,Charlie Garner\GarnCh00,TAM,RB,32,3,3,0,0,0,0,0,30,111,3.70,0,14,9,62,6.89,0,0,,0,,,17,26.3,29.3,21.8,,94,
314,Brian Jones\JoneBr01,JAX,TE,23,16,0,0,0,0,0,0,0,0,,0,19,6,87,14.50,1,0,,1,1,,17,22.7,22.7,19.7,,51,
315,Shaun King\KingSh00,ARI,QB,27,3,2,47,84,502,1,4,9,30,3.33,0,0,0,0,,0,4,1,0,,,17,17.1,25.1,21.1,,50,
316,Jason McKie\McKiJa00,CHI,RB,24,15,2,0,0,0,0,0,1,1,1.00,0,17,13,70,5.38,2,1,1,2,,,17,30.1,31.1,23.6,,95,
317,Tony Richardson *\RichTo00,KAN,RB,33,16,16,0,0,0,0,0,12,56,4.67,0,26,19,118,6.21,0,0,,0,,,17,36.4,39.4,26.9,,93,
318,Anthony Becht\BechAn00,NYJ,TE,27,16,16,0,0,0,0,0,0,0,,0,28,13,100,7.69,1,0,,1,,,16,29.0,32.0,22.5,,54,
319,Kyle Brady\BradKy00,JAX,TE,32,11,8,0,0,0,0,0,0,0,,0,23,14,103,7.36,1,0,,1,,,16,30.3,33.3,23.3,,52,
320,Ernie Conwell\ConwEr00,NOR,TE,32,16,11,0,0,0,0,0,0,0,,0,19,10,102,10.20,1,0,,1,,,16,26.2,29.2,21.2,,53,
321,Justin Gage\GageJu00,CHI,WR,23,16,2,0,0,0,0,0,0,0,,0,28,12,156,13.00,0,0,,0,,,16,27.6,30.6,21.6,,123,
322,Garrison Hearst\HearGa00,DEN,RB,33,7,0,0,0,0,0,0,20,81,4.05,1,3,2,20,10.00,0,0,,1,,,16,18.1,18.1,17.1,,96,
323,Will Heller\HellWi00,TAM,TE,23,10,2,0,0,0,0,0,0,0,,0,16,12,98,8.17,1,1,,1,,,16,27.8,27.8,21.8,,55,
324,Dane Looker\LookDa00,STL,WR,28,14,0,0,0,0,0,0,0,0,,0,26,13,183,14.08,0,1,1,0,,,16,29.3,33.3,22.8,,121,
325,Jerheme Urban\UrbaJe00,SEA,WR,24,7,1,0,0,0,0,0,0,0,,0,9,6,117,19.50,1,1,1,1,,,16,21.7,25.7,18.7,,122,
326,Todd Yoder\YodeTo00,JAX,TE,26,16,8,0,0,0,0,0,0,0,,0,22,14,157,11.21,0,0,,0,,,16,29.7,32.7,22.7,,56,
327,Sam Aiken\AikeSa00,BUF,WR,24,16,0,0,0,0,0,0,0,0,,0,18,11,148,13.45,0,0,,0,,,15,25.8,28.8,20.3,,126,
328,Darnell Dinkins\DinkDa00,BAL,TE,27,10,4,0,0,0,0,0,0,0,,0,15,9,94,10.44,1,0,,1,,,15,24.4,24.4,19.9,,57,
329,Chris Fuamatu-Ma'afala\FuamCh00,JAX,RB,27,7,1,0,0,0,0,0,20,69,3.45,1,6,4,19,4.75,0,0,,1,,,15,18.8,18.8,16.8,,98,
330,Frisman Jackson\JackFr01,CLE,WR,25,10,0,0,1,0,0,0,1,4,4.00,0,19,13,168,12.92,0,1,1,0,,,15,28.2,32.2,21.7,,125,
331,Rob Konrad\KonrRo00,MIA,RB,28,10,1,0,0,0,0,0,2,18,9.00,0,18,8,69,8.63,1,0,,1,,,15,22.7,22.7,18.7,,99,
332,Dan Kreider\KreiDa00,PIT,RB,27,16,9,0,0,0,0,0,4,18,4.50,0,14,10,75,7.50,1,0,,1,,,15,25.3,25.3,20.3,,97,
333,Josh Reed\ReedJo01,BUF,WR,24,12,1,0,0,0,0,0,2,-1,-0.50,0,36,16,153,9.56,0,0,,0,,,15,31.2,34.2,23.2,,124,
334,Jim Sorgi\SorgJi00,IND,QB,24,4,0,17,29,175,2,0,8,-5,-0.63,0,0,0,0,,0,1,,0,,,15,14.5,14.5,14.5,,51,
335,Terrance Copper\CoppTe00,DAL,WR,22,10,0,0,0,0,0,0,1,-1,-1.00,0,20,7,84,12.00,1,0,,1,,,14,21.3,21.3,17.8,,127,
336,Joey Goodspeed\GoodJo00,STL,RB,26,16,5,0,0,0,0,0,3,6,2.00,1,16,11,71,6.45,0,1,,1,,,14,24.7,24.7,19.2,,101,
337,Lamar Gordon\GordLa00,MIA,RB,24,3,2,0,0,0,0,0,35,64,1.83,0,19,13,74,5.69,0,1,,0,,,14,26.8,26.8,20.3,,100,
338,Ryan Krause\KrauRy00,SDG,TE,23,2,1,0,0,0,0,0,0,0,,0,6,5,81,16.20,1,0,,1,,,14,19.1,19.1,16.6,,58,
339,Lee Mays\MaysLe00,PIT,WR,26,16,1,0,0,0,0,0,0,0,,0,23,9,137,15.22,0,0,,0,,,14,22.7,25.7,18.2,,130,
340,Jamaar Taylor\TaylJa00,NYG,WR,23,8,0,0,0,0,0,0,1,-8,-8.00,0,17,6,146,24.33,0,0,,0,,,14,19.8,22.8,16.8,,129,
341,Peter Warrick\WarrPe00,CIN,WR,27,4,1,0,0,0,0,0,2,14,7.00,0,17,11,127,11.55,0,0,,0,,,14,25.1,28.1,19.6,,128,
342,Darian Barnes\BarnDa00,DAL,RB,24,16,10,0,0,0,0,0,5,10,2.00,0,14,10,59,5.90,1,1,,1,,,13,22.9,22.9,17.9,,103,
343,Trent Dilfer\DilfTr00,SEA,QB,32,5,2,25,58,333,1,3,10,14,1.40,0,0,0,0,,0,1,,0,,,13,12.7,18.7,15.7,,52,
344,Leonard Henry\HenrLe20,MIA,RB,26,6,2,0,0,0,0,0,46,141,3.07,0,6,3,12,4.00,0,1,1,0,,,13,16.3,20.3,14.8,,102,
345,David Kircus\KircDa00,DET,WR,24,7,0,0,0,0,0,0,0,0,,0,10,3,68,22.67,1,0,,1,,,13,15.8,15.8,14.3,,131,
346,Donald Lee\LeexDo00,MIA,TE,24,16,10,0,0,0,0,0,0,0,,0,20,13,110,8.46,1,2,2,1,,,13,26.0,31.0,19.5,,60,
347,Dustin Lyman\LymaDu00,CHI,TE,28,16,10,0,0,0,0,0,0,0,,0,23,11,73,6.64,1,0,,1,,,13,24.3,24.3,18.8,,59,
348,Jamal Robertson\RobeJa00,2TM,RB,27,12,0,0,0,0,0,0,16,71,4.44,1,5,4,34,8.50,0,3,2,1,,,13,16.5,18.5,14.5,,104,
349,George Wrighster\WrigGe00,JAX,TE,23,4,3,0,0,0,0,0,0,0,,0,14,10,69,6.90,1,1,,1,,,13,22.9,22.9,17.9,,61,
350,Jerricho Cotchery\CotcJe00,NYJ,WR,22,12,0,0,0,0,0,0,0,0,,0,11,6,60,10.00,0,0,,1,,,12,18.0,18.0,15.0,,133,
351,Stephen Davis\DaviSt00,CAR,RB,30,2,2,0,0,0,0,0,24,92,3.83,0,2,2,32,16.00,0,0,,0,,,12,14.4,14.4,13.4,,105,
352,Jim Finn\FinnJi00,NYG,RB,28,16,9,0,0,0,0,0,3,7,2.33,0,18,15,112,7.47,0,0,,0,,,12,26.9,29.9,19.4,,108,
353,Robert Holcombe\HolcRo00,TEN,RB,29,16,8,0,0,0,0,0,17,62,3.65,0,21,11,60,5.45,0,0,,0,,,12,23.2,23.2,17.7,,106,
354,Michael Jenkins\JenkMi00,ATL,WR,22,16,0,0,0,0,0,0,1,2,2.00,0,20,7,119,17.00,0,0,,0,,,12,19.1,22.1,15.6,,132,
355,Lorenzo Neal\NealLo00,SDG,RB,34,16,10,0,0,0,0,0,16,53,3.31,0,19,13,66,5.08,0,1,,0,,,12,24.9,24.9,18.4,,107,
356,Jeff Robinson\RobiJe00,DAL,TE,34,16,0,0,0,0,0,0,0,0,,0,2,2,2,1.00,2,0,,2,,,12,14.2,14.2,13.2,,62,
357,Matt Schaub\SchaMa00,ATL,QB,23,6,1,33,70,330,1,4,8,26,3.25,0,0,0,0,,0,1,,0,,,12,11.8,18.8,15.8,,54,
358,Chris Simms\SimmCh00,TAM,QB,24,5,2,42,73,467,1,3,7,14,2.00,0,0,0,0,,0,3,3,0,,,12,12.1,21.1,15.1,,53,
359,Aaron Walker\WalkAa00,SFO,TE,24,16,4,0,0,0,0,0,0,0,,0,15,10,115,11.50,0,0,,0,,,12,21.5,24.5,16.5,,63,
360,Mike Bartrum\BartMi00,PHI,TE,34,16,0,0,1,0,0,0,0,0,,0,7,5,45,9.00,1,1,,1,,,11,15.5,15.5,13.0,,66,
361,Malcom Floyd\FloyMa00,SDG,WR,23,4,2,0,0,0,0,0,0,0,,0,9,3,49,16.33,1,0,,1,,,11,13.9,13.9,12.4,,134,
362,Ryan Hannam\HannRy00,SEA,TE,24,16,0,0,0,0,0,0,0,0,,0,12,8,110,13.75,0,0,,0,,,11,19.0,22.0,15.0,,64,
363,Arlen Harris\HarrAr00,STL,RB,24,14,1,0,0,0,0,0,20,63,3.15,0,4,4,44,11.00,0,1,,0,,,11,14.7,14.7,12.7,,110,
364,Tommy Maddox\MaddTo00,PIT,QB,33,4,3,30,60,329,1,2,9,15,1.67,0,0,0,0,,0,3,2,0,,,11,10.7,17.7,12.7,,55,
365,Daimon Shelton\ShelDa00,BUF,RB,32,16,12,0,0,0,0,0,0,0,,0,24,17,114,6.71,0,0,,0,,,11,28.4,31.4,19.9,,109,
366,Tony Stewart\StewTo00,CIN,TE,25,16,9,0,0,0,0,0,0,0,,0,25,10,48,4.80,1,0,,1,,,11,20.8,20.8,15.8,,65,
367,Jameel Cook\CookJa00,TAM,RB,25,12,5,0,0,0,0,0,0,0,,0,12,7,44,6.29,1,0,,1,,,10,17.4,17.4,13.9,,111,
368,Casey Fitzsimmons\FitzCa00,DET,TE,24,16,2,0,0,0,0,0,0,0,,0,14,10,103,10.30,0,0,,0,,,10,20.3,23.3,15.3,,67,
369,Jeremi Johnson\JohnJe00,CIN,RB,24,16,6,0,0,0,0,0,3,5,1.67,0,18,16,53,3.31,1,1,1,1,,,10,25.8,26.8,17.8,,113,
370,Marcellus Rivers\RiveMa00,NYG,TE,26,16,3,0,0,0,0,0,0,0,,0,12,5,36,7.20,1,1,,1,,,10,14.6,14.6,12.1,,68,
371,Wes Welker\WelkWe00,2TM,,23,15,0,0,0,0,0,0,0,0,,0,0,0,0,,0,4,,1,,,10,10.0,6.0,10.0,,135,
372,Jamel White\WhitJa00,2TM,RB,27,13,0,0,0,0,0,0,27,82,3.04,0,9,6,21,3.50,0,0,,0,,,10,16.3,16.3,13.3,,112,
373,Chris Chandler\ChanCh00,STL,QB,39,5,2,35,62,463,2,8,1,2,2.00,0,0,0,0,,0,1,1,0,,,9,8.7,20.7,16.7,,56,
374,Tony Hollings\HollTo00,HOU,RB,23,7,0,0,0,0,0,0,11,47,4.27,0,7,5,46,9.20,0,0,,0,,,9,14.3,14.3,11.8,,114,
375,Reggie Kelly\KellRe00,CIN,TE,27,16,15,0,0,0,0,0,0,0,,0,21,15,85,5.67,0,0,,0,,,9,23.5,23.5,16.0,,72,
376,David Martin\MartDa00,GNB,TE,25,9,3,0,0,0,0,0,0,0,,0,12,5,88,17.60,0,0,,0,,,9,13.8,13.8,11.3,,70,
377,Sage Rosenfels\RoseSa00,MIA,QB,26,3,1,16,39,264,1,3,0,0,,0,0,0,0,,0,2,,0,,,9,8.6,11.6,11.6,,57,
378,Visanthe Shiancoe\ShiaVi00,NYG,TE,24,16,7,0,0,0,0,0,0,0,,0,7,5,25,5.00,1,0,,1,,,9,13.5,13.5,11.0,,71,
379,Jonathan Smith\SmitJo00,BUF,WR,23,9,0,0,0,0,0,0,2,11,5.50,0,6,3,21,7.00,0,0,,1,,,9,12.2,12.2,10.7,,136,
380,Michael Turner\TurnMi00,SDG,RB,22,14,1,0,0,0,0,0,20,104,5.20,0,5,4,8,2.00,0,1,1,0,,,9,13.2,17.2,11.2,,115,
381,Jed Weaver\WeavJe00,NWE,TE,28,10,1,0,0,0,0,0,0,0,,0,12,8,93,11.63,0,0,,0,,,9,17.3,17.3,13.3,,69,
382,Rabih Abdullah\AbduRa00,NWE,RB,29,9,0,0,0,0,0,0,13,13,1.00,1,2,1,9,9.00,0,0,,1,,,8,9.2,9.2,8.7,,118,
383,Brandon Bennett\BennBr00,CAR,RB,31,8,0,0,0,0,0,0,6,17,2.83,1,0,0,0,,0,0,,1,,,8,7.7,7.7,7.7,,121,
384,Sean Berton\BertSe00,MIN,TE,25,14,7,0,0,0,0,0,0,0,,0,11,9,78,8.67,0,0,,0,,,8,16.8,16.8,12.3,,73,
385,Joe Burns\BurnJo00,BUF,RB,25,16,0,0,0,0,0,0,20,73,3.65,0,3,1,7,7.00,0,0,,0,,,8,9.0,9.0,8.5,,119,
386,James Jackson\JackJa00,2TM,RB,28,5,0,0,0,0,0,0,12,81,6.75,0,8,6,22,3.67,0,1,1,0,,,8,14.3,15.3,11.3,,117,
387,Jamie Martin\MartJa00,STL,QB,34,1,0,16,30,188,0,0,0,0,,0,0,0,0,,0,1,,0,,,8,7.5,7.5,7.5,,58,
388,Josh Parry\ParrJo00,PHI,RB,26,13,4,0,0,0,0,0,0,0,,0,18,9,75,8.33,0,0,,0,,,8,16.5,16.5,12.0,,122,
389,Stanley Pritchett\PritSt00,ATL,RB,31,14,2,0,0,0,0,0,6,18,3.00,0,4,2,5,2.50,1,0,,1,,,8,10.3,10.3,9.3,,116,
390,Alan Ricard\RicaAl00,BAL,RB,27,16,9,0,0,0,0,0,10,36,3.60,0,14,11,39,3.55,0,0,,0,,,8,18.5,18.5,13.0,,123,
391,Musa Smith\SmitMu00,BAL,RB,22,9,0,0,0,0,0,0,12,48,4.00,0,4,2,31,15.50,0,0,,0,,,8,9.9,9.9,8.9,,120,
392,John Stone\StonJo00,OAK,WR,25,4,0,0,0,0,0,0,0,0,,0,5,3,80,26.67,0,0,,0,,,8,11.0,11.0,9.5,,137,
393,Steve Bush\BushSt00,SFO,TE,30,5,2,0,0,0,0,0,0,0,,0,3,2,10,5.00,1,0,,1,,,7,9.0,9.0,8.0,,74,
394,Larry Croom\CrooLa00,ARI,RB,23,6,1,0,0,0,0,0,29,76,2.62,0,5,2,16,8.00,0,2,1,0,,,7,9.2,10.2,8.2,,125,
395,Earnest Graham\GrahEa00,TAM,RB,24,9,0,0,0,0,0,0,13,73,5.62,0,1,0,0,,0,0,,0,,,7,7.3,7.3,7.3,,124,
396,Nate Jackson\JackNa00,DEN,WR,25,12,0,0,0,0,0,0,0,0,,0,11,8,73,9.13,0,0,,0,,,7,15.3,15.3,11.3,,138,
397,Darnerien McCants\McCaDa00,WAS,WR,28,5,1,0,0,0,0,0,0,0,,0,9,5,71,14.20,0,0,,0,,,7,12.1,12.1,9.6,,139,
398,Eric McCoo\McCoEr00,PHI,RB,24,1,0,0,0,0,0,0,9,54,6.00,0,5,2,15,7.50,0,0,,0,,,7,8.9,8.9,7.9,,126,
399,Richard Owens\OwenRi00,MIN,TE,24,7,2,0,0,0,0,0,0,0,,0,8,8,69,8.63,0,0,,0,,,7,14.9,14.9,10.9,,75,
400,Nate Poole\PoolNa01,ARI,WR,27,9,1,0,0,0,0,0,0,0,,0,11,5,70,14.00,0,0,,0,,,7,12.0,12.0,9.5,,140,
401,Kevin Walter\WaltKe00,CIN,WR,23,16,0,0,0,0,0,0,0,0,,0,9,8,67,8.38,0,0,,0,,,7,14.7,14.7,10.7,,141,
402,Fred Beasley\BeasFr00,SFO,RB,30,14,10,0,0,0,0,0,9,15,1.67,0,25,10,44,4.40,0,0,,0,,,6,15.9,15.9,10.9,,127,
403,Jeff Blake\BlakJe00,PHI,QB,34,3,0,18,37,126,1,1,3,6,2.00,0,0,0,0,,0,1,1,0,,,6,5.6,7.6,6.6,,59,
404,Cam Cleeland\CleeCa00,STL,TE,29,16,9,0,0,0,0,0,1,-2,-2.00,0,12,7,57,8.14,0,0,,0,,,6,12.5,12.5,9.0,,78,
405,Lamont Hall\HallLa00,NOR,TE,30,16,2,0,0,0,0,0,0,0,,0,1,1,4,4.00,1,0,,1,,,6,7.4,7.4,6.9,,76,
406,Ryan Neufeld\NeufRy00,BUF,TE,29,16,5,0,0,0,0,0,0,0,,0,14,6,61,10.17,0,0,,0,,,6,12.1,12.1,9.1,,77,
407,Bobby Shaw\ShawBo00,2TM,WR,29,11,0,0,0,0,0,0,1,1,1.00,0,13,5,59,11.80,0,0,,0,,,6,11.0,11.0,8.5,,143,
408,Steve Smith\SmitSt01,CAR,WR,25,1,1,0,1,0,0,0,0,0,,0,9,6,60,10.00,0,0,,0,,,6,12.0,12.0,9.0,,142,
409,Thomas Tapeh\TapeTh00,PHI,RB,24,7,0,0,0,0,0,0,12,42,3.50,0,2,2,15,7.50,0,0,,0,,,6,7.7,7.7,6.7,,128,
410,Mark Bruener\BrueMa00,HOU,TE,32,16,11,0,0,0,0,0,0,0,,0,10,4,52,13.00,0,0,,0,,,5,9.2,9.2,7.2,,80,
411,Rickey Dudley\DudlRi00,TAM,TE,32,3,0,0,0,0,0,0,0,0,,0,4,3,48,16.00,0,0,,0,,,5,7.8,7.8,6.3,,83,
412,Eric Edwards\EdwaEr00,ARI,TE,24,16,1,0,0,0,0,0,0,0,,0,8,5,51,10.20,0,0,,0,,,5,10.1,10.1,7.6,,81,
413,Brock Forsey\ForsBr00,MIA,RB,24,7,0,0,0,0,0,0,19,53,2.79,0,0,0,0,,0,1,,0,,,5,5.3,5.3,5.3,,131,
414,Joey Harris\HarrJo01,CAR,RB,24,4,0,0,0,0,0,0,15,53,3.53,0,3,0,0,,0,0,,0,,,5,5.3,5.3,5.3,,130,
415,Mike Karney\KarnMi00,NOR,RB,23,16,8,0,0,0,0,0,3,7,2.33,0,7,6,42,7.00,0,0,,0,,,5,10.9,10.9,7.9,,134,
416,Andre King\KingAn00,CLE,WR,31,9,2,0,0,0,0,0,0,0,,0,8,5,49,9.80,0,0,,0,,,5,9.9,9.9,7.4,,145,
417,Shane Matthews\MattSh00,BUF,QB,34,3,0,2,3,44,1,0,2,-3,-1.50,0,0,0,0,,0,0,,0,,,5,5.5,5.5,5.5,,60,
418,Fred McAfee\McAfFr00,NOR,RB,36,11,0,0,0,0,0,0,2,54,27.00,0,0,0,0,,0,0,,0,,,5,5.4,5.4,5.4,,129,
419,Adrian Peterson\PeteAd00,CHI,RB,25,14,0,0,0,0,0,0,6,19,3.17,0,2,2,30,15.00,0,0,,0,,,5,6.9,6.9,5.9,,133,
420,Andrew Pinnock\PinnAn00,SDG,RB,24,1,0,0,0,0,0,0,9,26,2.89,0,3,3,26,8.67,0,1,,0,,,5,8.2,8.2,6.7,,132,
421,Walter Rasby\RasbWa00,2TM,TE,32,10,8,0,0,0,0,0,0,0,,0,9,5,52,10.40,0,0,,0,,,5,10.2,10.2,7.7,,79,
422,Philip Rivers\RivePh00,SDG,QB,23,2,0,5,8,33,1,0,4,-5,-1.25,0,0,0,0,,0,1,,0,,,5,4.8,4.8,4.8,,61,
423,Terrelle Smith\SmitTe00,CLE,RB,26,16,9,0,0,0,0,0,4,9,2.25,0,12,7,39,5.57,0,0,,0,,,5,11.8,11.8,8.3,,135,
424,Scottie Vines\VineSc00,DET,WR,25,6,1,0,0,0,0,0,0,0,,0,9,3,51,17.00,0,0,,0,,,5,8.1,8.1,6.6,,144,
425,Kellen Winslow\WinsKe01,CLE,TE,21,2,2,0,0,0,0,0,0,0,,0,11,5,50,10.00,0,0,,0,,,5,10.0,10.0,7.5,,82,
426,B.J. Askew\AskeB.00,NYJ,RB,24,16,0,0,0,0,0,0,6,23,3.83,0,2,2,12,6.00,0,0,,0,,,4,5.5,5.5,4.5,,143,
427,Dwayne Blakley\BlakDw00,ATL,TE,25,15,1,0,0,0,0,0,0,0,,0,8,4,35,8.75,0,0,,0,,,4,7.5,7.5,5.5,,85,
428,Marc Edwards\EdwaMa00,JAX,RB,30,13,5,0,0,0,0,0,0,0,,0,8,7,41,5.86,0,0,,0,,,4,11.1,11.1,7.6,,138,
429,Drew Henson\HensDr00,DAL,QB,24,7,1,10,18,78,1,1,1,7,7.00,0,0,0,0,,0,1,1,0,,,4,3.8,5.8,4.8,,62,
430,Jon Ritchie\RitcJo00,PHI,RB,30,3,0,0,0,0,0,0,0,0,,0,6,4,36,9.00,0,0,,0,,,4,7.6,7.6,5.6,,142,
431,Cliff Russell\RussCl00,CIN,WR,25,13,1,0,0,0,0,0,3,15,5.00,0,3,1,21,21.00,0,2,,0,,,4,4.6,4.6,4.1,,146,
432,Ian Smart\SmarIa00,TAM,RB,24,4,0,0,0,0,0,0,2,26,13.00,0,2,2,10,5.00,0,0,,0,,,4,5.6,5.6,4.6,,141,
433,Ben Steele\SteeBe00,GNB,TE,26,15,0,0,0,0,0,0,0,0,,0,11,4,42,10.50,0,0,,0,,,4,8.2,8.2,6.2,,84,
434,Stephen Trejo\TrejSt00,2TM,RB,27,13,2,0,0,0,0,0,0,0,,0,4,4,37,9.25,0,0,,0,,,4,7.7,7.7,5.7,,140,
435,Derrick Ward\WardDe01,NYG,,24,5,0,0,0,0,0,0,0,0,,0,0,0,0,,0,1,1,1,,,4,4.0,5.0,4.0,,139,
436,Nick Luchey\WillNi00,GNB,RB,27,16,6,0,0,0,0,0,10,24,2.40,0,4,2,20,10.00,0,0,,0,,,4,6.4,6.4,5.4,,136,
437,Walter Williams\WillWa02,GNB,RB,27,1,0,0,0,0,0,0,6,42,7.00,0,0,0,0,,0,0,,0,,,4,4.2,4.2,4.2,,137,
438,Brooks Bollinger\BollBr00,NYJ,QB,25,1,0,5,9,60,0,0,1,2,2.00,0,0,0,0,,0,0,,0,,,3,2.6,2.6,2.6,,65,
439,Cedric Cobbs\CobbCe00,NWE,RB,23,3,0,0,0,0,0,0,22,50,2.27,0,0,0,0,,0,1,1,0,,,3,3.0,4.0,3.0,,147,
440,Adimchinobe Echemandu\EcheAd00,CLE,RB,24,4,0,0,1,0,0,0,8,25,3.13,0,4,3,25,8.33,0,1,1,0,,,3,6.0,7.0,4.5,,148,
441,Heath Evans\EvanHe00,SEA,RB,26,15,0,0,0,0,0,0,7,20,2.86,0,4,2,12,6.00,0,1,,0,,,3,5.2,5.2,4.2,,146,
442,Michael Gaines\GainMi00,CAR,TE,24,15,6,0,0,0,0,0,0,0,,0,14,4,34,8.50,0,0,,0,,,3,7.4,7.4,5.4,,86,
443,Karl Hankton\HankKa00,CAR,WR,34,15,0,0,0,0,0,0,0,0,,0,2,2,25,12.50,0,0,,0,,,3,4.5,4.5,3.5,,149,
444,Ben Hartsock\HartBe00,IND,TE,24,16,3,0,0,0,0,0,0,0,,0,8,4,33,8.25,0,0,,0,,,3,7.3,7.3,5.3,,87,
445,Doug Johnson\JohnDo00,TEN,QB,27,2,0,6,12,68,0,0,2,-2,-1.00,0,0,0,0,,0,0,,0,,,3,2.5,2.5,2.5,,66,
446,Brian Kozlowski\KozlBr00,WAS,TE,34,11,1,0,0,0,0,0,0,0,,0,6,3,29,9.67,0,0,,0,,,3,5.9,5.9,4.4,,88,
447,Triandos Luke\LukeTr00,DEN,WR,23,10,0,0,0,0,0,0,0,0,,0,8,6,52,8.67,0,2,1,0,,,3,9.2,10.2,6.2,,147,
448,Mike McMahon\McMaMi00,DET,QB,25,1,0,11,15,77,0,1,2,18,9.00,0,0,0,0,,0,1,,0,,,3,2.9,3.9,3.9,,63,
449,John Navarre\NavaJo00,ARI,QB,24,1,1,18,40,168,1,4,0,0,,0,0,0,0,,0,0,,0,,,3,2.7,6.7,6.7,,64,
450,Chris Perry\PerrCh00,CIN,RB,23,2,0,0,0,0,0,0,2,1,0.50,0,3,3,33,11.00,0,0,,0,,,3,6.4,6.4,4.9,,144,
451,Cecil Sapp\SappCe00,DEN,RB,26,5,0,0,0,0,0,0,4,32,8.00,0,2,0,0,,0,0,,0,,,3,3.2,3.2,3.2,,145,
452,Rod Trafford\TrafRo00,BUF,TE,26,4,0,0,0,0,0,0,0,0,,0,4,3,25,8.33,0,0,,0,,,3,5.5,5.5,4.0,,89,
453,Randal Williams\WillRa01,DAL,WR,26,2,2,0,0,0,0,0,1,13,13.00,0,3,1,14,14.00,0,0,,0,,,3,3.7,3.7,3.2,,148,
454,Dan Campbell\CampDa00,DAL,TE,28,3,2,0,0,0,0,0,0,0,,0,2,2,16,8.00,0,0,,0,,,2,3.6,3.6,2.6,,94,
455,Kerry Carter\CartKe01,SEA,RB,24,16,0,0,0,0,0,0,4,15,3.75,0,0,0,0,,0,0,,0,,,2,1.5,1.5,1.5,,153,
456,Ki-Jana Carter\CartKi00,NOR,RB,31,2,0,0,0,0,0,0,10,17,1.70,0,1,0,0,,0,0,,0,,,2,1.7,1.7,1.7,,152,
457,Todd Collins\CollTo00,KAN,QB,33,2,0,1,5,42,0,0,1,4,4.00,0,0,0,0,,0,0,,0,,,2,2.1,2.1,2.1,,68,
458,Matt Cushing\CushMa00,PIT,TE,29,16,0,0,0,0,0,0,0,0,,0,1,1,17,17.00,0,0,,0,,,2,2.7,2.7,2.2,,92,
459,Rohan Davey\DaveRo01,NWE,QB,26,4,0,4,10,54,0,0,4,-1,-0.25,0,0,0,0,,0,0,,0,,,2,2.1,2.1,2.1,,69,
460,Koy Detmer\DetmKo00,PHI,QB,31,16,1,18,40,207,0,2,10,-7,-0.70,0,0,0,0,,0,1,1,0,,,2,1.6,4.6,3.6,,70,
461,Lorenzo Diamond\DiamLo00,ARI,TE,25,5,4,0,0,0,0,0,0,0,,0,5,3,19,6.33,0,0,,0,,,2,4.9,4.9,3.4,,91,
462,Talman Gardner\GardTa00,NOR,WR,24,11,1,0,0,0,0,0,0,0,,0,1,1,23,23.00,0,0,,0,,,2,3.3,3.3,2.8,,151,
463,Vick King\KingVi00,MIA,RB,24,2,0,0,0,0,0,0,4,9,2.25,0,2,1,8,8.00,0,0,,0,,,2,2.7,2.7,2.2,,151,
464,Jim Kleinsasser\KleiJi00,MIN,TE,27,1,1,0,0,0,0,0,0,0,,0,3,2,24,12.00,0,0,,0,,,2,4.4,4.4,3.4,,90,
465,Nate Lawrie\LawrNa00,TAM,TE,23,2,0,0,0,0,0,0,0,0,,0,1,1,15,15.00,0,0,,0,,,2,2.5,2.5,2.0,,96,
466,George Layne\LaynGe00,2TM,RB,26,4,0,0,0,0,0,0,1,12,12.00,0,1,1,6,6.00,0,0,,0,,,2,2.8,2.8,2.3,,150,
467,Jamar Martin\MartJa01,MIA,RB,24,9,1,0,0,0,0,0,0,0,,0,8,4,15,3.75,0,1,,0,,,2,5.5,5.5,3.5,,154,
468,Jason McAddley\McAdJa00,TEN,WR,25,11,1,0,0,0,0,0,0,0,,0,4,2,38,19.00,0,1,1,0,,,2,3.8,4.8,2.8,,153,
469,Fred McCrary\McCrFr00,ATL,RB,32,3,2,0,0,0,0,0,0,0,,0,4,2,23,11.50,0,0,,0,,,2,4.3,4.3,3.3,,149,
470,Billy McMullen\McMuBi00,PHI,WR,24,8,0,0,0,0,0,0,0,0,,0,17,3,24,8.00,0,0,,0,,,2,5.4,5.4,3.9,,150,
471,Dave Moore\MoorDa00,TAM,TE,35,15,0,0,0,0,0,0,0,0,,0,4,3,17,5.67,0,0,,0,,,2,4.7,4.7,3.2,,93,
472,Johnnie Morant\MoraJo00,OAK,WR,23,4,0,0,0,0,0,0,0,0,,0,2,1,20,20.00,0,0,,0,,,2,3.0,3.0,2.5,,152,
473,Doug Pederson\PedeDo00,GNB,QB,36,4,0,11,23,120,0,2,2,15,7.50,0,0,0,0,,0,0,,0,,,2,2.3,4.3,4.3,,67,
474,Dedric Ward\WardDe00,DAL,WR,30,8,0,0,0,0,0,0,1,11,11.00,0,8,1,5,5.00,0,1,,0,,,2,2.6,2.6,2.1,,154,
475,Ben Watson\WatsBe00,NWE,TE,24,1,1,0,0,0,0,0,0,0,,0,4,2,16,8.00,0,0,,0,,,2,3.6,3.6,2.6,,95,
476,David Allen\AlleDa00,JAX,RB,26,5,0,0,0,0,0,0,0,0,,0,2,2,8,4.00,0,2,,0,,,1,2.8,2.8,1.8,,161,
477,Bill Baber\BabeBi00,TAM,TE,25,1,0,0,0,0,0,0,0,0,,0,1,1,7,7.00,0,0,,0,,,1,1.7,1.7,1.2,,100,
478,Tony Banks\BankTo00,HOU,QB,31,5,0,1,2,16,0,0,0,0,,0,0,0,0,,0,0,,0,,,1,0.6,0.6,0.6,,71,
479,Alex Bannister\BannAl00,SEA,WR,25,7,1,0,0,0,0,0,0,0,,0,3,2,10,5.00,0,0,,0,,,1,3.0,3.0,2.0,,157,
480,Ronald Bellamy\BellRo00,MIA,WR,23,2,0,0,0,0,0,0,0,0,,0,2,1,8,8.00,0,0,,0,,,1,1.8,1.8,1.3,,158,
481,Tyrone Calico\CaliTy00,TEN,WR,24,1,0,0,0,0,0,0,0,0,,0,4,2,13,6.50,0,0,,0,,,1,3.3,3.3,2.3,,155,
482,Greg Comella\ComeGr00,TAM,RB,29,7,0,0,0,0,0,0,0,0,,0,1,1,12,12.00,0,0,,0,,,1,2.2,2.2,1.7,,157,
483,Devard Darling\DarlDe00,BAL,WR,22,3,0,0,0,0,0,0,0,0,,0,2,2,5,2.50,0,1,,0,,,1,2.5,2.5,1.5,,162,
484,John Gilmore\GilmJo00,CHI,TE,25,16,1,0,0,0,0,0,0,0,,0,1,1,11,11.00,0,0,,0,,,1,2.1,2.1,1.6,,97,
485,Chris Hetherington\HethCh00,OAK,RB,32,5,2,0,0,0,0,0,1,4,4.00,0,4,3,28,9.33,0,1,1,0,,,1,4.2,5.2,2.7,,156,
486,Aaron Moorehead\MoorAa00,IND,WR,24,7,0,0,0,0,0,0,0,0,,0,3,1,7,7.00,0,0,,0,,,1,1.7,1.7,1.2,,160,
487,Sean Morey\MoreSe00,PIT,WR,28,16,0,0,0,0,0,0,0,0,,0,3,1,8,8.00,0,0,,0,,,1,1.8,1.8,1.3,,159,
488,Chad Mustard\MustCh00,CLE,TE,27,7,0,0,0,0,0,0,0,0,,0,1,1,9,9.00,0,0,,0,,,1,1.9,1.9,1.4,,99,
489,Larry Ned\NedxLa00,MIN,RB,26,16,0,0,0,0,0,0,0,0,,0,1,1,9,9.00,0,0,,0,,,1,1.9,1.9,1.4,,160,
490,Reggie Newhouse\NewhRe00,ARI,WR,23,3,0,0,0,0,0,0,0,0,,0,2,1,5,5.00,0,0,,0,,,1,1.5,1.5,1.0,,161,
491,Moran Norris\NorrMo00,HOU,RB,26,12,4,0,0,0,0,0,1,0,0.00,0,5,4,13,3.25,0,0,,0,,,1,5.3,5.3,3.3,,155,
492,Rod Smart\SmarRo00,CAR,RB,27,3,0,0,0,0,0,0,3,4,1.33,0,1,1,5,5.00,0,1,,0,,,1,1.9,1.9,1.4,,159,
493,Andrae Thurman\ThurAn00,GNB,WR,24,2,0,0,0,0,0,0,0,0,,0,2,2,12,6.00,0,0,,0,,,1,3.2,3.2,2.2,,156,
494,Kevin Ware\WareKe00,SFO,TE,24,5,0,0,0,0,0,0,0,0,,0,1,1,9,9.00,0,0,,0,,,1,1.9,1.9,1.4,,98,
495,Jason Wright\WrigJa01,ATL,RB,22,2,0,0,0,0,0,0,3,10,3.33,0,1,0,0,,0,0,,0,,,1,1.0,1.0,1.0,,158,
496,Charlie Adams\AdamCh00,DEN,,25,4,0,0,0,0,0,0,0,0,,0,0,0,0,,0,0,,0,,,,,,,,165,
497,Damien Anderson\AndeDa00,ARI,RB,25,4,0,0,0,0,0,0,1,2,2.00,0,0,0,0,,0,0,,0,,,,0.2,0.2,0.2,,165,
498,Eugene Baker\BakeEu00,CAR,,28,3,0,0,0,0,0,0,0,0,,0,0,0,0,,0,0,,0,,,,,,,,174,
499,Bradford Banta\BantBr00,BUF,,34,3,0,0,0,0,0,0,0,0,,0,,0,0,,0,0,,0,,,,,,,,115,
500,Jarrod Baxter\BaxtJa00,HOU,RB,25,8,1,0,0,0,0,0,2,1,0.50,0,2,1,3,3.00,0,0,,0,,,,1.4,1.4,0.9,,162,
501,Todd Bouman\BoumTo00,NOR,,32,16,0,0,0,0,0,0,0,0,,0,,0,0,,0,0,,0,,,,,,,,75,
502,Dante Brown\BrowDa02,PIT,RB,24,1,0,0,0,0,0,0,1,2,2.00,0,0,0,0,,0,0,,0,,,,0.2,0.2,0.2,,166,
503,Dee Brown\BrowDe02,CLE,,26,5,0,0,0,0,0,0,0,0,,0,0,0,0,,0,0,,0,,,,,,,,174,
504,Rock Cartwright\CartRo01,WAS,RB,25,13,0,0,0,0,0,0,2,0,0.00,0,1,0,0,,0,0,,0,,,,,,,,177,
505,Aveion Cason\CasoAv00,STL,,25,3,0,0,0,0,0,0,0,0,,0,0,0,0,,0,0,,0,,,,,,,,171,
506,Casey Cramer\CramCa00,CAR,,22,6,1,0,0,0,0,0,0,0,,0,0,0,0,,0,0,,0,,,,,,,,169,
507,Gabe Crecion\CrecGa20,SFO,,27,1,0,0,0,0,0,0,0,0,,0,,0,0,,0,0,,0,,,,,,,,118,
508,Carey Davis\DaviCa00,2TM,,23,3,0,0,0,0,0,0,0,0,,0,,0,0,,0,0,,0,,,,,,,,175,
509,James Dearth\DearJa00,NYJ,,28,16,0,0,0,0,0,0,0,0,,0,,0,0,,0,0,,0,,,,,,,,117,
510,Dahrran Diedrick\DiedDa20,WAS,,25,1,0,0,0,0,0,0,0,0,,0,,0,0,,0,0,,0,,,,,,,,172,
511,Chris Doering\DoerCh00,PIT,,31,3,0,0,0,0,0,0,0,0,,0,0,0,0,,0,0,,0,,,,,,,,182,
512,Jeff Dugan\DugaJe00,MIN,,23,14,2,0,0,0,0,0,0,0,,0,0,0,0,,0,0,,0,,,,,,,,102,
513,Doug Easlick\EaslDo20,MIA,RB,24,3,1,0,0,0,0,0,0,0,,0,2,1,4,4.00,0,0,,0,,,,1.4,1.4,0.9,,163,
514,Omar Easy\EasyOm00,KAN,RB,27,15,0,0,0,0,0,0,4,1,0.25,0,0,0,0,,0,0,,0,,,,0.1,0.1,0.1,,168,
515,Jimmy Farris\FarrJi00,ATL,,26,14,0,0,0,0,0,0,0,0,,0,0,0,0,,0,0,,0,,,,,,,,180,
516,P.J. Fleck\FlecP.20,SFO,,24,1,0,0,0,0,0,0,0,0,,0,1,0,0,,0,0,,0,,,,,,,,184,
517,Gus Frerotte\FrerGu00,MIN,QB,33,16,0,0,1,0,0,0,0,0,,0,0,0,0,,0,0,,0,,,,,,,,74,
518,Drew Haddad\HaddDr00,BUF,,26,1,0,0,0,0,0,0,0,0,,0,,0,0,,0,0,,0,,,,,,,,173,
519,Derrick Hamilton\HamiDe20,SFO,,23,2,0,0,0,0,0,0,0,0,,0,1,0,0,,0,0,,0,,,,,,,,181,
520,Lawrence Hamilton\HamiLa20,ARI,,24,1,0,0,0,0,0,0,0,0,,0,,0,0,,0,0,,0,,,,,,,,170,
521,Keith Heinrich\HeinKe00,CLE,TE,25,7,0,0,0,0,0,0,0,0,,0,1,1,1,1.00,0,0,,0,,,,1.1,1.1,0.6,,101,
522,Devery Henderson\HendDe00,NOR,,22,1,0,0,0,0,0,0,0,0,,0,,0,0,,0,0,,0,,,,,,,,185,
523,Darrell Hill\HillDa20,TEN,,25,14,0,0,0,0,0,0,0,0,,0,1,0,0,,0,0,,0,,,,,,,,164,
524,Nathan Hodel\HodeNa20,ARI,,27,16,0,0,0,0,0,0,0,0,,0,0,0,0,,0,0,,0,,,,,,,,119,
525,Keenan Howry\HowrKe00,MIN,WR,23,3,0,0,0,0,0,0,0,0,,0,1,1,3,3.00,0,0,,0,,,,1.3,1.3,0.8,,163,
526,Jasen Isom\IsomJa00,SFO,RB,27,5,1,0,0,0,0,0,1,0,0.00,0,2,1,1,1.00,0,0,,0,,,,1.1,1.1,0.6,,167,
527,Brian Jennings*\JennBr00,SFO,,28,16,0,0,0,0,0,0,0,0,,0,1,0,0,,0,0,,0,,,,,,,,107,
528,Daryl Jones\JoneDa02,CHI,,25,2,0,0,0,0,0,0,0,0,,0,2,0,0,,0,0,,0,,,,,,,,176,
529,Kevin Kasper\KaspKe00,NWE,,27,8,0,0,0,0,0,0,0,0,,0,3,0,0,,0,0,,0,,,,,,,,177,
530,Kelvin Kight\KighKe00,GNB,,22,1,0,0,0,0,0,0,0,0,,0,,0,0,,0,0,,0,,,,,,,,178,
531,Matt Kranchick\KranMa00,PIT,,25,2,0,0,0,0,0,0,0,0,,0,,0,0,,0,0,,0,,,,,,,,114,
532,Mike Leach\LeacMi00,DEN,,28,16,0,0,0,0,0,0,0,0,,0,,0,0,,0,0,,0,,,,,,,,112,
533,Vonta Leach\LeacVo00,GNB,,23,6,0,0,0,0,0,0,0,0,,0,0,0,0,,0,0,,0,,,,,,,,170,
534,James Lynch\LyncJa20,CIN,,22,1,0,0,0,0,0,0,0,0,,0,,0,0,,0,0,,0,,,,,,,,173,
535,Dusty McGrorty\McGrDu20,STL,,23,1,0,0,0,0,0,0,0,0,,0,,0,0,,0,0,,0,,,,,,,,176,
536,Sean McHugh\McHuSe00,GNB,,22,1,0,0,0,0,0,0,0,0,,0,,0,0,,0,0,,0,,,,,,,,4,
537,Harold Morrow\MorrHa00,BAL,,31,15,0,0,0,0,0,0,0,0,,0,0,0,0,,0,0,,0,,,,,,,,2,
538,Ovie Mughelli\MughOv00,BAL,,24,3,0,0,0,0,0,0,0,0,,0,0,0,0,,0,0,,0,,,,,,,,1,
539,Frank Murphy\MurpFr00,TAM,,27,3,0,0,0,0,0,0,0,0,,0,0,0,0,,0,0,,0,,,,,,,,179,
540,Matt Murphy\MurpMa00,HOU,,24,11,1,0,0,0,0,0,0,0,,0,1,0,0,,0,0,,0,,,,,,,,120,
541,Ben Nelson\NelsBe20,MIN,,25,3,0,0,0,0,0,0,0,0,,0,0,0,0,,0,0,,0,,,,,,,,166,
542,J.T. O'Sullivan\OSulJ.00,GNB,QB,25,1,0,0,0,0,0,0,2,-2,-1.00,0,0,0,0,,0,0,,0,,,,-0.2,-0.2,-0.2,,77,
543,John Owens\OwenJo00,CHI,,24,2,0,0,0,0,0,0,0,0,,0,0,0,0,,0,0,,0,,,,,,,,121,
544,Rodney Peete\PeetRo00,CAR,QB,38,1,0,1,1,3,0,0,1,-1,-1.00,0,0,0,0,,0,0,,0,,,,,,,,72,
545,Ed Perry\PerrEd00,MIA,,30,16,0,0,0,0,0,0,0,0,,0,,0,0,,0,0,,0,,,,,,,,109,
546,Brett Pierce\PierBr00,DAL,,23,8,1,0,0,0,0,0,0,0,,0,0,0,0,,0,0,,0,,,,,,,,106,
547,Lousaka Polite\PoliLo00,DAL,RB,23,1,0,0,0,0,0,0,0,0,,0,1,1,4,4.00,0,0,,0,,,,1.4,1.4,0.9,,164,
548,Derek Rackley\RackDe00,ATL,,27,16,0,0,0,0,0,0,0,0,,0,,0,0,,0,0,,0,,,,,,,,116,
549,Charles Rogers\RogeCh01,DET,,23,1,1,0,0,0,0,0,0,0,,0,1,0,0,,0,0,,0,,,,,,,,168,
550,Tony Romo\RomoTo00,DAL,,24,6,0,0,0,0,0,0,0,0,,0,,0,0,,0,0,,0,,,,,,,,73,
551,Micah Ross\RossMi20,2TM,,28,17,0,0,0,0,0,0,0,0,,0,1,0,0,,0,0,,0,,,,,,,,169,
552,Sean Ryan\RyanSe00,DAL,,24,6,1,0,0,0,0,0,0,0,,0,0,0,0,,0,0,,0,,,,,,,,104,
553,P.K. Sam\SamxP.20,NWE,,21,2,0,0,0,0,0,0,0,0,,0,,0,0,,0,0,,0,,,,,,,,167,
554,Darnell Sanders\SandDa00,ATL,,25,2,0,0,0,0,0,0,0,0,,0,,0,0,,0,0,,0,,,,,,,,122,
555,Richard Smith\SmitRi20,KAN,,24,4,0,0,0,0,0,0,0,0,,0,2,0,0,,0,0,,0,,,,,,,,172,
556,Justin Snow\SnowJu00,IND,,28,16,0,0,0,0,0,0,0,0,,0,0,0,0,,0,0,,0,,,,,,,,103,
557,Brian St. Pierre\St.PBr20,PIT,QB,25,1,0,0,1,0,0,0,4,-3,-0.75,0,0,0,0,,0,0,,0,,,,-0.3,-0.3,-0.3,,78,
558,Matt Stanley\StanMa20,SFO,,25,1,0,0,0,0,0,0,0,0,,0,0,0,0,,0,0,,0,,,,,,,,3,
559,Kendrick Starling\StarKe21,HOU,,25,8,0,0,0,0,0,0,0,0,,0,0,0,0,,0,0,,0,,,,,,,,171,
560,Kordell Stewart\StewKo00,BAL,QB,32,2,0,0,0,0,0,0,1,-1,-1.00,0,0,0,0,,0,0,,0,,,,-0.1,-0.1,-0.1,,76,
561,Brad St. Louis\StLoBr00,CIN,,28,16,0,0,0,0,0,0,0,0,,0,,0,0,,0,0,,0,,,,,,,,110,
562,Jeff Thomason\ThomJe00,PHI,,35,0,0,0,0,0,0,0,0,0,,0,,0,0,,0,0,,0,,,,,,,,108,
563,Taco Wallace\WallTa00,SEA,,23,2,0,0,0,0,0,0,0,0,,0,,0,0,,0,0,,0,,,,,,,,175,
564,Jason Willis\WillJa29,SEA,,23,1,0,0,0,0,0,0,0,0,,0,0,0,0,,0,0,,0,,,,,,,,183,
565,Roland Williams\WillRo01,OAK,,29,12,3,0,0,0,0,0,0,0,,0,1,0,0,,0,0,,0,,,,,,,,113,
566,Kris Wilson\WilsKr00,KAN,,23,3,0,0,0,0,0,0,0,0,,0,,0,0,,0,0,,0,,,,,,,,105,
567,Joe Zelenka\ZeleJo00,JAX,,28,16,0,0,0,0,0,0,0,0,,0,,0,0,,0,0,,0,,,,,,,,111,
568,J.P. Losman\LosmJ.00,BUF,QB,23,4,0,3,5,32,0,1,2,15,7.50,0,0,0,0,,0,1,1,0,,,-1,-1.2,0.8,-0.2,,79,
569,Cody Pickett\PickCo00,SFO,QB,24,1,0,4,10,55,0,2,1,5,5.00,0,0,0,0,,0,1,,0,,,-1,-1.3,0.7,0.7,,80,
570,Mike Sellers\SellMi00,WAS,TE,29,16,1,0,0,0,0,0,0,0,,0,2,1,14,14.00,0,0,1,0,,,-1,0.4,1.4,-0.1,,123,
571,Carlos Francis\FranCa20,OAK,,23,5,0,0,0,0,0,0,0,0,,0,0,0,0,,0,1,1,0,,,-2,-2.0,-1.0,-2.0,,186,