,,,,,Games,Games,Passing,Passing,Passing,Passing,Passing,Rushing,Rushing,Rushing,Rushing,Receiving,Receiving,Receiving,Receiving,Receiving,Fumbles,Fumbles,Scoring,Scoring,Scoring,Fantasy,Fantasy,Fantasy,Fantasy,Fantasy,Fantasy,Fantasy
Rk,Player,Tm,FantPos,Age,G,GS,Cmp,Att,Yds,TD,Int,Att,Yds,Y/A,TD,Tgt,Rec,Yds,Y/R,TD,Fmb,FL,TD,2PM,2PP,FantPt,PPR,DKPt,FDPt,VBD,PosRank,OvRank
1,Shaun Alexander *+\AlexSh00,SEA,RB,28,16,16,0,0,0,0,0,370,1880,5.08,27,29,15,78,5.20,1,5,1,28,,,362,376.8,380.8,369.3,226,1,1
2,Larry Johnson*\JohnLa00,KAN,RB,26,16,9,0,0,0,0,0,336,1750,5.21,20,49,33,343,10.39,1,5,4,21,,,327,360.3,370.3,343.8,191,2,2
3,LaDainian Tomlinson*\TomlLa00,SDG,RB,26,16,16,3,4,47,3,0,339,1462,4.31,18,77,51,370,7.25,2,3,1,20,,,315,366.1,373.1,340.6,179,3,3
4,Tiki Barber*+\BarbTi00,NYG,RB,30,16,16,0,1,0,0,0,357,1860,5.21,9,70,54,530,9.81,2,1,1,11,1,,305,359.0,366.0,332.0,169,4,4
5,Edgerrin James*\JameEd00,IND,RB,27,15,15,0,0,0,0,0,360,1506,4.18,13,50,44,337,7.66,1,2,1,14,,,266,310.3,317.3,288.3,130,5,5
6,Steve Smith*+\SmitSt01,CAR,WR,26,16,16,0,0,0,0,0,4,25,6.25,1,150,103,1563,15.17,12,2,1,13,,,235,337.8,341.8,286.3,119,1,6
7,Clinton Portis\PortCl00,WAS,RB,24,16,16,1,2,17,1,0,352,1516,4.31,11,41,30,216,7.20,0,3,2,11,1,,242,271.9,279.9,256.9,106,6,7
8,Antonio Gates*+\GateAn00,SDG,TE,25,15,15,0,0,0,0,0,0,0,,0,140,89,1101,12.37,10,0,,10,,,170,259.1,262.1,214.6,93,1,8
9,Rudi Johnson\JohnRu00,CIN,RB,26,16,14,0,0,0,0,0,337,1458,4.33,12,30,23,90,3.91,0,1,,12,,,227,249.8,252.8,238.3,91,7,9
10,LaMont Jordan\JordLa00,OAK,RB,27,14,14,0,0,0,0,0,272,1025,3.77,9,103,70,563,8.04,2,2,1,11,1,,225,294.8,301.8,259.8,89,8,10
11,Larry Fitzgerald*\FitzLa00,ARI,WR,22,16,16,0,0,0,0,0,8,41,5.13,0,165,103,1409,13.68,10,0,,10,,,205,308.0,311.0,256.5,89,2,11
12,Chad Johnson *+\JohnCh01,CIN,WR,27,16,16,0,0,0,0,0,5,33,6.60,0,155,97,1432,14.76,9,1,,9,,,201,297.5,300.5,249.0,84,3,12
13,Santana Moss*\MossSa00,WAS,WR,26,16,16,0,0,0,0,0,3,-3,-1.00,0,134,84,1483,17.65,9,3,1,9,,,200,284.0,288.0,242.0,84,4,13
14,Joey Galloway\GallJo00,TAM,WR,34,16,16,0,0,0,0,0,2,4,2.00,0,152,83,1287,15.51,10,0,,10,,,189,272.1,275.1,230.6,73,5,14
15,Torry Holt*\HoltTo00,STL,WR,29,14,14,0,0,0,0,0,1,2,2.00,0,163,102,1331,13.05,9,2,,9,,,187,289.3,292.3,238.3,71,6,15
16,Anquan Boldin\BoldAn00,ARI,WR,25,14,14,0,1,0,0,0,12,45,3.75,0,171,102,1402,13.75,7,2,1,7,1,,187,288.7,292.7,237.7,71,7,16
17,Marvin Harrison*\HarrMa00,IND,WR,33,15,15,0,0,0,0,0,0,0,,0,134,82,1146,13.98,12,0,,12,,,187,268.6,271.6,227.6,70,8,17
18,Carson Palmer*\PalmCa00,CIN,QB,26,16,16,345,509,3836,32,12,34,41,1.21,1,0,0,0,,0,5,2,1,,1,266,265.5,282.5,277.5,70,1,18
19,Chris Chambers*\ChamCh00,MIA,WR,27,16,16,0,0,0,0,0,12,92,7.67,0,166,82,1118,13.63,11,5,2,11,,,183,265.0,270.0,224.0,67,9,19
20,Thomas Jones\JoneTh00,CHI,RB,27,15,15,0,0,0,0,0,314,1335,4.25,9,39,26,143,5.50,0,2,2,9,,,198,223.8,231.8,210.8,62,9,20
21,Mike Anderson\AndeMi00,DEN,RB,32,15,15,0,0,0,0,0,239,1014,4.24,12,21,18,212,11.78,1,2,2,13,,,197,214.6,222.6,205.6,61,10,21
22,Jeremy Shockey*\ShocJe00,NYG,TE,25,15,15,0,0,0,0,0,0,0,,0,121,65,891,13.71,7,0,,7,1,,133,198.1,201.1,165.6,56,2,22
23,Steven Jackson\JackSt00,STL,RB,22,15,15,0,0,0,0,0,254,1046,4.12,8,55,43,320,7.44,2,3,3,10,,,191,233.6,242.6,212.1,55,11,23
24,Tom Brady *\BradTo00,NWE,QB,28,16,16,334,530,4110,26,14,27,89,3.30,1,0,0,0,,0,4,3,1,,,249,249.3,269.3,263.3,53,2,24
25,Peyton Manning *+\MannPe00,IND,QB,29,16,16,305,453,3747,28,10,33,45,1.36,0,0,0,0,,0,5,1,0,,1,246,246.4,260.4,256.4,50,3,25
26,Warrick Dunn*\DunnWa00,ATL,RB,30,16,16,0,0,0,0,0,280,1416,5.06,3,37,29,220,7.59,1,3,1,4,,,186,214.6,221.6,200.1,50,12,26
27,Todd Heap\HeapTo00,BAL,TE,25,16,16,0,0,0,0,0,0,0,,0,114,75,855,11.40,7,2,1,7,,,126,200.5,204.5,163.0,49,3,27
28,Hines Ward\WardHi00,PIT,WR,29,15,15,0,0,0,0,0,3,10,3.33,0,114,69,975,14.13,11,1,1,11,,,163,231.5,235.5,197.0,46,10,28
29,Plaxico Burress\BurrPl00,NYG,WR,28,16,15,0,0,0,0,0,0,0,,0,166,76,1214,15.97,7,1,1,7,,,161,237.4,241.4,199.4,45,11,29
30,Terry Glenn\GlenTe00,DAL,WR,31,16,16,0,0,0,0,0,2,-4,-2.00,1,119,62,1136,18.32,7,0,,8,,,161,223.2,226.2,192.2,45,12,30
31,Alge Crumpler*\CrumAl00,ATL,TE,28,16,16,0,0,0,0,0,0,0,,0,118,65,877,13.49,5,1,1,5,1,,118,182.7,186.7,150.2,41,4,31
32,Chris Cooley\CoolCh00,WAS,TE,23,16,16,0,0,0,0,0,0,0,,0,103,71,774,10.90,7,3,1,7,,,117,188.4,192.4,152.9,40,5,32
33,Donald Driver\DrivDo00,GNB,WR,30,16,16,0,0,0,0,0,2,13,6.50,0,146,86,1221,14.20,5,0,,5,,,153,239.4,242.4,196.4,37,13,33
34,Willie Parker\ParkWi00,PIT,RB,25,15,15,0,0,0,0,0,255,1202,4.71,4,24,18,218,12.11,1,4,,5,,,172,190.0,196.0,181.0,36,13,34
35,Matt Hasselbeck *\HassMa00,SEA,QB,30,16,16,294,449,3459,24,9,36,124,3.44,1,0,0,0,,0,4,2,1,,,231,230.8,247.8,239.8,35,4,35
36,Jason Witten*\WittJa00,DAL,TE,23,16,16,0,0,0,0,0,0,0,,0,89,66,757,11.47,6,0,,6,,,112,177.7,180.7,144.7,35,6,36
37,Willis McGahee\McGaWi00,BUF,RB,24,16,15,0,0,0,0,0,325,1247,3.84,5,37,28,178,6.36,0,1,1,5,,,171,198.5,205.5,184.5,35,14,37
38,Reuben Droughns\DrouRe00,CLE,RB,27,16,16,0,0,0,0,0,309,1232,3.99,2,56,39,369,9.46,0,6,1,2,,,170,209.1,216.1,189.6,34,15,38
39,Randy Moss\MossRa00,OAK,WR,28,16,15,0,0,0,0,0,0,0,,0,123,60,1005,16.75,8,0,,8,,,149,208.5,211.5,178.5,32,14,39
40,T.J. Houshmandzadeh\HousTJ00,CIN,WR,28,14,12,0,0,0,0,0,8,62,7.75,1,115,78,956,12.26,7,1,1,8,,,148,225.8,229.8,186.8,32,15,40
41,Corey Dillon\DillCo00,NWE,RB,31,12,10,0,0,0,0,0,209,733,3.51,12,26,22,181,8.23,1,1,1,13,,,167,189.4,196.4,178.4,32,16,41
42,Brian Westbrook\WestBr00,PHI,RB,26,12,12,0,0,0,0,0,156,617,3.96,3,96,61,616,10.10,4,0,,7,1,,167,228.3,234.3,197.8,31,17,42
43,Keenan McCardell\McCaKe00,SDG,WR,35,16,16,0,0,0,0,0,2,6,3.00,0,108,70,917,13.10,9,0,,9,,,146,216.3,219.3,181.3,30,16,43
44,Domanick Williams\DaviDo01,HOU,RB,25,11,11,0,1,0,0,0,230,976,4.24,2,48,39,337,8.64,4,2,1,6,,,165,204.3,211.3,184.8,29,18,44
45,Eli Manning\MannEl00,NYG,QB,24,16,16,294,557,3762,24,17,29,80,2.76,1,0,0,0,,0,9,2,1,,1,224,224.5,246.5,241.5,29,5,45
46,Rod Smith*\SmitRo01,DEN,WR,35,16,16,0,1,0,0,0,1,7,7.00,0,126,85,1105,13.00,6,2,2,6,,,143,228.2,233.2,185.7,27,17,46
47,Eddie Kennison\KennEd00,KAN,WR,32,16,16,0,0,0,0,0,7,43,6.14,0,108,68,1102,16.21,5,1,1,5,,,143,210.5,214.5,176.5,26,18,47
48,Tony Gonzalez*\GonzTo00,KAN,TE,29,16,16,0,0,0,0,0,0,0,,0,116,78,905,11.60,2,0,,2,,,103,180.5,183.5,141.5,26,7,48
49,Jimmy Smith\SmitJi00,JAX,WR,36,16,16,0,0,0,0,0,0,0,,0,128,70,1023,14.61,6,0,,6,,,138,208.3,211.3,173.3,22,19,49
50,Cadillac Williams\WillCa02,TAM,RB,23,14,14,0,0,0,0,0,290,1178,4.06,6,25,20,81,4.05,0,3,2,6,,,158,177.9,182.9,167.9,22,19,50
51,Jake Plummer*\PlumJa00,DEN,QB,31,16,16,277,456,3366,18,7,46,151,3.28,2,0,0,0,,0,4,2,2,,1,218,217.7,232.7,224.7,22,6,51
52,Michael Vick*\VickMi00,ATL,QB,25,15,15,214,387,2412,15,13,102,597,5.85,6,1,1,-14,-14.00,0,11,5,6,,1,217,217.8,241.8,230.3,21,7,52
53,Reggie Wayne\WaynRe00,IND,WR,27,16,16,0,0,0,0,0,0,0,,0,122,83,1055,12.71,5,1,,5,,,136,218.5,221.5,177.0,19,20,53
54,Donte' Stallworth\StalDo00,NOR,WR,25,16,13,0,0,0,0,0,2,2,1.00,0,129,70,945,13.50,7,1,1,7,,,135,204.7,208.7,169.7,19,21,54
55,Chris Brown\BrowCh03,TEN,RB,24,15,14,0,0,0,0,0,224,851,3.80,5,37,25,327,13.08,2,4,3,7,,,154,178.8,187.8,166.3,18,20,55
56,Trent Green*\GreeTr00,KAN,QB,35,16,16,317,507,4014,17,10,35,82,2.34,0,0,0,0,,0,8,4,0,,1,211,210.8,227.8,220.8,15,8,56
57,Drew Brees\BreeDr00,SDG,QB,26,16,16,323,500,3576,24,15,21,49,2.33,1,1,0,0,,0,8,5,1,,,210,209.9,232.9,224.9,14,9,57
58,Deion Branch\BranDe00,NWE,WR,26,16,15,0,0,0,0,0,0,0,,0,125,78,998,12.79,5,0,,5,,,130,207.8,210.8,168.8,14,22,58
59,Joe Jurevicius\JureJo00,SEA,WR,31,16,12,0,0,0,0,0,0,0,,0,84,55,694,12.62,10,1,,10,,,129,184.4,187.4,156.9,13,23,59
60,Tatum Bell\BellTa00,DEN,RB,24,15,1,0,0,0,0,0,173,921,5.32,8,28,18,104,5.78,0,3,1,8,,,149,166.5,173.5,157.5,13,21,60
61,Kerry Collins\CollKe00,OAK,QB,33,15,15,302,565,3759,20,12,17,39,2.29,1,0,0,0,,0,13,4,1,,,208,208.3,227.3,220.3,12,10,61
62,Julius Jones\JoneJu01,DAL,RB,24,13,12,0,0,0,0,0,257,993,3.86,5,45,35,218,6.23,0,4,2,5,,,147,182.1,190.1,164.6,11,22,62
63,Drew Bledsoe\BledDr00,DAL,QB,33,16,16,300,499,3639,23,17,34,50,1.47,2,0,0,0,,0,17,8,2,,1,207,206.6,234.6,223.6,11,11,63
64,Randy McMichael\McMiRa01,MIA,TE,26,16,16,0,0,0,0,0,0,0,,0,104,60,582,9.70,5,1,1,5,,,86,146.2,150.2,116.2,9,8,64
65,Jerramy Stevens\StevJe00,SEA,TE,26,16,11,0,0,0,0,0,0,0,,0,68,45,554,12.31,5,0,,5,,,85,130.4,133.4,107.9,8,9,65
66,L.J. Smith\SmitL.00,PHI,TE,25,16,16,0,0,0,0,0,0,0,,0,107,61,682,11.18,3,1,1,3,,,84,145.2,149.2,114.7,7,10,66
67,Jerry Porter\PortJe00,OAK,WR,27,16,14,0,0,0,0,0,1,-8,-8.00,0,142,76,942,12.39,5,1,,5,,,123,199.4,202.4,161.4,7,24,67
68,Derrick Mason\MasoDe00,BAL,WR,31,16,16,0,0,0,0,0,0,0,,0,137,86,1073,12.48,3,1,1,3,,,123,209.3,213.3,166.3,7,25,68
69,Antonio Bryant\BryaAn00,CLE,WR,24,16,15,0,0,0,0,0,1,3,3.00,0,123,69,1009,14.62,4,1,1,4,,,123,192.2,196.2,157.7,7,26,69
70,DeShaun Foster\FostDe00,CAR,RB,25,15,5,0,1,0,0,0,205,879,4.29,2,48,34,372,10.94,1,2,1,3,,,141,175.1,182.1,158.1,5,23,70
71,Heath Miller\MillHe00,PIT,TE,23,16,15,0,0,0,0,0,0,0,,0,52,39,459,11.77,6,0,,6,,,82,120.9,123.9,101.4,5,11,71
72,Kevin Curtis\CurtKe00,STL,WR,27,16,9,0,0,0,0,0,1,5,5.00,1,97,60,801,13.35,6,2,1,7,,,121,180.6,184.6,150.6,4,27,72
73,Lee Evans\EvanLe00,BUF,WR,24,16,15,0,0,0,0,0,4,38,9.50,0,92,48,743,15.48,7,0,,7,,,120,168.1,171.1,144.1,4,28,73
74,Roy Williams\WillRo04,DET,WR,24,13,12,0,0,0,0,0,0,0,,0,94,45,687,15.27,8,0,,8,,,117,161.7,164.7,139.2,1,29,74
75,Corey McIntyre\McInCo00,CLE,,26,15,1,0,0,0,0,0,0,0,,0,1,0,0,,0,0,,0,,,,,,,,1,75
76,Sean McHugh\McHuSe00,DET,,23,3,0,0,0,0,0,0,0,0,,0,1,0,0,,0,0,,0,,,,,,,,6,76
77,Jake Delhomme*\DelhJa00,CAR,QB,30,16,16,262,435,3421,24,16,24,31,1.29,1,0,0,0,,0,12,7,1,,,196,195.9,221.9,211.9,,12,77
78,Keyshawn Johnson\JohnKe00,DAL,WR,33,16,14,0,1,0,0,0,1,3,3.00,0,123,71,839,11.82,6,3,3,6,1,,116,187.2,193.2,151.7,,30,78
79,Mark Brunell\BrunMa00,WAS,QB,35,16,15,262,454,3050,23,10,42,111,2.64,0,0,0,0,,0,11,6,0,,1,195,195.1,217.1,205.1,,13,
80,Steve McNair*\McNaSt00,TEN,QB,32,14,14,292,476,3161,16,11,32,139,4.34,1,0,0,0,,0,7,4,1,,,180,180.3,201.3,191.3,,14,
81,Brett Favre\FavrBr00,GNB,QB,36,16,16,372,607,3881,20,29,18,62,3.44,0,0,0,0,,0,10,7,0,,2,173,173.4,212.4,202.4,,15,
82,Aaron Brooks\BrooAa00,NOR,QB,29,13,13,240,431,2882,13,17,45,281,6.24,2,0,0,0,,0,4,2,2,,,169,169.4,194.4,186.4,,16,
83,Ben Roethlisberger\RoetBe00,PIT,QB,23,12,12,168,268,2385,17,9,31,69,2.23,3,0,0,0,,0,2,1,3,,,168,168.3,181.3,177.3,,17,
84,Gus Frerotte\FrerGu00,MIA,QB,34,16,15,257,494,2996,18,13,27,61,2.26,0,0,0,0,,0,13,4,0,,,164,163.9,183.9,176.9,,18,
85,David Carr\CarrDa00,HOU,QB,26,16,16,256,423,2488,14,11,56,308,5.50,1,0,0,0,,0,17,6,1,,1,160,160.3,183.3,171.3,,19,
86,Donovan McNabb\McNaDo00,PHI,QB,29,9,9,211,357,2507,16,9,25,55,2.20,1,0,0,0,,0,8,3,1,,1,154,153.8,168.8,162.8,,20,
87,Byron Leftwich\LeftBy00,JAX,QB,25,11,11,175,302,2123,15,5,31,67,2.16,2,0,0,0,,0,8,3,2,,,148,147.6,158.6,152.6,,21,
88,Ronnie Brown\BrowRo05,MIA,RB,24,15,14,0,0,0,0,0,207,907,4.38,4,47,32,232,7.25,1,4,4,5,,,136,167.9,177.9,151.9,,24,
89,Stephen Davis\DaviSt00,CAR,RB,31,13,11,0,0,0,0,0,180,549,3.05,12,12,5,45,9.00,0,2,,12,,,131,136.4,139.4,133.9,,25,
90,Marc Bulger\BulgMa00,STL,QB,28,8,8,192,287,2297,14,9,9,29,3.22,0,1,1,1,1.00,0,4,2,0,,,129,129.9,143.9,138.4,,23,
91,Kurt Warner\WarnKu00,ARI,QB,34,10,10,242,375,2713,11,9,13,28,2.15,0,1,1,0,0.00,0,9,5,0,,1,129,130.3,147.3,138.8,,22,
92,Jamal Lewis\LewiJa00,BAL,RB,26,15,15,0,0,0,0,0,269,906,3.37,3,44,32,191,5.97,1,5,5,4,,,124,155.7,166.7,139.7,,26,
93,Mewelde Moore\MoorMe00,MIN,RB,23,16,8,0,0,0,0,0,155,662,4.27,1,49,37,339,9.16,2,2,1,4,,,122,159.1,166.1,140.6,,27,
94,Ricky Williams\WillRi00,MIA,RB,28,12,3,0,0,0,0,0,168,743,4.42,6,20,17,93,5.47,0,1,1,6,,,118,134.6,138.6,126.1,,28,
95,Laveranues Coles\ColeLa00,NYJ,WR,28,16,16,0,0,0,0,0,0,0,,0,132,73,845,11.58,5,1,,5,,,115,187.5,190.5,151.0,,31,
96,Brad Johnson\JohnBr00,MIN,QB,37,15,9,184,294,1885,12,4,18,53,2.94,0,0,0,0,,0,5,3,0,,,115,114.7,124.7,118.7,,24,
97,Curtis Martin\MartCu00,NYJ,RB,32,12,12,0,0,0,0,0,220,735,3.34,5,30,24,118,4.92,0,2,1,5,,,113,137.3,144.3,125.3,,29,
98,Terrell Owens\OwenTe00,PHI,WR,32,7,7,0,0,0,0,0,1,2,2.00,0,92,47,763,16.23,6,0,,6,,,113,159.5,162.5,136.0,,32,
99,Amani Toomer\ToomAm00,NYG,WR,31,16,15,0,0,0,0,0,0,0,,0,109,60,684,11.40,7,0,,7,,,110,170.4,173.4,140.4,,33,
100,Ernest Wilford\WilfEr00,JAX,WR,26,16,8,0,0,0,0,0,0,0,,0,74,41,681,16.61,7,0,,7,,,110,151.1,154.1,130.6,,34,
101,Priest Holmes\HolmPr00,KAN,RB,32,7,7,0,0,0,0,0,119,451,3.79,6,32,21,197,9.38,1,1,,7,,,107,127.8,133.8,117.3,,31,
102,Kevin Jones\JoneKe02,DET,RB,23,13,13,0,0,0,0,0,186,664,3.57,5,28,20,109,5.45,0,2,,5,,,107,127.3,133.3,117.3,,30,
103,Samkon Gado\GadoSa00,GNB,RB,23,8,5,0,1,0,0,0,143,582,4.07,6,12,10,77,7.70,1,4,1,7,,,106,115.9,119.9,110.9,,32,
104,Eric Moulds\MoulEr00,BUF,WR,32,15,15,0,0,0,0,0,0,0,,0,129,81,816,10.07,4,0,,4,,,106,186.6,189.6,146.1,,35,
105,Fred Taylor\TaylFr00,JAX,RB,29,11,11,0,0,0,0,0,194,787,4.06,3,18,13,83,6.38,0,0,,3,,,105,118.0,121.0,111.5,,33,
106,Joey Harrington\HarrJo00,DET,QB,27,12,11,188,330,2021,12,12,24,80,3.33,0,1,1,-4,-4.00,0,7,4,0,,,104,105.4,124.4,116.9,,25,
107,Trent Dilfer\DilfTr00,CLE,QB,33,11,11,199,333,2321,11,12,20,46,2.30,0,0,0,0,,0,9,7,0,,,103,103.4,125.4,115.4,,26,
108,Chris Simms\SimmCh00,TAM,QB,25,11,10,191,313,2035,10,7,19,31,1.63,0,1,1,-3,-3.00,0,6,4,0,,,102,103.2,117.2,109.7,,27,
109,Kyle Boller\BollKy00,BAL,QB,24,9,9,171,293,1799,11,12,23,66,2.87,1,1,0,0,,0,8,2,1,,,101,100.6,117.6,112.6,,28,
110,Brandon Lloyd\LloyBr00,SFO,WR,24,16,15,0,0,0,0,0,0,0,,0,109,48,733,15.27,5,1,1,5,,,101,149.3,153.3,125.3,,36,
111,Josh McCown\McCoJo01,ARI,QB,26,9,6,163,270,1836,9,11,29,139,4.79,0,0,0,0,,0,5,1,0,,,99,99.3,117.3,110.3,,29,
112,Muhsin Muhammad\MuhaMu00,CHI,WR,32,15,15,0,0,0,0,0,0,0,,0,136,64,750,11.72,4,0,,4,,,99,163.0,166.0,131.0,,37,
113,Kevan Barlow\BarlKe00,SFO,RB,26,12,12,0,0,0,0,0,176,581,3.30,3,42,31,241,7.77,0,2,1,3,,,98,129.2,136.2,113.7,,34,
114,Drew Bennett\BennDr00,TEN,WR,27,13,10,0,1,0,0,0,1,3,3.00,0,109,58,738,12.72,4,0,,4,,,98,156.1,159.1,127.1,,38,
115,Marion Barber III\BarbMa01,DAL,RB,22,13,2,0,0,0,0,0,138,538,3.90,5,25,18,115,6.39,0,3,,5,,,95,113.3,119.3,104.3,,35,
116,Jerome Bettis\BettJe00,PIT,RB,33,12,0,0,0,0,0,0,110,368,3.35,9,4,4,40,10.00,0,0,,9,,,95,98.8,101.8,96.8,,36,
117,David Garrard\GarrDa00,JAX,QB,27,7,5,98,168,1117,4,1,31,172,5.55,3,0,0,0,,0,4,1,3,1,,94,93.9,101.9,94.9,,30,
118,Eric Parker\ParkEr00,SDG,WR,26,15,9,0,0,0,0,0,4,55,13.75,0,80,57,725,12.72,3,2,1,3,,,94,151.0,155.0,122.5,,39,
119,Bobby Engram\EngrBo00,SEA,WR,32,13,13,0,0,0,0,0,0,0,,0,97,67,778,11.61,3,2,2,3,,,92,158.8,163.8,125.3,,40,
120,Ashley Lelie\LeliAs00,DEN,WR,25,16,13,0,0,0,0,0,5,84,16.80,0,88,42,770,18.33,1,0,,1,,,91,133.4,136.4,112.4,,41,
121,Brooks Bollinger\BollBr00,NYJ,QB,26,11,9,150,266,1558,7,6,35,135,3.86,0,0,0,0,,0,3,1,0,,,90,89.8,102.8,95.8,,31,
122,T.J. Duckett\DuckT.00,ATL,RB,24,14,0,0,0,0,0,0,121,380,3.14,8,7,6,63,10.50,0,2,2,8,,,88,94.3,99.3,91.3,,37,
123,Frank Gore\GoreFr00,SFO,RB,22,14,1,0,0,0,0,0,127,608,4.79,3,22,15,131,8.73,0,2,2,3,,,88,102.9,110.9,95.4,,39,
124,Greg Jones\JoneGr01,JAX,RB,24,14,13,0,0,0,0,0,151,575,3.81,4,15,10,65,6.50,0,0,,4,,,88,98.0,101.0,93.0,,38,
125,Marty Booker\BookMa00,MIA,WR,29,15,12,0,1,0,0,0,0,0,,0,86,39,686,17.59,3,0,,3,,,87,125.6,128.6,106.1,,43,
126,David Givens\GiveDa00,NWE,WR,25,13,10,0,0,0,0,0,2,13,6.50,0,96,59,738,12.51,2,0,,2,,,87,146.1,149.1,116.6,,42,
127,Michael Pittman\PittMi00,TAM,RB,30,16,4,0,0,0,0,0,70,436,6.23,1,46,36,300,8.33,1,1,,2,,,86,121.6,127.6,103.6,,40,
128,Antowain Smith\SmitAn00,NOR,RB,33,16,7,0,0,0,0,0,166,659,3.97,3,15,12,46,3.83,0,2,2,3,,,85,96.5,101.5,90.5,,41,
129,Travis Taylor\TaylTr01,MIN,WR,27,16,13,0,0,0,0,0,2,3,1.50,0,90,50,604,12.08,4,1,,4,,,85,134.7,137.7,109.7,,44,
130,Justin McCareins\McCaJu00,NYJ,WR,27,16,16,0,0,0,0,0,1,8,8.00,0,102,43,713,16.58,2,0,,2,,,84,127.1,130.1,105.6,,45,
131,Antwaan Randle El\RandAn00,PIT,WR,26,16,15,3,3,67,1,0,12,73,6.08,0,69,35,558,15.94,1,4,2,3,,,84,118.8,123.8,101.3,,46,
132,Marcus Robinson\RobiMa00,MIN,WR,30,15,9,0,0,0,0,0,0,0,,0,57,31,515,16.61,5,0,,5,1,,84,114.5,117.5,99.0,,47,
133,Michael Bennett\BennMi00,MIN,RB,27,16,6,0,0,0,0,0,126,473,3.75,3,31,27,124,4.59,2,5,4,5,,,82,108.7,118.7,95.2,,42,
134,Reggie Brown\BrowRe01,PHI,WR,24,16,11,0,0,0,0,0,1,5,5.00,0,79,43,571,13.28,4,1,,4,,,82,124.6,127.6,103.1,,48,
135,Kelly Holcomb\HolcKe00,BUF,QB,32,10,8,155,230,1509,10,8,18,11,0.61,1,0,0,0,,0,13,5,1,,,81,81.5,97.5,89.5,,32,
136,Andre Johnson\JohnAn02,HOU,WR,24,13,13,0,0,0,0,0,6,10,1.67,0,114,63,688,10.92,2,1,1,2,,,80,142.8,146.8,111.3,,49,
137,Daunte Culpepper\CulpDa00,MIN,QB,28,7,7,139,216,1564,6,12,24,147,6.13,1,0,0,0,,0,5,3,1,,1,79,79.3,100.3,91.3,,33,
138,Brian Finneran\FinnBr00,ATL,WR,29,16,7,0,0,0,0,0,0,0,,0,81,50,611,12.22,2,0,,2,3,,79,129.1,132.1,104.1,,50,
139,Matt Jones\JoneMa00,JAX,WR,22,16,1,2,3,12,0,0,12,51,4.25,0,69,36,432,12.00,5,2,,5,,,79,114.8,117.8,96.8,,51,
140,J.P. Losman\LosmJ.00,BUF,QB,24,9,8,113,228,1340,8,8,31,154,4.97,0,0,0,0,,0,7,3,0,,,79,79.0,96.0,87.0,,35,
141,Kyle Orton\OrtoKy00,CHI,QB,23,15,15,190,368,1869,9,13,24,44,1.83,0,0,0,0,,0,12,5,0,,,79,79.2,100.2,92.2,,34,
142,Chester Taylor\TaylCh01,BAL,RB,26,15,1,0,0,0,0,0,117,487,4.16,0,53,41,292,7.12,1,3,3,1,,,78,118.9,127.9,98.4,,43,
143,Ben Troupe\TrouBe00,TEN,TE,23,15,11,0,0,0,0,0,0,0,,0,80,55,530,9.64,4,2,,4,,,77,132.0,135.0,104.5,,12,
144,Chris Henry\HenrCh00,CIN,WR,22,14,5,0,0,0,0,0,0,0,,0,50,31,422,13.61,6,2,1,6,,,76,107.2,111.2,91.7,,52,
145,Mike McMahon\McMaMi00,PHI,QB,26,9,7,94,207,1158,5,8,34,118,3.47,3,0,0,0,,0,8,2,3,,,76,76.1,92.1,84.1,,36,
146,Corey Bradford\BradCo00,HOU,WR,30,16,6,0,0,0,0,0,1,-2,-2.00,0,66,34,436,12.82,5,0,,5,1,,75,109.4,112.4,92.4,,53,
147,Mike Alstott\AlstMi00,TAM,RB,32,16,7,0,0,0,0,0,34,80,2.35,6,38,25,222,8.88,1,0,,7,1,,74,99.2,102.2,86.7,,45,
148,Doug Gabriel\GabrDo00,OAK,WR,25,14,2,0,0,0,0,0,1,5,5.00,0,72,37,554,14.97,3,0,,3,,,74,110.9,113.9,92.4,,54,
149,Jonathan Wells\WellJo00,HOU,RB,26,15,6,0,0,0,0,0,90,325,3.61,4,27,22,179,8.14,0,1,,4,,,74,96.4,102.4,85.4,,44,
150,Anthony Wright\WrigAn00,BAL,QB,29,9,7,164,266,1582,6,9,18,68,3.78,0,0,0,0,,0,5,1,0,,,74,74.1,87.1,83.1,,37,
151,Dallas Clark\ClarDa00,IND,TE,26,15,14,0,0,0,0,0,0,0,,0,52,37,488,13.19,4,0,,4,,,73,109.8,112.8,91.3,,13,
152,Isaac Bruce\BrucIs00,STL,WR,33,11,10,0,0,0,0,0,0,0,,0,71,36,525,14.58,3,0,,3,,,71,106.5,109.5,88.5,,55,
153,Chris Perry\PerrCh00,CIN,RB,24,14,2,0,0,0,0,0,61,279,4.57,0,62,51,328,6.43,2,2,1,2,,,71,121.7,128.7,96.2,,47,
154,Artose Pinner\PinnAr00,DET,RB,27,16,2,0,0,0,0,0,106,349,3.29,3,25,21,181,8.62,0,0,,3,,,71,92.0,98.0,81.5,,46,
155,Braylon Edwards\EdwaBr00,CLE,WR,22,10,7,0,0,0,0,0,0,0,,0,59,32,512,16.00,3,0,,3,,,69,101.2,104.2,85.2,,57,
156,Joe Horn\HornJo00,NOR,WR,33,13,13,0,0,0,0,0,0,0,,0,103,49,654,13.35,1,2,1,1,,,69,118.4,122.4,93.9,,56,
157,Mark Clayton\ClayMa01,BAL,WR,23,14,10,0,1,0,0,0,8,33,4.13,1,87,44,471,10.70,2,0,,3,,,68,112.4,115.4,90.4,,58,
158,Marcus Pollard\PollMa00,DET,TE,33,16,16,0,0,0,0,0,0,0,,0,79,46,516,11.22,3,1,1,3,,,68,113.6,117.6,90.6,,14,
159,Darrell Jackson\JackDa00,SEA,WR,27,6,6,0,0,0,0,0,1,7,7.00,0,55,38,482,12.68,3,0,,3,,,67,104.9,107.9,85.9,,61,
160,Michael Jenkins\JenkMi00,ATL,WR,23,14,12,0,0,0,0,0,0,0,,0,71,36,508,14.11,3,1,1,3,,,67,102.8,106.8,84.8,,62,
161,Samie Parker\ParkSa00,KAN,WR,24,12,9,0,0,0,0,0,0,0,,0,58,36,533,14.81,3,2,2,3,,,67,103.3,108.3,85.3,,59,
162,Ricky Proehl\ProeRi00,CAR,WR,37,16,0,0,0,0,0,0,1,-8,-8.00,0,50,25,441,17.64,4,0,,4,,,67,92.3,95.3,79.8,,60,
163,Erron Kinney\KinnEr00,TEN,TE,28,14,14,0,0,0,0,0,0,0,,0,72,55,543,9.87,2,0,,2,,,66,121.3,124.3,93.8,,15,
164,Ben Watson\WatsBe00,NWE,TE,25,15,9,0,0,0,0,0,0,0,,0,54,29,441,15.21,4,1,1,4,,,66,95.1,99.1,80.6,,16,
165,Tony Fisher\FishTo00,GNB,RB,26,14,4,1,1,14,0,0,60,173,2.88,1,65,48,347,7.23,1,2,,2,,,65,112.6,118.6,88.6,,49,
166,Dennis Northcutt\NortDe00,CLE,WR,28,16,7,0,0,0,0,0,2,33,16.50,0,77,42,441,10.50,2,0,,3,,,65,107.4,110.4,86.4,,63,
167,Marcel Shipp\ShipMa00,ARI,RB,27,15,11,0,0,0,0,0,157,451,2.87,0,44,35,255,7.29,0,4,3,0,,,65,99.6,108.6,82.1,,48,
168,Marshall Faulk\FaulMa00,STL,RB,32,16,1,0,0,0,0,0,65,292,4.49,0,58,44,291,6.61,1,2,1,1,1,,64,108.3,115.3,86.3,,50,
169,Shawn Bryson\BrysSh00,DET,RB,29,16,2,0,0,0,0,0,64,306,4.78,1,47,37,284,7.68,0,1,1,1,,,63,100.0,107.0,81.5,,53,
170,Jabar Gaffney\GaffJa00,HOU,WR,25,16,13,0,0,0,0,0,4,13,3.25,0,90,55,492,8.95,2,0,,2,,,63,117.5,120.5,90.0,,65,
171,Greg Lewis\LewiGr01,PHI,WR,25,16,16,0,0,0,0,0,2,13,6.50,0,105,48,561,11.69,1,0,,1,,,63,111.4,114.4,87.4,,64,
172,Deuce McAllister\McAlDe00,NOR,RB,27,5,5,0,0,0,0,0,93,335,3.60,3,18,17,117,6.88,0,0,,3,,,63,80.2,86.2,71.7,,51,
173,Patrick Pass\PassPa00,NWE,RB,28,12,4,0,0,0,0,0,54,245,4.54,3,30,22,227,10.32,0,2,1,3,,,63,85.2,92.2,74.2,,52,
174,Jermaine Wiggins\WiggJe00,MIN,TE,30,16,8,0,0,0,0,0,0,0,,0,92,69,568,8.23,1,0,,1,,,63,131.8,134.8,97.3,,17,
175,Roddy White\WhitRo00,ATL,WR,24,16,8,0,0,0,0,0,4,12,3.00,0,69,29,446,15.38,3,1,1,3,,,62,90.8,94.8,76.3,,66,
176,J.J. Arrington\ArriJ.00,ARI,RB,22,15,5,0,0,0,0,0,112,370,3.30,2,34,25,139,5.56,0,1,1,2,,,61,85.9,92.9,73.4,,54,
177,Az-Zahir Hakim\HakiAz00,NOR,WR,28,12,2,0,0,0,0,0,0,0,,0,58,34,489,14.38,2,1,,2,,,61,94.9,97.9,77.9,,67,
178,Brandon Stokley\StokBr00,IND,WR,29,15,4,0,0,0,0,0,0,0,,0,67,41,543,13.24,1,0,,1,,,60,101.3,104.3,80.8,,68,
179,Troy Brown\BrowTr00,NWE,WR,34,13,3,0,0,0,0,0,0,0,,0,59,39,466,11.95,2,0,,2,,,59,97.6,100.6,78.1,,69,
180,Brian Griese\GrieBr00,TAM,QB,30,6,6,112,174,1136,7,7,13,12,0.92,0,0,0,0,,0,2,1,0,,,59,58.6,69.6,65.6,,38,
181,Steve Heiden\HeidSt00,CLE,TE,29,15,13,0,0,0,0,0,0,0,,0,60,43,401,9.33,3,0,,3,,,58,101.1,104.1,79.6,,18,
182,Jamie Martin\MartJa00,STL,QB,35,8,5,124,177,1277,5,7,9,6,0.67,0,0,0,0,,0,2,1,0,,1,58,57.7,68.7,64.7,,39,
183,Aaron Stecker\StecAa00,NOR,RB,30,15,4,0,0,0,0,0,95,363,3.82,0,48,35,281,8.03,0,3,3,0,,,58,93.4,102.4,75.9,,55,
184,Robert Ferguson\FergRo00,GNB,WR,26,11,7,0,0,0,0,0,0,0,,0,57,27,366,13.56,3,0,,3,1,,57,83.6,86.6,70.1,,70,
185,Josh Reed\ReedJo01,BUF,WR,25,16,6,0,0,0,0,0,1,-3,-3.00,0,53,32,449,14.03,2,0,,2,,,57,88.6,91.6,72.6,,71,
186,Adrian Peterson\PeteAd00,CHI,RB,26,16,0,0,0,0,0,0,76,391,5.14,2,12,7,48,6.86,0,1,,2,,,56,62.9,65.9,59.4,,56,
187,Verron Haynes\HaynVe00,PIT,RB,26,14,0,0,0,0,0,0,74,274,3.70,3,17,11,113,10.27,0,2,1,3,,,55,65.7,72.7,60.2,,57,
188,Mike Sellers\SellMi00,WAS,TE,30,15,6,0,0,0,0,0,1,1,1.00,1,16,12,72,6.00,7,0,,8,,,55,67.3,67.3,61.3,,19,
189,Arnaz Battle\BattAr00,SFO,WR,25,10,8,2,2,27,0,0,8,11,1.38,0,54,32,363,11.34,3,1,1,3,,,54,86.5,90.5,70.5,,72,
190,Ladell Betts\BettLa00,WAS,RB,26,12,0,0,0,0,0,0,89,338,3.80,1,17,10,78,7.80,1,3,3,3,,,54,63.6,69.6,58.6,,58,
191,Devery Henderson\HendDe00,NOR,WR,23,15,3,0,0,0,0,0,1,9,9.00,0,50,22,343,15.59,3,0,,3,,,53,75.2,78.2,64.2,,74,
192,Kyle Johnson\JohnKy00,DEN,RB,27,16,14,0,0,0,0,0,4,9,2.25,1,31,17,160,9.41,5,0,,6,,,53,69.9,72.9,61.4,,59,
193,Shaun McDonald\McDoSh00,STL,WR,24,16,2,0,0,0,0,0,1,7,7.00,0,74,46,523,11.37,0,1,,0,,,53,99.0,102.0,76.0,,75,
194,Koren Robinson*\RobiKo00,MIN,WR,25,14,5,0,0,0,0,0,4,27,6.75,1,37,22,347,15.77,1,2,1,3,,,53,75.4,79.4,64.4,,73,
195,D.J. Hackett\HackD.00,SEA,WR,24,13,3,0,0,0,0,0,0,0,,0,43,28,400,14.29,2,0,,2,,,52,80.0,83.0,66.0,,77,
196,Michael Turner\TurnMi00,SDG,RB,23,16,0,0,0,0,0,0,57,335,5.88,3,1,0,0,,0,0,,3,,,52,51.5,54.5,51.5,,60,
197,Troy Williamson\WillTr01,MIN,WR,22,14,3,0,0,0,0,0,3,28,9.33,0,52,24,372,15.50,2,0,,2,,,52,76.0,79.0,64.0,,76,
198,Charlie Frye\FryeCh00,CLE,QB,24,7,5,98,164,1002,4,5,18,60,3.33,1,0,0,0,,0,7,4,1,,,50,50.1,62.1,55.1,,40,
199,Brandon Jacobs\JacoBr00,NYG,RB,23,16,0,0,0,0,0,0,38,99,2.61,7,0,0,0,,0,1,1,7,,,50,49.9,50.9,49.9,,61,
200,Jeb Putzier\PutzJe00,DEN,TE,26,16,4,0,0,0,0,0,0,0,,0,58,37,481,13.00,0,1,,0,1,,50,87.1,90.1,68.6,,20,
201,Jeff Garcia\GarcJe00,DET,QB,35,6,5,102,173,937,3,6,17,51,3.00,1,0,0,0,,0,1,,1,,,49,48.6,57.6,54.6,,41,
202,Bryant Johnson\JohnBr02,ARI,WR,24,14,4,0,0,0,0,0,1,0,0.00,0,72,40,432,10.80,1,0,,1,,,49,89.2,92.2,69.2,,78,
203,Alex Smith\SmitAl02,TAM,TE,23,16,10,0,0,0,0,0,0,0,,0,61,41,367,8.95,2,0,,2,,,49,89.7,92.7,69.2,,21,
204,Courtney Anderson\AndeCo00,OAK,TE,25,14,13,0,0,0,0,0,0,0,,0,48,24,303,12.63,3,1,,3,,,48,72.3,75.3,60.3,,22,
205,Ryan Fitzpatrick\FitzRy00,STL,QB,23,4,3,76,135,777,4,8,14,64,4.57,2,0,0,0,,0,3,1,2,,,47,47.5,59.5,55.5,,42,
206,Justin Gage\GageJu00,CHI,WR,24,15,11,0,0,0,0,0,0,0,,0,55,31,346,11.16,2,0,,2,,,47,77.6,80.6,62.1,,79,
207,Cedric Houston\HousCe00,NYJ,RB,23,12,4,0,0,0,0,0,81,302,3.73,2,10,8,66,8.25,0,1,1,2,,,47,54.8,58.8,50.8,,62,
208,Matt Schaub\SchaMa00,ATL,QB,24,16,1,33,64,495,4,0,9,76,8.44,0,0,0,0,,0,1,1,0,,3,47,47.4,51.4,47.4,,43,
209,Zachary Hilton\HiltZa00,NOR,TE,25,15,6,0,0,0,0,0,0,0,,0,56,35,396,11.31,1,0,,1,,,46,80.6,83.6,63.1,,23,
210,Ryan Moats\MoatRy00,PHI,RB,23,7,1,0,0,0,0,0,55,278,5.05,3,6,4,7,1.75,0,3,1,3,,,45,48.5,52.5,46.5,,63,
211,Cedrick Wilson\WilsCe00,PIT,WR,27,16,1,0,0,0,0,0,1,0,0.00,0,53,26,451,17.35,0,1,,0,,,45,71.1,74.1,58.1,,80,
212,Patrick Crayton\CrayPa00,DAL,WR,26,11,0,0,0,0,0,0,1,0,0.00,0,35,22,341,15.50,2,3,1,2,,,44,66.1,70.1,55.1,,81,
213,Wes Welker\WelkWe00,MIA,WR,24,16,1,0,0,0,0,0,1,5,5.00,0,52,29,434,14.97,0,5,,0,,,44,72.9,75.9,58.4,,82,
214,Travis Henry\HenrTr00,TEN,RB,27,10,1,0,0,0,0,0,88,335,3.81,0,20,13,117,9.00,0,2,1,0,,,43,56.2,63.2,49.7,,64,
215,Dominic Rhodes\RhodDo00,IND,RB,26,13,1,0,0,0,0,0,40,118,2.95,4,16,12,88,7.33,0,2,1,4,,,43,54.6,58.6,48.6,,65,
216,Reggie Williams\WillRe00,JAX,WR,22,16,7,0,0,0,0,0,2,3,1.50,0,63,35,445,12.71,0,2,1,0,,,43,77.8,81.8,60.3,,83,
217,Daniel Graham\GrahDa00,NWE,TE,27,11,9,0,0,0,0,0,0,0,,0,25,16,235,14.69,3,1,,3,,,42,57.5,60.5,49.5,,25,
218,Brandon Jones\JoneBr02,TEN,WR,23,10,8,0,0,0,0,0,1,1,1.00,0,47,23,299,13.00,2,0,,2,,,42,65.0,68.0,53.5,,85,
219,David Martin\MartDa00,GNB,TE,26,12,8,0,0,0,0,0,0,0,,0,39,27,224,8.30,3,0,,3,1,,42,69.4,72.4,55.9,,24,
220,Scottie Vines\VineSc00,DET,WR,26,13,11,0,0,0,0,0,1,7,7.00,0,71,40,417,10.43,0,0,,0,,,42,82.4,85.4,62.4,,84,
221,Roydell Williams\WillRo05,TEN,WR,24,10,2,0,0,0,0,0,0,0,,0,39,21,299,14.24,2,0,,2,,,42,62.9,65.9,52.4,,86,
222,Donald Lee\LeexDo00,GNB,TE,25,15,5,0,0,0,0,0,0,0,,0,55,33,294,8.91,2,0,,2,,,41,74.4,77.4,57.9,,26,
223,Ahman Green\GreeAh00,GNB,RB,28,5,5,0,0,0,0,0,77,255,3.31,0,27,19,147,7.74,0,1,,0,,,40,59.2,65.2,49.7,,66,
224,LaBrandon Toefield\ToefLa00,JAX,RB,25,9,2,0,0,0,0,0,36,142,3.94,4,7,3,17,5.67,0,0,,4,,,40,42.9,45.9,41.4,,67,
225,Keary Colbert\ColbKe00,CAR,WR,23,16,16,0,0,0,0,0,1,6,6.00,0,55,25,282,11.28,2,1,1,2,,,39,63.8,67.8,51.3,,87,
226,Vernand Morency\MoreVe00,HOU,RB,25,12,1,0,0,0,0,0,46,184,4.00,2,15,10,87,8.70,0,1,,2,,,39,49.1,52.1,44.1,,68,
227,Bo Scaife\ScaiBo00,TEN,TE,24,16,5,0,0,0,0,0,0,0,,0,56,37,273,7.38,2,0,,2,,,39,76.3,79.3,57.8,,27,
228,Nate Burleson\BurlNa00,MIN,WR,24,12,9,0,0,0,0,0,2,-6,-3.00,0,52,30,328,10.93,1,0,,1,,,38,68.2,71.2,53.2,,89,
229,Reche Caldwell\CaldRe00,SDG,WR,26,16,2,0,0,0,0,0,2,10,5.00,0,43,28,352,12.57,1,2,2,1,,,38,66.2,71.2,52.2,,88,
230,Zack Crockett\CrocZa00,OAK,RB,33,16,10,0,0,0,0,0,60,208,3.47,1,18,13,111,8.54,0,1,,1,,,38,50.9,56.9,44.4,,69,
231,Bryan Fletcher\FletBr00,IND,TE,26,16,12,0,0,0,0,0,0,0,,0,27,18,202,11.22,3,0,,3,,,38,56.2,59.2,47.2,,28,
232,Maurice Morris\MorrMa00,SEA,RB,26,16,2,0,0,0,0,0,71,288,4.06,1,6,5,48,9.60,0,0,1,1,,,38,42.6,46.6,40.1,,70,
233,Michael Clayton\ClayMi00,TAM,WR,23,14,10,0,0,0,0,0,1,2,2.00,0,55,32,372,11.63,0,1,,0,,,37,69.4,72.4,53.4,,90,
234,Kevin Faulk\FaulKe00,NWE,RB,29,8,2,0,0,0,0,0,51,145,2.84,0,37,29,260,8.97,0,3,2,0,,,37,65.5,73.5,51.0,,71,
235,Courtney Roby\RobyCo00,TEN,WR,22,13,6,0,0,0,0,0,2,16,8.00,0,43,21,289,13.76,1,1,,1,,,37,57.5,60.5,47.0,,92,
236,Mike Williams\WillMi03,DET,WR,21,14,4,0,0,0,0,0,0,0,,0,57,29,350,12.07,1,2,2,1,,,37,66.0,71.0,51.5,,91,
237,Doug Jolley\JollDo00,NYJ,TE,26,16,7,0,0,0,0,0,0,0,,0,50,29,324,11.17,1,1,1,1,,,36,65.4,69.4,50.9,,29,
238,Desmond Clark\ClarDe00,CHI,TE,28,16,16,0,0,0,0,0,0,0,,0,49,24,229,9.54,2,0,,2,,,35,58.9,61.9,46.9,,30,
239,Frisman Jackson\JackFr01,CLE,WR,26,12,0,0,0,0,0,0,0,0,,0,41,24,287,11.96,1,0,,1,,,35,58.7,61.7,46.7,,93,
240,Justin Griffith\GrifJu00,ATL,RB,25,16,15,0,0,0,0,0,15,65,4.33,0,34,21,111,5.29,3,1,1,3,,,34,54.6,58.6,44.1,,72,
241,Ike Hilliard\HillIk00,TAM,WR,29,16,2,0,0,0,0,0,0,0,,0,53,35,282,8.06,1,0,,1,,,34,69.2,72.2,51.7,,94,
242,Tim Rattay\RattTi00,SFO,QB,28,4,4,56,97,667,5,6,7,18,2.57,0,0,0,0,,0,3,1,0,,,34,34.5,44.5,40.5,,44,
243,Jerald Sowell\SoweJe00,NYJ,RB,31,16,14,0,0,0,0,0,1,1,1.00,1,38,28,155,5.54,2,1,,3,,,34,61.6,64.6,47.6,,73,
244,Chris Baker\BakeCh00,NYJ,TE,26,8,8,0,0,0,0,0,0,0,,0,25,18,269,14.94,1,1,,1,,,33,50.9,53.9,41.9,,32,
245,Adam Bergen\BergAd00,ARI,TE,22,16,9,0,0,0,0,0,0,0,,0,43,28,270,9.64,1,0,,1,,,33,61.0,64.0,47.0,,31,
246,Ron Dayne\DaynRo00,DEN,RB,27,10,0,0,0,0,0,0,53,270,5.09,1,3,3,17,5.67,0,1,1,1,,,33,35.7,39.7,34.2,,74,
247,Rock Cartwright\CartRo01,WAS,RB,26,16,0,0,0,0,0,0,27,199,7.37,2,4,2,23,11.50,0,1,1,2,,,32,34.2,38.2,33.2,,75,
248,Heath Evans\EvanHe00,2TM,RB,27,12,3,0,0,0,0,0,52,192,3.69,0,17,14,105,7.50,0,0,,0,1,,32,45.7,51.7,38.7,,76,
249,Billy McMullen\McMuBi00,PHI,WR,25,16,0,0,0,0,0,0,0,0,,0,38,18,268,14.89,1,1,1,1,,,31,48.8,52.8,39.8,,95,
250,Obafemi Ayanbadejo\AyanOb00,ARI,RB,30,16,2,0,0,0,0,0,22,46,2.09,0,45,34,231,6.79,0,1,1,0,2,,30,63.7,67.7,46.7,,79,
251,Ciatrick Fason\FasoCi00,MIN,RB,23,13,0,0,0,0,0,0,32,62,1.94,4,0,0,0,,0,1,,4,,,30,30.2,30.2,30.2,,78,
252,Kris Mangum\MangKr00,CAR,TE,32,14,9,0,0,0,0,0,0,0,,0,35,23,202,8.78,2,0,1,2,,,30,53.2,57.2,41.7,,33,
253,Lorenzo Neal*\NealLo00,SDG,RB,35,16,15,0,0,0,0,0,29,98,3.38,0,29,24,145,6.04,1,0,,1,,,30,54.3,57.3,42.3,,77,
254,Sage Rosenfels\RoseSa00,MIA,QB,27,4,1,34,61,462,4,3,6,15,2.50,0,0,0,0,,0,1,,0,,,30,30.0,36.0,33.0,,45,
255,Johnnie Morton\MortJo00,SFO,WR,34,13,10,0,0,0,0,0,0,0,,0,44,21,288,13.71,0,0,,0,,,29,49.8,52.8,39.3,,96,
256,Michael Gaines\GainMi00,CAR,TE,25,11,6,0,0,0,0,0,0,0,,0,16,12,155,12.92,2,0,,2,,,28,39.5,42.5,33.5,,34,
257,Nick Goings\GoinNi00,CAR,RB,27,16,1,0,0,0,0,0,37,133,3.59,0,20,14,151,10.79,0,1,,0,,,28,42.4,48.4,35.4,,80,
258,Lamar Gordon\GordLa00,PHI,RB,25,14,4,0,0,0,0,0,54,182,3.37,1,17,11,79,7.18,0,3,2,1,,,28,39.1,44.1,33.6,,81,
259,Shaud Williams\WillSh01,BUF,RB,25,16,0,0,0,0,0,0,45,161,3.58,0,23,17,118,6.94,0,0,,0,,,28,44.9,50.9,36.4,,82,
260,Bubba Franks\FranBu00,GNB,TE,27,10,8,0,0,0,0,0,0,0,,0,39,25,207,8.28,1,0,,1,,,27,51.7,54.7,39.2,,35,
261,Quincy Morgan\MorgQu00,PIT,WR,28,16,0,0,0,0,0,0,0,0,,0,18,9,150,16.67,2,1,,2,,,27,36.0,39.0,31.5,,98,
262,Billy Volek\VoleBi00,TEN,QB,29,6,1,50,88,474,4,2,1,3,3.00,0,0,0,0,,0,3,2,0,,,27,27.3,34.3,29.3,,46,
263,Kevin Walter\WaltKe00,CIN,WR,24,16,2,0,0,0,0,0,0,0,,0,29,19,211,11.11,1,0,,1,,,27,46.1,49.1,36.6,,97,
264,Cedric Benson\BensCe00,CHI,RB,23,9,1,0,0,0,0,0,67,272,4.06,0,1,1,3,3.00,0,1,1,0,,,26,26.5,30.5,26.0,,85,
265,Bernard Berrian\BerrBe00,CHI,WR,25,11,2,0,0,0,0,0,2,31,15.50,0,25,13,246,18.92,0,1,1,0,,,26,38.7,42.7,32.2,,100,
266,Jerricho Cotchery\CotcJe00,NYJ,WR,23,16,1,0,0,0,0,0,1,4,4.00,0,32,19,251,13.21,0,2,,0,,,26,44.5,47.5,35.0,,101,
267,Jeremi Johnson\JohnJe00,CIN,RB,25,16,11,0,0,0,0,0,8,14,1.75,0,19,12,65,5.42,3,2,,3,,,26,37.9,37.9,31.9,,83,
268,Jarrett Payton\PaytJa00,TEN,RB,25,13,0,0,0,0,0,0,33,105,3.18,2,10,6,30,5.00,0,0,,2,,,26,31.5,34.5,28.5,,84,
269,Charles Rogers\RogeCh01,DET,WR,24,9,3,0,0,0,0,0,0,0,,0,31,14,197,14.07,1,0,,1,,,26,39.7,42.7,32.7,,99,
270,Jim Sorgi\SorgJi00,IND,QB,25,5,0,42,61,444,3,1,12,1,0.08,0,0,0,0,,0,1,1,0,,,26,25.9,30.9,26.9,,47,
271,Randy Hymes\HymeRa00,BAL,WR,26,16,3,0,2,0,0,0,0,0,,0,31,11,132,12.00,2,0,,2,,,25,36.2,39.2,30.7,,102,
272,Jerome Mathis*+\MathJe00,HOU,WR,22,12,0,0,0,0,0,0,0,0,,0,13,5,65,13.00,1,3,,3,,,25,29.5,29.5,27.0,,104,
273,LeRon McCoy\McCoLe00,ARI,WR,23,10,4,0,0,0,0,0,0,0,,0,30,18,191,10.61,1,0,,1,,,25,43.1,46.1,34.1,,103,
274,Matt Schobel\SchoMa00,CIN,TE,27,16,1,0,0,0,0,0,0,0,,0,25,18,193,10.72,1,1,1,1,1,,25,43.3,47.3,34.3,,36,
275,Ken Dorsey\DorsKe00,SFO,QB,24,3,3,48,90,481,2,2,4,11,2.75,0,0,0,0,,0,2,1,0,,1,24,24.3,30.3,26.3,,48,
276,William Henderson\HendWi00,GNB,RB,34,16,8,0,0,0,0,0,1,-5,-5.00,0,34,30,264,8.80,0,1,1,0,,,24,53.9,57.9,38.9,,89,
277,Noah Herron\HerrNo00,2TM,RB,23,7,0,0,0,0,0,0,48,123,2.56,2,0,0,0,,0,0,,2,,,24,24.3,27.3,24.3,,87,
278,Dane Looker\LookDa00,STL,WR,29,16,0,0,0,0,0,0,0,0,,0,27,23,237,10.30,0,0,,0,,,24,46.7,49.7,35.2,,105,
279,Chad Pennington\PennCh01,NYJ,QB,29,3,3,49,83,530,2,3,6,27,4.50,0,0,0,0,,0,8,1,0,,,24,23.9,30.9,26.9,,49,
280,Duce Staley\StalDu00,PIT,RB,30,5,1,0,0,0,0,0,38,148,3.89,1,7,6,34,5.67,0,1,,1,,,24,30.2,33.2,27.2,,88,
281,Mack Strong*+\StroMa00,SEA,RB,34,16,6,0,0,0,0,0,17,78,4.59,0,27,22,166,7.55,0,0,,0,,,24,46.4,49.4,35.4,,86,
282,George Wrighster\WrigGe00,JAX,TE,24,16,6,0,0,0,0,0,0,0,,0,23,13,120,9.23,2,0,,2,,,24,37.0,40.0,30.5,,37,
283,Stephen Alexander\AlexSt00,DEN,TE,30,16,15,0,0,0,0,0,0,0,,0,36,21,170,8.10,1,0,,1,,,23,44.0,47.0,33.5,,38,
284,Tim Carter\CartTi00,NYG,WR,26,15,1,0,0,0,0,0,6,46,7.67,0,25,10,186,18.60,0,0,,0,,,23,33.2,36.2,28.2,,107,
285,Alex Smith\SmitAl03,SFO,QB,21,9,7,84,165,875,1,11,30,103,3.43,0,0,0,0,,0,11,2,0,,,23,23.3,42.3,34.3,,51,
286,Vinny Testaverde\TestVi00,NYJ,QB,42,6,4,60,106,777,1,6,7,4,0.57,2,0,0,0,,0,7,6,2,,,23,23.5,38.5,29.5,,50,
287,Alvis Whitted\WhitAl00,OAK,WR,31,16,0,0,0,0,0,0,2,51,25.50,0,26,14,183,13.07,0,0,,0,,,23,37.4,40.4,30.4,,106,
288,David Patten\PattDa00,WAS,WR,31,9,7,0,0,0,0,0,0,0,,0,53,22,217,9.86,0,0,,0,,,22,43.7,46.7,32.7,,108,
289,Charlie Batch\BatcCh00,PIT,QB,31,4,2,23,36,246,1,1,11,30,2.73,1,0,0,0,,0,1,,1,,,21,20.8,21.8,21.8,,52,
290,Mark Bradley\BradMa00,CHI,WR,23,7,4,0,0,0,0,0,0,0,,0,36,18,230,12.78,0,1,1,0,,,21,39.0,43.0,30.0,,110,
291,Ernie Conwell\ConwEr00,NOR,TE,33,8,8,0,0,0,0,0,0,0,,0,29,13,165,12.69,1,1,1,1,,,21,33.5,37.5,27.0,,41,
292,Najeh Davenport\DaveNa00,GNB,RB,26,5,1,0,0,0,0,0,30,105,3.50,2,2,2,3,1.50,0,1,1,2,,,21,22.8,26.8,21.8,,90,
293,Rod Gardner\GardRo00,2TM,WR,28,13,1,0,0,0,0,0,0,0,,0,26,13,151,11.62,1,0,,1,,,21,34.1,37.1,27.6,,109,
294,Aaron Shea\SheaAa00,CLE,TE,29,12,4,0,0,0,0,0,0,0,,0,32,18,153,8.50,1,0,,1,,,21,39.3,42.3,30.3,,40,
295,Daniel Wilcox\WilcDa01,BAL,TE,28,13,3,0,0,0,0,0,0,0,,0,28,20,154,7.70,1,0,,1,,,21,41.4,44.4,31.4,,39,
296,James Thrash\ThraJa00,WAS,WR,30,12,2,0,0,0,0,0,1,8,8.00,0,30,14,194,13.86,0,1,,0,,,20,34.2,37.2,27.2,,111,
297,Eric Edwards\EdwaEr00,ARI,TE,25,16,9,0,0,0,0,0,0,0,,0,17,12,133,11.08,1,0,,1,,,19,31.3,34.3,25.3,,42,
298,Marc Edwards\EdwaMa00,CHI,RB,31,8,5,0,0,0,0,0,0,0,,0,13,10,66,6.60,2,0,,2,,,19,28.6,28.6,23.6,,91,
299,Chris Horn\HornCh00,KAN,WR,28,14,3,0,0,0,0,0,0,0,,0,31,18,187,10.39,0,0,,0,,,19,36.7,39.7,27.7,,112,
300,Robert Royal\RoyaRo00,WAS,TE,26,15,14,0,0,0,0,0,0,0,,0,35,18,131,7.28,1,0,,1,,,19,37.1,40.1,28.1,,43,
301,Peter Warrick\WarrPe00,SEA,WR,28,13,5,0,0,0,0,0,1,5,5.00,0,23,11,180,16.36,0,0,,0,,,19,29.5,32.5,24.0,,113,
302,Charlie Adams\AdamCh00,DEN,WR,26,16,2,0,0,0,0,0,5,14,2.80,0,36,21,203,9.67,0,4,2,0,,,18,38.7,43.7,28.2,,114,
303,Todd Bouman\BoumTo00,NOR,QB,33,16,3,68,122,722,2,7,8,15,1.88,0,0,0,0,,0,4,3,0,,,18,18.4,31.4,25.4,,53,
304,Kyle Brady\BradKy00,JAX,TE,33,16,14,0,0,0,0,0,0,0,,0,26,18,157,8.72,1,3,2,1,,,18,35.7,40.7,26.7,,45,
305,Christian Fauria\FaurCh00,NWE,TE,34,16,10,0,0,0,0,0,0,0,,0,17,8,57,7.13,2,0,,2,,,18,25.7,25.7,21.7,,46,
306,Tyson Thompson\ThomTy00,DAL,RB,24,15,0,0,0,0,0,0,46,182,3.96,0,4,3,16,5.33,0,2,1,0,,,18,20.8,24.8,19.3,,92,
307,Ben Utecht\UtecBe00,IND,TE,24,12,2,0,0,0,0,0,0,0,,0,12,3,59,19.67,2,0,,2,,,18,20.9,20.9,19.4,,44,
308,Tyrone Calico\CaliTy00,TEN,WR,25,12,6,0,0,0,0,0,0,0,,0,42,22,191,8.68,0,1,1,0,,,17,39.1,43.1,28.1,,115,
309,Bryan Gilmore\GilmBr00,MIA,WR,27,15,1,0,0,0,0,0,0,0,,0,20,5,105,21.00,1,0,,1,,,17,21.5,24.5,19.0,,116,
310,Jim Kleinsasser\KleiJi00,MIN,TE,28,16,16,0,0,0,0,0,0,0,,0,28,22,171,7.77,0,1,,0,,,17,39.1,42.1,28.1,,47,
311,Sammy Morris\MorrSa00,MIA,RB,28,16,2,0,0,0,0,0,16,58,3.63,1,12,8,54,6.75,0,0,,1,,,17,25.2,25.2,21.2,,93,
312,Marcellus Rivers\RiveMa00,HOU,TE,27,16,5,0,0,0,0,0,0,0,,0,35,24,168,7.00,0,0,,0,,,17,40.8,43.8,28.8,,48,
313,Drew Carter\CartDr00,CAR,WR,24,3,0,0,0,0,0,0,0,0,,0,15,5,103,20.60,1,0,,1,,,16,21.3,24.3,18.8,,119,
314,Daimon Shelton\ShelDa00,BUF,RB,33,16,11,0,0,0,0,0,1,0,0.00,0,21,13,98,7.54,1,1,,1,,,16,28.8,28.8,22.3,,94,
315,Edell Shepherd\ShepEd00,TAM,WR,25,16,0,0,0,0,0,0,0,0,,0,9,6,103,17.17,1,1,,1,,,16,22.3,25.3,19.3,,118,
316,Kelley Washington\WashKe00,CIN,WR,26,7,0,0,0,0,0,0,0,0,,0,19,10,101,10.10,1,0,,1,,,16,26.1,29.1,21.1,,120,
317,Randal Williams\WillRa01,OAK,WR,27,16,4,0,0,0,0,0,0,0,,0,26,13,164,12.62,0,0,,0,,,16,29.4,32.4,22.9,,117,
318,Matt Cassel\CassMa00,NWE,QB,23,2,0,13,24,183,2,1,6,12,2.00,0,0,0,0,,0,2,,0,,,15,14.5,15.5,15.5,,55,
319,Wayne Chrebet\ChreWa00,NYJ,WR,32,8,0,0,0,0,0,0,0,0,,0,23,15,153,10.20,0,0,,0,,,15,30.3,33.3,22.8,,121,
320,Todd Devoe\DevoTo00,DEN,WR,25,14,0,0,0,0,0,0,0,0,,0,14,9,87,9.67,1,0,,1,,,15,23.7,23.7,19.2,,125,
321,Ryan Hannam\HannRy00,SEA,TE,25,16,5,0,0,0,0,0,0,0,,0,21,13,89,6.85,1,0,,1,,,15,27.9,27.9,21.4,,51,
322,Reggie Kelly\KellRe00,CIN,TE,28,15,14,0,0,0,0,0,0,0,,0,18,15,90,6.00,1,1,,1,,,15,30.0,30.0,22.5,,50,
323,Charles Lee\LeexCh00,ARI,WR,28,6,0,0,0,0,0,0,0,0,,0,18,11,152,13.82,0,0,,0,,,15,26.2,29.2,20.7,,122,
324,Tommy Maddox\MaddTo00,PIT,QB,34,4,2,34,71,406,2,4,8,26,3.25,0,0,0,0,,0,2,2,0,,,15,14.8,23.8,18.8,,54,
325,Brandon Manumaleuna\ManuBr00,STL,TE,25,14,14,0,0,0,0,0,1,2,2.00,0,20,13,129,9.92,1,2,2,1,,,15,28.1,33.1,21.6,,49,
326,Tab Perry\PerrTa00,CIN,WR,23,16,0,0,0,0,0,0,3,9,3.00,1,5,4,21,5.25,1,1,,2,,,15,19.0,19.0,17.0,,124,
327,Tony Richardson\RichTo00,KAN,RB,34,16,16,0,0,0,0,0,6,20,3.33,0,16,9,68,7.56,1,0,,1,,,15,23.8,23.8,19.3,,95,
328,Jerheme Urban\UrbaJe00,SEA,WR,25,4,1,0,0,0,0,0,0,0,,0,10,7,151,21.57,0,0,,0,,,15,22.1,25.1,18.6,,123,
329,Marc Boerigter\BoerMa00,KAN,WR,27,10,0,0,0,0,0,0,0,0,,0,16,8,119,14.88,0,0,,0,1,,14,21.9,24.9,17.9,,126,
330,Mark Campbell\CampMa00,BUF,TE,30,14,10,0,0,0,0,0,0,0,,0,29,19,139,7.32,0,0,,0,,,14,32.9,35.9,23.4,,52,
331,Aveion Cason\CasoAv00,STL,RB,26,2,0,0,0,0,0,0,10,65,6.50,1,1,1,11,11.00,0,0,,1,,,14,14.6,14.6,14.1,,97,
332,Arlen Harris\HarrAr00,STL,RB,25,16,0,0,0,0,0,0,13,21,1.62,1,5,4,34,8.50,0,0,,1,1,,14,17.5,17.5,15.5,,99,
333,Lousaka Polite\PoliLo00,DAL,RB,24,14,3,0,0,0,0,0,2,8,4.00,0,14,9,72,8.00,1,0,,1,,,14,23.0,23.0,18.5,,96,
334,Derrick Ward\WardDe01,NYG,RB,25,14,0,0,0,0,0,0,35,123,3.51,0,5,2,13,6.50,0,0,,0,,,14,15.6,18.6,14.6,,98,
335,Mike Bartrum*\BartMi00,PHI,TE,35,16,0,0,0,0,0,0,0,0,,0,2,2,6,3.00,2,0,,2,,,13,14.6,14.6,13.6,,53,
336,Troy Fleming\FlemTr00,TEN,RB,25,13,2,0,0,0,0,0,0,0,,0,15,10,69,6.90,1,0,,1,,,13,22.9,22.9,17.9,,100,
337,Bethel Johnson\JohnBe00,NWE,WR,26,11,1,0,0,0,0,0,0,0,,0,6,4,67,16.75,1,1,,1,,,13,16.7,16.7,14.7,,128,
338,Kevin Johnson\JohnKe01,DET,WR,29,6,2,0,0,0,0,0,0,0,,0,31,17,133,7.82,0,0,,0,,,13,30.3,33.3,21.8,,127,
339,Jason McAddley\McAdJa00,SFO,WR,26,12,2,0,0,0,0,0,0,0,,0,15,7,125,17.86,0,0,,0,,,13,19.5,22.5,16.0,,129,
340,Terrelle Smith\SmitTe00,CLE,RB,27,16,15,0,0,0,0,0,6,9,1.50,0,16,12,58,4.83,1,0,,1,,,13,24.7,24.7,18.7,,101,
341,Derick Armstrong\ArmsDe00,HOU,WR,26,13,3,0,0,0,0,0,0,0,,0,12,9,115,12.78,0,0,,0,,,12,20.5,23.5,16.0,,131,
342,Dwayne Carswell\CarsDw00,DEN,TE,33,7,0,0,0,0,0,0,0,0,,0,2,2,3,1.50,2,0,,2,,,12,14.3,14.3,13.3,,54,
343,Jonathan Smith\SmitJo00,BUF,WR,24,7,1,0,0,0,0,0,1,1,1.00,0,7,5,56,11.20,1,1,,1,,,12,16.7,16.7,14.2,,130,
344,Anthony Becht\BechAn00,TAM,TE,28,16,16,0,0,0,0,0,0,0,,0,25,16,112,7.00,0,0,,0,,,11,27.2,30.2,19.2,,55,
345,Casey Fitzsimmons\FitzCa00,DET,TE,25,14,2,0,0,0,0,0,0,0,,0,17,10,45,4.50,1,0,,1,,,11,20.5,20.5,15.5,,56,
346,William Green\GreeWi01,CLE,RB,26,8,0,0,0,0,0,0,20,78,3.90,0,8,5,30,6.00,0,0,,0,,,11,15.8,15.8,13.3,,103,
347,Brad Hoover\HoovBr00,CAR,RB,29,15,15,0,0,0,0,0,10,22,2.20,0,21,14,87,6.21,0,0,,0,,,11,24.9,24.9,17.9,,102,
348,Peerless Price\PricPe00,DAL,WR,29,7,1,0,0,0,0,0,1,9,9.00,0,9,6,96,16.00,0,0,,0,,,11,16.5,16.5,13.5,,132,
349,Patrick Ramsey\RamsPa00,WAS,QB,26,4,1,15,25,279,1,1,7,3,0.43,0,0,0,0,,0,2,1,0,,,11,11.5,13.5,12.5,,56,
350,Anthony Thomas\ThomAn01,2TM,RB,28,10,2,0,0,0,0,0,43,92,2.14,0,8,4,13,3.25,0,0,,0,,,11,14.5,14.5,12.5,,104,
351,Bradlee Van Pelt\VanPBr00,DEN,QB,25,3,0,2,8,7,0,0,11,48,4.36,1,0,0,0,,0,0,,1,,,11,11.1,11.1,11.1,,57,
352,Dee Brown\BrowDe02,KAN,RB,27,8,0,0,0,0,0,0,7,21,3.00,0,3,3,23,7.67,1,0,,1,,,10,13.4,13.4,11.9,,105,
353,Jameel Cook\CookJa00,TAM,RB,26,16,0,0,0,0,0,0,0,0,,0,10,7,43,6.14,1,0,,1,,,10,17.3,17.3,13.8,,106,
354,Jim Finn\FinnJi00,NYG,RB,29,16,13,0,0,0,0,0,0,0,,0,24,13,98,7.54,0,1,,0,,,10,22.8,22.8,16.3,,110,
355,Quinn Gray\GrayQu00,JAX,QB,26,1,0,8,14,100,2,0,3,1,0.33,0,0,0,0,,0,1,1,0,,,10,10.1,11.1,10.1,,59,
356,Rex Grossman\GrosRe00,CHI,QB,25,2,1,20,39,259,1,2,0,0,,0,0,0,0,,0,0,,0,,,10,10.4,12.4,12.4,,58,
357,Terry Jackson\JackTe00,SFO,RB,29,16,0,0,0,0,0,0,2,11,5.50,0,18,10,67,6.70,0,0,,0,1,,10,19.8,19.8,14.8,,109,
358,Taylor Jacobs\JacoTa00,WAS,WR,24,15,3,0,0,0,0,0,0,0,,0,25,11,100,9.09,0,0,,0,,,10,21.0,24.0,15.5,,134,
359,Justin Peelle\PeelJu00,SDG,TE,26,16,4,0,0,0,0,0,0,0,,0,20,11,38,3.45,1,0,,1,,,10,20.8,20.8,15.3,,57,
360,Jamal Robertson\RobeJa00,CAR,RB,28,7,0,0,0,0,0,0,14,41,2.93,1,2,0,0,,0,1,,1,,,10,10.1,10.1,10.1,,108,
361,Bobby Wade\WadeBo00,2TM,WR,24,14,1,0,0,0,0,0,1,1,1.00,0,29,14,120,8.57,0,10,4,1,,,10,24.1,31.1,17.1,,133,
362,Jason Wright\WrigJa01,CLE,RB,23,3,0,0,0,0,0,0,11,27,2.45,1,3,3,15,5.00,0,0,,1,,,10,13.2,13.2,11.7,,107,
363,Dwayne Blakley\BlakDw00,ATL,TE,26,16,1,0,0,0,0,0,0,0,,0,7,4,30,7.50,1,0,,1,,,9,13.0,13.0,11.0,,59,
364,Ran Carthon\CartRa00,IND,RB,24,6,0,0,0,0,0,0,13,18,1.38,1,1,1,10,10.00,0,1,,1,,,9,9.8,9.8,9.3,,114,
365,Darnerien McCants\McCaDa00,PHI,WR,29,12,0,0,0,0,0,0,0,0,,0,9,5,87,17.40,0,0,,0,,,9,13.7,13.7,11.2,,136,
366,John Navarre\NavaJo00,ARI,QB,25,1,0,14,24,174,1,1,0,0,,0,0,0,0,,0,1,,0,,,9,9.0,10.0,10.0,,60,
367,Josh Parry\ParrJo00,PHI,RB,27,16,11,0,0,0,0,0,0,0,,0,16,13,89,6.85,0,0,,0,,,9,21.9,21.9,15.4,,113,
368,Cory Schlesinger\SchlCo00,DET,RB,33,11,8,0,0,0,0,0,1,1,1.00,0,14,8,31,3.88,1,0,,1,,,9,17.2,17.2,13.2,,111,
369,Visanthe Shiancoe\ShiaVi00,NYG,TE,25,16,5,0,0,0,0,0,0,0,,0,17,8,91,11.38,0,0,,0,,,9,17.1,17.1,13.1,,58,
370,David Tyree*\TyreDa00,NYG,WR,25,13,0,0,0,0,0,0,0,0,,0,9,5,52,10.40,1,1,1,1,,,9,14.2,15.2,11.7,,135,
371,Leonard Weaver\WeavLe00,SEA,RB,23,16,0,0,0,0,0,0,17,80,4.71,0,3,1,12,12.00,0,0,,0,,,9,10.2,10.2,9.7,,112,
372,Dez White\WhitDe00,ATL,WR,26,6,3,0,0,0,0,0,0,0,,0,10,2,25,12.50,1,0,,1,,,9,10.5,10.5,9.5,,137,
373,David Boston\BostDa00,MIA,WR,27,5,0,0,0,0,0,0,0,0,,0,10,4,80,20.00,0,0,,0,,,8,12.0,12.0,10.0,,138,
374,Joe Burns\BurnJo00,BUF,RB,26,16,0,0,0,0,0,0,0,0,,0,1,1,19,19.00,1,0,,1,,,8,8.9,8.9,8.4,,115,
375,Dan Campbell\CampDa00,DAL,TE,29,16,12,0,0,0,0,0,0,0,,0,7,3,24,8.00,1,0,,1,,,8,11.4,11.4,9.9,,60,
376,Cam Cleeland\CleeCa00,STL,TE,30,9,3,0,0,0,0,0,0,0,,0,6,5,17,3.40,1,0,,1,,,8,12.7,12.7,10.2,,62,
377,Wesley Duke\DukeWe00,DEN,TE,24,3,0,0,0,0,0,0,0,0,,0,4,2,22,11.00,1,0,,1,,,8,10.2,10.2,9.2,,61,
378,Jay Fiedler\FiedJa00,NYJ,QB,34,2,0,8,13,107,1,0,1,0,0.00,0,0,0,0,,0,1,,0,,,8,8.3,8.3,8.3,,62,
379,Terry Jones\JoneTe00,2TM,TE,26,8,5,0,0,0,0,0,0,0,,0,15,9,76,8.44,0,0,,0,,,8,16.6,16.6,12.1,,63,
380,Aaron Moorehead\MoorAa00,IND,WR,25,2,0,0,0,0,0,0,0,0,,0,11,7,75,10.71,0,0,,0,,,8,14.5,14.5,11.0,,139,
381,Seneca Wallace\WallSe00,SEA,QB,25,7,0,13,25,173,1,1,6,-5,-0.83,0,0,0,0,,0,2,,0,,,8,8.4,9.4,9.4,,61,
382,B.J. Askew\AskeB.00,NYJ,RB,25,10,1,0,0,0,0,0,13,59,4.54,0,1,1,11,11.00,0,0,,0,,,7,8.0,8.0,7.5,,119,
383,Tony Banks\BankTo00,HOU,QB,32,2,0,14,25,173,1,2,2,-2,-1.00,0,0,0,0,,0,0,,0,,,7,6.7,8.7,8.7,,63,
384,Derrick Blaylock\BlayDe00,NYJ,RB,26,7,1,0,0,0,0,0,17,53,3.12,0,4,3,17,5.67,0,0,,0,,,7,10.0,10.0,8.5,,120,
385,Madison Hedgecock\HedgMa00,STL,RB,24,16,7,0,0,0,0,0,1,0,0.00,0,11,9,69,7.67,0,0,,0,,,7,15.9,15.9,11.4,,121,
386,Mike Karney\KarnMi00,NOR,RB,24,16,14,0,0,0,0,0,6,12,2.00,0,13,10,61,6.10,0,0,,0,,,7,17.3,17.3,12.3,,117,
387,Bruce Perry\PerrBr01,PHI,RB,24,2,1,0,0,0,0,0,16,74,4.63,0,2,0,0,,0,0,,0,,,7,7.4,7.4,7.4,,116,
388,Andrae Thurman\ThurAn00,2TM,WR,25,15,1,0,0,0,0,0,0,0,,0,14,7,92,13.14,0,1,1,0,,,7,14.2,15.2,10.7,,140,
389,Moe Williams\WillMo00,MIN,RB,31,6,1,0,0,0,0,0,13,20,1.54,0,14,8,52,6.50,0,1,,0,,,7,15.2,15.2,11.2,,118,
390,Sam Aiken\AikeSa00,BUF,WR,25,16,2,0,0,0,0,0,0,0,,0,13,4,57,14.25,0,0,,0,,,6,9.7,9.7,7.7,,144,
391,Jeff Blake\BlakJe00,CHI,QB,35,2,0,8,9,55,1,0,1,-1,-1.00,0,0,0,0,,0,0,,0,,,6,6.1,6.1,6.1,,64,
392,Mike Cloud\ClouMi00,2TM,RB,30,7,0,0,0,0,0,0,24,59,2.46,0,2,0,0,,0,0,,0,,,6,5.9,5.9,5.9,,125,
393,Darnell Dinkins\DinkDa00,BAL,TE,28,16,4,0,0,0,0,0,0,0,,0,13,6,55,9.17,0,0,,0,,,6,11.5,11.5,8.5,,68,
394,John Gilmore\GilmJo00,CHI,TE,26,16,0,0,0,0,0,0,0,0,,0,4,1,1,1.00,1,0,,1,,,6,7.1,7.1,6.6,,65,
395,Earnest Graham\GrahEa00,TAM,RB,25,16,0,0,0,0,0,0,28,83,2.96,0,1,0,0,,0,1,1,0,,,6,6.3,7.3,6.3,,124,
396,Justin Green\GreeJu00,BAL,RB,23,12,4,0,0,0,0,0,5,4,0.80,0,8,7,32,4.57,0,0,,0,1,,6,12.6,12.6,9.1,,126,
397,Will Heller\HellWi00,MIA,TE,24,7,0,0,0,0,0,0,0,0,,0,2,1,1,1.00,1,0,,1,,,6,7.1,7.1,6.6,,66,
398,Vincent Jackson\JackVi00,SDG,WR,22,8,0,0,0,0,0,0,0,0,,0,8,3,59,19.67,0,0,,0,,,6,8.9,8.9,7.4,,142,
399,Dan Kreider\KreiDa00,PIT,RB,28,16,8,0,0,0,0,0,3,21,7.00,0,11,7,43,6.14,0,0,,0,,,6,13.4,13.4,9.9,,123,
400,Chad Lewis\LewiCh00,PHI,TE,34,8,0,0,0,0,0,0,0,0,,0,9,5,64,12.80,0,0,,0,,,6,11.4,11.4,8.9,,64,
401,Clarence Moore\MoorCl00,BAL,WR,23,4,1,0,0,0,0,0,0,0,,0,19,3,59,19.67,0,0,,0,,,6,8.9,8.9,7.4,,143,
402,Moran Norris\NorrMo00,HOU,RB,27,16,5,0,0,0,0,0,0,0,,0,1,1,4,4.00,1,0,,1,,,6,7.4,7.4,6.9,,122,
403,Cody Pickett\PickCo00,SFO,QB,25,5,2,14,35,140,0,2,13,42,3.23,0,0,0,0,,0,3,,0,,,6,5.8,7.8,7.8,,66,
404,Nate Poole\PoolNa01,NOR,WR,28,7,0,0,0,0,0,0,0,0,,0,4,3,63,21.00,0,0,,0,,,6,9.3,9.3,7.8,,141,
405,Jerame Tuman\TumaJe00,PIT,TE,29,15,9,0,0,0,0,0,0,0,,0,4,3,57,19.00,0,0,,0,,,6,8.7,8.7,7.2,,67,
406,Chris Weinke\WeinCh00,CAR,QB,33,3,0,7,13,64,1,0,8,-5,-0.63,0,0,0,0,,0,0,,0,,,6,6.1,6.1,6.1,,65,
407,Billy Bajema\BajeBi00,SFO,TE,23,15,7,0,0,0,0,0,0,0,,0,10,5,54,10.80,0,0,,0,,,5,10.4,10.4,7.9,,70,
408,Lorenzo Diamond\DiamLo00,MIA,TE,26,16,7,0,0,0,0,0,0,0,,0,12,8,54,6.75,0,0,,0,,,5,13.4,13.4,9.4,,69,
409,Jason Dunn\DunnJa00,KAN,TE,32,16,1,0,0,0,0,0,0,0,,0,9,5,53,10.60,0,0,,0,,,5,10.3,10.3,7.8,,71,
410,Brian Jones\JoneBr01,JAX,TE,24,13,1,0,0,0,0,0,0,0,,0,6,3,49,16.33,0,0,,0,,,5,7.9,7.9,6.4,,72,
411,Matt Mauck\MaucMa00,TEN,QB,26,2,1,15,27,136,0,1,7,39,5.57,0,0,0,0,,0,1,1,0,,,5,5.3,7.3,6.3,,67,
412,Damien Nash\NashDa00,TEN,RB,23,3,0,0,0,0,0,0,6,32,5.33,0,3,3,14,4.67,0,0,,0,,,5,7.6,7.6,6.1,,127,
413,Reggie Newhouse\NewhRe00,ARI,WR,24,3,1,0,0,0,0,0,0,0,,0,10,4,45,11.25,0,0,,0,,,5,8.5,8.5,6.5,,145,
414,Paul Smith\SmitPa00,DET,RB,27,12,5,0,0,0,0,0,4,16,4.00,0,12,6,49,8.17,0,1,1,0,,,5,10.5,11.5,7.5,,128,
415,Otis Amey\AmeyFr00,SFO,,24,11,0,0,0,0,0,0,0,0,,0,4,0,0,,0,1,1,1,,,4,4.0,5.0,4.0,,147,
416,Joel Dreessen\DreeJo00,NYJ,TE,23,14,0,0,0,0,0,0,0,0,,0,10,5,41,8.20,0,0,,0,,,4,9.1,9.1,6.6,,74,
417,Justin Fargas\FargJu00,OAK,RB,25,14,0,0,0,0,0,0,5,28,5.60,0,5,1,9,9.00,0,0,,0,,,4,4.7,4.7,4.2,,134,
418,J.P. Foschi\FoscJo00,OAK,RB,23,10,5,0,0,0,0,0,0,0,,0,11,6,37,6.17,0,0,,0,,,4,9.7,9.7,6.7,,135,
419,Lamont Hall\HallLa00,NOR,TE,31,16,5,0,0,0,0,0,0,0,,0,7,6,36,6.00,0,0,,0,,,4,9.6,9.6,6.6,,75,
420,James Jackson\JackJa00,ARI,RB,29,8,0,0,0,0,0,0,4,11,2.75,0,4,2,31,15.50,0,0,,0,,,4,6.2,6.2,5.2,,130,
421,Jason McKie\McKiJa00,CHI,RB,25,8,2,0,0,0,0,0,3,22,7.33,0,4,4,15,3.75,0,0,,0,,,4,7.7,7.7,5.7,,136,
422,Donovan Morgan\MorgDo00,HOU,WR,23,3,0,0,0,0,0,0,0,0,,0,9,4,42,10.50,0,0,,0,,,4,8.2,8.2,6.2,,146,
423,James Mungro\MungJa00,IND,RB,27,12,0,0,0,0,0,0,7,15,2.14,0,3,3,28,9.33,0,0,,0,,,4,7.3,7.3,5.8,,129,
424,Terrence Murphy\MurpTe00,GNB,WR,23,3,0,0,0,0,0,0,0,0,,0,11,5,36,7.20,0,0,,0,,,4,8.6,8.6,6.1,,148,
425,Cecil Sapp\SappCe00,DEN,RB,27,16,0,0,0,0,0,0,5,21,4.20,0,2,2,17,8.50,0,0,,0,,,4,5.8,5.8,4.8,,133,
426,Stephen Spach\SpacSt00,PHI,TE,23,13,1,0,0,0,0,0,0,0,,0,12,7,42,6.00,0,0,,0,,,4,11.2,11.2,7.7,,73,
427,Lee Suggs\SuggLe00,CLE,RB,25,8,0,0,0,0,0,0,8,15,1.88,0,8,6,26,4.33,0,0,,0,,,4,10.1,10.1,7.1,,131,
428,Kris Wilson\WilsKr00,KAN,RB,24,14,1,0,0,0,0,0,1,6,6.00,0,5,3,33,11.00,0,0,,0,,,4,6.9,6.9,5.4,,132,
429,Bam Childress\ChilBr00,NWE,WR,23,1,0,0,0,0,0,0,0,0,,0,4,3,32,10.67,0,0,,0,,,3,6.2,6.2,4.7,,149,
430,Chris Hetherington\HethCh00,SFO,RB,33,16,6,0,0,0,0,0,1,3,3.00,0,9,5,26,5.20,0,0,,0,,,3,7.9,7.9,5.4,,137,
431,Patrick Johnson\JohnPa00,BAL,WR,29,6,0,0,0,0,0,0,0,0,,0,5,2,31,15.50,0,0,,0,,,3,5.1,5.1,4.1,,150,
432,Teyo Johnson\JohnTe00,ARI,TE,24,6,3,0,0,0,0,0,0,0,,0,3,3,29,9.67,0,0,,0,,,3,5.9,5.9,4.4,,76,
433,Brian Kozlowski\KozlBr00,WAS,TE,35,16,0,0,0,0,0,0,0,0,,0,3,2,26,13.00,0,0,,0,,,3,4.6,4.6,3.6,,80,
434,Matt Murphy\MurpMa00,HOU,TE,25,9,2,0,0,0,0,0,0,0,,0,4,2,26,13.00,0,0,,0,,,3,4.6,4.6,3.6,,78,
435,Kassim Osgood\OsgoKa00,SDG,WR,25,12,3,0,0,0,0,0,1,4,4.00,0,5,2,21,10.50,0,0,,0,,,3,4.5,4.5,3.5,,153,
436,Dante Ridgeway\RidgDa00,NYJ,WR,21,8,0,0,0,0,0,0,0,0,,0,3,2,26,13.00,0,0,,0,,,3,4.6,4.6,3.6,,152,
437,Philip Rivers\RivePh00,SDG,QB,24,2,0,12,22,115,0,1,1,-1,-1.00,0,0,0,0,,0,2,,0,,,3,2.5,3.5,3.5,,69,
438,Jeff Robinson\RobiJe00,STL,TE,35,5,1,0,0,0,0,0,0,0,,0,3,1,28,28.00,0,0,,0,,,3,3.8,3.8,3.3,,77,
439,Tony Stewart\StewTo00,CIN,TE,26,14,3,0,0,0,0,0,0,0,,0,6,4,26,6.50,0,0,,0,,,3,6.6,6.6,4.6,,79,
440,Marques Tuiasosopo\TuiaMa00,OAK,QB,26,1,1,14,26,124,1,2,2,19,9.50,0,0,0,0,,0,2,2,0,,,3,2.9,6.9,4.9,,68,
441,Javon Walker\WalkJa00,GNB,WR,27,1,1,0,0,0,0,0,0,0,,0,5,4,27,6.75,0,0,,0,,,3,6.7,6.7,4.7,,151,
442,Mark Bruener\BrueMa00,HOU,TE,33,16,15,0,0,0,0,0,0,0,,0,4,2,22,11.00,0,0,,0,,,2,4.2,4.2,3.2,,81,
443,Steve Bush\BushSt00,SFO,TE,31,15,2,0,0,0,0,0,0,0,,0,4,3,21,7.00,0,0,,0,,,2,5.1,5.1,3.6,,82,
444,Ronnie Cruz\CruzRo00,KAN,RB,24,14,0,0,0,0,0,0,0,0,,0,1,1,15,15.00,0,0,,0,,,2,2.5,2.5,2.0,,145,
445,Troy Edwards\EdwaTr00,DET,WR,28,3,0,0,0,0,0,0,0,0,,0,2,2,15,7.50,0,0,,0,,,2,3.5,3.5,2.5,,157,
446,Tim Euhus\EuhuTi00,BUF,TE,25,11,3,0,0,0,0,0,0,0,,0,5,3,17,5.67,0,0,,0,,,2,4.7,4.7,3.2,,86,
447,Jimmy Farris\FarrJi00,WAS,WR,27,4,0,0,0,0,0,0,0,0,,0,2,1,18,18.00,0,0,,0,,,2,2.8,2.8,2.3,,156,
448,Cortez Hankton\HankCo00,JAX,WR,24,6,0,0,0,0,0,0,0,0,,0,6,3,15,5.00,0,0,,0,,,2,4.5,4.5,3.0,,158,
449,Paul Irons\IronPa00,CLE,TE,22,2,1,0,0,0,0,0,0,0,,0,2,2,16,8.00,0,0,,0,,,2,3.6,3.6,2.6,,87,
450,Bryan Johnson\JohnBr01,CHI,RB,27,7,6,0,0,0,0,0,1,5,5.00,0,5,5,15,3.00,0,0,,0,,,2,7.0,7.0,4.5,,138,
451,Vonta Leach\LeacVo00,GNB,RB,24,16,5,0,0,0,0,0,0,0,,0,10,5,19,3.80,0,0,,0,,,2,6.9,6.9,4.4,,140,
452,Travis Minor\MinoTr00,MIA,RB,26,16,0,0,0,0,0,0,5,17,3.40,0,1,1,0,0.00,0,0,,0,,,2,2.7,2.7,2.2,,144,
453,Richard Owens\OwenRi00,MIN,TE,25,16,2,0,0,0,0,0,0,0,,0,2,2,18,9.00,0,0,,0,,,2,3.8,3.8,2.8,,85,
454,Jerome Pathon\PathJe00,ATL,WR,30,9,0,0,0,0,0,0,0,0,,0,3,1,18,18.00,0,0,,0,,,2,2.8,2.8,2.3,,155,
455,Brett Pierce\PierBr00,DAL,TE,24,10,1,0,0,0,0,0,0,0,,0,3,2,15,7.50,0,0,,0,,,2,3.5,3.5,2.5,,88,
456,Gabe Reid\ReidGa00,CHI,TE,28,16,3,0,0,0,0,0,0,0,,0,6,3,20,6.67,0,0,,0,,,2,5.0,5.0,3.5,,84,
457,Alan Ricard\RicaAl00,BAL,RB,28,2,2,0,0,0,0,0,0,0,,0,3,2,18,9.00,0,0,,0,,,2,3.8,3.8,2.8,,142,
458,Kordell Stewart\StewKo00,BAL,QB,33,1,0,0,0,0,0,0,4,24,6.00,0,1,0,0,,0,0,,0,,,2,2.4,2.4,2.4,,70,
459,Darius Watts\WattDa00,DEN,WR,24,6,0,0,0,0,0,0,0,0,,0,4,2,22,11.00,0,0,,0,,,2,4.2,4.2,3.2,,154,
460,Jamel White\WhitJa00,BAL,RB,28,5,0,0,0,0,0,0,6,17,2.83,0,1,0,0,,0,0,,0,,,2,1.7,1.7,1.7,,143,
461,Roland Williams\WillRo01,STL,TE,30,4,3,0,0,0,0,0,0,0,,0,3,3,21,7.00,0,0,,0,,,2,5.1,5.1,3.6,,83,
462,Walter Williams\WillWa02,GNB,RB,28,2,0,0,0,0,0,0,0,0,,0,2,1,19,19.00,0,0,,0,,,2,2.9,2.9,2.4,,141,
463,Amos Zereoue\ZereAm00,NWE,RB,29,3,0,0,0,0,0,0,7,14,2.00,0,1,1,5,5.00,0,0,,0,,,2,2.9,2.9,2.4,,139,
464,Damien Anderson\AndeDa00,ARI,RB,26,5,0,0,0,0,0,0,2,7,3.50,0,0,0,0,,0,0,,0,,,1,0.7,0.7,0.7,,148,
465,Richard Angulo\AnguRi00,MIN,TE,25,2,0,0,0,0,0,0,0,0,,0,1,1,11,11.00,0,0,,0,,,1,2.1,2.1,1.6,,91,
466,Fred Beasley\BeasFr00,SFO,RB,31,9,7,0,0,0,0,0,0,0,,0,3,2,12,6.00,0,0,,0,,,1,3.2,3.2,2.2,,146,
467,Eddie Berlin\BerlEd00,CHI,WR,27,5,0,0,0,0,0,0,0,0,,0,4,2,9,4.50,0,0,,0,,,1,2.9,2.9,1.9,,162,
468,Terrance Copper\CoppTe00,DAL,WR,23,16,0,0,0,0,0,0,0,0,,0,4,1,5,5.00,0,0,,0,,,1,1.5,1.5,1.0,,164,
469,Ronald Curry\CurrRo01,OAK,WR,26,2,0,0,0,0,0,0,0,0,,0,2,2,12,6.00,0,0,,0,,,1,3.2,3.2,2.2,,160,
470,Gregg Guenther\GuenGr00,TEN,TE,23,5,0,0,0,0,0,0,0,0,,0,3,2,13,6.50,0,0,,0,,,1,3.3,3.3,2.3,,90,
471,Ben Hartsock\HartBe00,IND,TE,25,7,0,0,0,0,0,0,0,0,,0,2,2,8,4.00,0,0,,0,,,1,2.8,2.8,1.8,,93,
472,Robert Johnson\JohnRo04,WAS,TE,25,2,0,0,0,0,0,0,0,0,,0,2,1,14,14.00,0,0,,0,,,1,2.4,2.4,1.9,,89,
473,Kliff Kingsbury\KingKl00,NYJ,QB,26,1,0,1,2,17,0,0,0,0,,0,0,0,0,,0,0,,0,,,1,0.7,0.7,0.7,,72,
474,Jon Kitna\KitnJo00,CIN,QB,33,3,0,17,29,99,0,2,2,14,7.00,0,0,0,0,,0,0,,0,,,1,1.4,3.4,3.4,,71,
475,Matt Kranchick\KranMa00,2TM,TE,26,6,1,0,0,0,0,0,0,0,,0,1,1,6,6.00,0,0,,0,,,1,1.6,1.6,1.1,,95,
476,Glenn Martinez\MartGl00,DET,WR,24,5,0,0,0,0,0,0,0,0,,0,7,1,11,11.00,0,0,,0,,,1,2.1,2.1,1.6,,161,
477,Fred McCrary\McCrFr00,ATL,RB,33,15,0,0,0,0,0,0,0,0,,0,3,3,12,4.00,0,0,,0,,,1,4.2,4.2,2.7,,147,
478,Dave Moore\MoorDa00,TAM,TE,36,16,1,0,0,0,0,0,0,0,,0,1,1,5,5.00,0,0,,0,,,1,1.5,1.5,1.0,,96,
479,Ryan Neufeld\NeufRy00,BUF,TE,30,13,0,0,0,0,0,0,0,0,,0,4,1,9,9.00,0,0,,0,,,1,1.9,1.9,1.4,,92,
480,Dan Orlovsky\OrloDa00,DET,QB,22,2,0,7,17,63,0,0,0,0,,0,0,0,0,,0,1,1,0,,,1,0.5,1.5,0.5,,73,
481,O.J. Small\SmalO.00,TEN,WR,23,2,0,0,0,0,0,0,0,0,,0,1,1,6,6.00,0,0,,0,,,1,1.6,1.6,1.1,,163,
482,Rod Smart\SmarRo00,CAR,RB,28,12,0,0,0,0,0,0,3,6,2.00,0,0,0,0,,0,1,,0,,,1,0.6,0.6,0.6,,149,
483,Musa Smith\SmitMu00,BAL,RB,23,1,0,0,0,0,0,0,0,0,,0,3,3,5,1.67,0,0,,0,,,1,3.5,3.5,2.0,,150,
484,Trent Smith\SmitTr01,SFO,TE,26,5,2,0,0,0,0,0,0,0,,0,8,3,7,2.33,0,0,,0,,,1,3.7,3.7,2.2,,94,
485,Dominique Thompson\ThomDo01,STL,WR,23,2,0,0,0,0,0,0,0,0,,0,2,1,13,13.00,0,0,,0,,,1,2.3,2.3,1.8,,159,
486,Rich Alexis\AlexRi00,JAX,,24,2,0,0,0,0,0,0,0,0,,0,0,0,0,,0,0,,0,,,,,,,,159,
487,David Allen\AlleDa00,STL,,27,4,0,0,0,0,0,0,0,0,,0,0,0,0,,0,1,,0,,,,,,,,163,
488,Jason Anderson\AndeJa02,HOU,,25,1,0,0,0,0,0,0,0,0,,0,0,0,0,,0,0,,0,,,,,,,,164,
489,Alex Bannister\BannAl00,SEA,,26,2,0,0,0,0,0,0,0,0,,0,1,0,0,,0,0,,0,,,,,,,,185,
490,Darian Barnes\BarnDa00,MIA,,25,9,6,0,0,0,0,0,0,0,,0,4,0,0,,0,0,,0,,,,,,,,4,
491,Jarrod Baxter\BaxtJa00,ARI,RB,26,8,2,0,0,0,0,0,0,0,,0,3,1,4,4.00,0,0,,0,,,,1.4,1.4,0.9,,152,
492,Sean Berton\BertSe00,NYG,TE,26,14,0,0,0,0,0,0,0,0,,0,1,1,3,3.00,0,0,,0,,,,1.3,1.3,0.8,,97,
493,John Bronson\BronJo00,ARI,,23,1,0,0,0,0,0,0,0,0,,0,,0,0,,0,0,,0,,,,,,,,116,
494,Nehemiah Broughton\BrouNe00,WAS,RB,23,4,0,0,0,0,0,0,1,3,3.00,0,0,0,0,,0,0,,0,,,,0.3,0.3,0.3,,153,
495,Romby Bryant\BryaRo00,ATL,,26,3,0,0,0,0,0,0,0,0,,0,0,0,0,,0,0,,0,,,,,,,,176,
496,Terry Butler\ButlTe20,NYJ,,23,1,0,0,0,0,0,0,0,0,,0,0,0,0,,0,0,,0,,,,,,,,161,
497,Kory Chapman\ChapKo00,IND,,25,3,0,0,0,0,0,0,0,0,,0,,0,0,,0,0,,0,,,,,,,,162,
498,Brad Cieslak\CiesBr00,BUF,,23,2,0,0,0,0,0,0,0,0,,0,,0,0,,0,0,,0,,,,,,,,104,
499,DeAndra Cobb\CobbDe00,ATL,,24,3,0,0,0,0,0,0,0,0,,0,0,0,0,,0,0,,0,,,,,,,,157,
500,Jerome Collins\CollJe00,STL,,23,3,0,0,0,0,0,0,0,0,,0,,0,0,,0,0,,0,,,,,,,,121,
501,Todd Collins\CollTo00,KAN,QB,34,1,0,0,0,0,0,0,2,-2,-1.00,0,0,0,0,,0,0,,0,,,,-0.2,-0.2,-0.2,,77,
502,Casey Cramer\CramCa00,CAR,,23,1,0,0,0,0,0,0,0,0,,0,,0,0,,0,0,,0,,,,,,,,158,
503,Devard Darling\DarlDe00,BAL,,23,10,0,0,0,0,0,0,0,0,,0,0,0,0,,0,0,,0,,,,,,,,187,
504,James Dearth\DearJa00,NYJ,,29,16,0,0,0,0,0,0,0,0,,0,,0,0,,0,0,,0,,,,,,,,119,
505,Koy Detmer\DetmKo00,PHI,QB,32,16,0,32,56,238,0,3,1,1,1.00,0,0,0,0,,0,2,2,0,,,,-0.4,4.6,2.6,,80,
506,Kevin Dudley\DudlKe00,ATL,,23,1,0,0,0,0,0,0,0,0,,0,,0,0,,0,0,,0,,,,,,,,156,
507,Jeff Dugan\DugaJe00,MIN,,24,1,0,0,0,0,0,0,0,0,,0,,0,0,,0,0,,0,,,,,,,,101,
508,Omar Easy\EasyOm00,OAK,,28,16,0,0,0,0,0,0,0,0,,0,0,0,0,,0,0,,0,,,,,,,,5,
509,Adimchinobe Echemandu\EcheAd00,MIN,,25,2,0,0,0,0,0,0,0,0,,0,0,0,0,,0,0,,0,,,,,,,,154,
510,Patrick Estes\EstePa00,SFO,,22,7,0,0,0,0,0,0,0,0,,0,0,0,0,,0,0,,0,,,,,,,,107,
511,Zeron Flemister\FlemZe00,OAK,,29,12,3,0,0,0,0,0,0,0,,0,2,0,0,,0,0,,0,,,,,,,,117,
512,Doug Flutie\FlutDo00,NWE,QB,43,5,0,5,10,29,0,0,5,-1,-0.20,0,0,0,0,,0,2,1,0,,,,0.1,0.1,0.1,,74,
513,Carl Ford\FordCa00,CHI,,25,10,0,0,0,0,0,0,0,0,,0,0,0,0,,0,0,,0,,,,,,,,168,
514,Karl Hankton\HankKa00,CAR,,35,16,0,0,0,0,0,0,0,0,,0,1,0,0,,0,0,,0,,,,,,,,184,
515,Tim Hasselbeck\HassTi00,NYG,QB,27,2,0,0,0,0,0,0,2,-3,-1.50,0,0,0,0,,0,0,,0,,,,-0.3,-0.3,-0.3,,79,
516,Shaun Hill\HillSh00,MIN,QB,25,1,0,0,0,0,0,0,2,-2,-1.00,0,0,0,0,,0,0,,0,,,,-0.2,-0.2,-0.2,,78,
517,Nathan Hodel\HodeNa20,ARI,,28,16,0,0,0,0,0,0,0,0,,0,,0,0,,0,0,,0,,,,,,,,99,
518,James Hodgins\HodgJa00,ARI,,28,1,0,0,0,0,0,0,0,0,,0,,0,0,,0,0,,0,,,,,,,,3,
519,Carlyle Holiday\HoliCa00,ARI,,24,1,0,0,0,0,0,0,0,0,,0,,0,0,,0,0,,0,,,,,,,,171,
520,Tony Hollings\HollTo00,HOU,,24,2,0,0,0,0,0,0,0,0,,0,0,0,0,,0,0,,0,,,,,,,,160,
521,Alex Holmes\HolmAl00,MIA,TE,24,8,0,0,0,0,0,0,0,0,,0,1,1,2,2.00,0,0,,0,,,,1.2,1.2,0.7,,98,
522,Keenan Howry\HowrKe00,MIN,,24,4,0,0,0,0,0,0,0,0,,0,0,0,0,,0,0,,0,,,,,,,,179,
523,Tory Humphrey\HumpTo00,GNB,,22,1,0,0,0,0,0,0,0,0,,0,1,0,0,,0,0,,0,,,,,,,,100,
524,Nate Jackson\JackNa00,DEN,,26,2,0,0,0,0,0,0,0,0,,0,1,0,0,,0,0,,0,,,,,,,,186,
525,Brian Jennings\JennBr00,SFO,,29,16,0,0,0,0,0,0,0,0,,0,1,0,0,,0,0,,0,,,,,,,,106,
526,Jamal Jones\JoneJa02,GNB,,24,2,0,0,0,0,0,0,0,0,,0,1,0,0,,0,1,,0,,,,,,,,165,
527,Ryan Krause\KrauRy00,SDG,,24,3,0,0,0,0,0,0,0,0,,0,,0,0,,0,0,,0,,,,,,,,115,
528,Nate Lawrie\LawrNa00,TAM,,24,6,0,0,0,0,0,0,0,0,,0,0,0,0,,0,0,,0,,,,,,,,122,
529,Luke Lawton\LawtLu00,NYJ,,25,4,0,0,0,0,0,0,0,0,,0,,0,0,,0,0,,0,,,,,,,,155,
530,Mike Leach\LeacMi00,DEN,,29,16,0,0,0,0,0,0,0,0,,0,,0,0,,0,0,,0,,,,,,,,114,
531,Chad Lucas\LucaCh00,GNB,,24,1,0,0,0,0,0,0,0,0,,0,,0,0,,0,0,,0,,,,,,,,181,
532,Marcus Maxwell\MaxwMa00,SFO,,22,4,0,0,0,0,0,0,0,0,,0,,0,0,,0,0,,0,,,,,,,,170,
533,Shad Meier\MeieSh00,NOR,,27,1,0,0,0,0,0,0,0,0,,0,1,0,0,,0,0,,0,,,,,,,,110,
534,Itula Mili\MiliIt00,SEA,,32,2,0,0,0,0,0,0,0,0,,0,2,0,0,,0,0,,0,,,,,,,,120,
535,Billy Miller\MillBi00,CLE,,28,3,1,0,0,0,0,0,0,0,,0,1,0,0,,0,0,,0,,,,,,,,112,
536,Johnnie Morant\MoraJo00,OAK,,24,1,0,0,0,0,0,0,0,0,,0,,0,0,,0,0,,0,,,,,,,,172,
537,Sean Morey\MoreSe00,PIT,,29,15,0,0,0,0,0,0,0,0,,0,0,0,0,,0,0,,0,,,,,,,,169,
538,Harold Morrow\MorrHa00,ARI,,32,14,0,0,0,0,0,0,0,0,,0,0,0,0,,0,0,,0,,,,,,,,2,
539,Chad Owens\OwenCh00,JAX,,23,1,0,0,0,0,0,0,0,0,,0,1,0,0,,0,2,,0,,,,,,,,174,
540,Rich Parson\ParsRi20,WAS,,25,1,0,0,0,0,0,0,0,0,,0,0,0,0,,0,0,,0,,,,,,,,180,
541,Ed Perry\PerrEd00,KAN,,31,6,0,0,0,0,0,0,0,0,,0,,0,0,,0,0,,0,,,,,,,,108,
542,Andrew Pinnock\PinnAn00,SDG,RB,25,12,0,0,0,0,0,0,1,4,4.00,0,0,0,0,,0,0,,0,,,,0.4,0.4,0.4,,151,
543,Derek Rackley\RackDe00,ATL,,28,16,0,0,0,0,0,0,0,0,,0,,0,0,,0,0,,0,,,,,,,,118,
544,Tony Romo\RomoTo00,DAL,QB,25,16,0,0,0,0,0,0,2,-2,-1.00,0,0,0,0,,0,0,,0,,,,-0.2,-0.2,-0.2,,76,
545,Cliff Russell\RussCl00,MIA,,26,2,0,0,0,0,0,0,0,0,,0,,0,0,,0,0,,0,,,,,,,,175,
546,Sean Ryan\RyanSe00,DAL,,25,3,1,0,0,0,0,0,0,0,,0,,0,0,,0,0,,0,,,,,,,,103,
547,Mike Seidman\SeidMi00,CAR,,24,12,1,0,0,0,0,0,0,0,,0,4,0,0,,0,1,,0,,,,,,,,105,
548,Justin Snow\SnowJu00,IND,,29,16,0,0,0,0,0,0,0,0,,0,1,0,0,,0,0,,0,,,,,,,,102,
549,Ben Steele\SteeBe00,GNB,,27,2,0,0,0,0,0,0,0,0,,0,,0,0,,0,0,,0,,,,,,,,109,
550,Brad St. Louis\StLoBr00,CIN,,29,16,0,0,0,0,0,0,0,0,,0,0,0,0,,0,0,,0,,,,,,,,111,
551,Jamaar Taylor\TaylJa00,NYG,,24,5,0,0,0,0,0,0,0,0,,0,1,0,0,,0,0,,0,,,,,,,,173,
552,David Terrell\TerrDa00,DEN,,26,1,0,0,0,0,0,0,0,0,,0,1,0,0,,0,0,,0,,,,,,,,167,
553,Sloan Thomas\ThomSl00,TEN,,24,1,0,0,0,0,0,0,0,0,,0,0,0,0,,0,0,,0,,,,,,,,177,
554,Taco Wallace\WallTa00,GNB,,24,1,0,0,0,0,0,0,0,0,,0,,0,0,,0,0,,0,,,,,,,,182,
555,Nate Washington\WashNa00,PIT,,22,1,0,0,0,0,0,0,0,0,,0,1,0,0,,0,0,,0,,,,,,,,178,
556,Kenny Watson\WatsKe00,CIN,,27,1,0,0,0,0,0,0,0,0,,0,0,0,0,,0,0,,0,,,,,,,,165,
557,Harry Williams\WillHa20,NYJ,,23,1,0,0,0,0,0,0,0,0,,0,,0,0,,0,0,,0,,,,,,,,183,
558,Nick Luchey\WillNi00,CIN,RB,28,3,0,0,0,0,0,0,1,0,0.00,0,0,0,0,,0,0,,0,,,,,,,,166,
559,George Wilson\WilsGe01,BUF,,24,3,0,0,0,0,0,0,0,0,,0,0,0,0,,0,0,,0,,,,,,,,166,
560,Joe Zelenka\ZeleJo00,JAX,,29,16,0,0,0,0,0,0,0,0,,0,,0,0,,0,0,,0,,,,,,,,113,
561,Ovie Mughelli\MughOv00,BAL,RB,25,13,5,0,0,0,0,0,0,0,,0,6,3,13,4.33,0,1,1,0,,,-1,2.3,3.3,0.8,,167,
562,ReShard Lee\LeexRe00,GNB,RB,25,7,1,0,0,0,0,0,11,16,1.45,0,1,1,5,5.00,0,2,2,0,,,-2,-0.9,1.1,-1.4,,168,
563,Aaron Rodgers\RodgAa00,GNB,QB,22,3,0,9,16,65,0,1,2,7,3.50,0,0,0,0,,0,2,2,0,,,-3,-2.7,0.3,-1.7,,81,
564,Fred McAfee\McAfFr00,NOR,,37,16,0,0,0,0,0,0,0,0,,0,0,0,0,,0,2,2,0,,,-4,-4.0,-2.0,-4.0,,169,