,,,,,Games,Games,Passing,Passing,Passing,Passing,Passing,Rushing,Rushing,Rushing,Rushing,Receiving,Receiving,Receiving,Receiving,Receiving,Fumbles,Fumbles,Scoring,Scoring,Scoring,Fantasy,Fantasy,Fantasy,Fantasy,Fantasy,Fantasy,Fantasy
Rk,Player,Tm,FantPos,Age,G,GS,Cmp,Att,Yds,TD,Int,Att,Yds,Y/A,TD,Tgt,Rec,Yds,Y/R,TD,Fmb,FL,TD,2PM,2PP,FantPt,PPR,DKPt,FDPt,VBD,PosRank,OvRank
1,Tom Brady *+\BradTo00,NWE,QB,30,16,16,398,578,4806,50,8,37,98,2.65,2,0,0,0,,0,6,4,2,,,390,390.0,405.0,398.0,186,1,1
2,LaDainian Tomlinson*+\TomlLa00,SDG,RB,28,16,16,1,1,17,1,0,315,1474,4.68,15,86,60,475,7.92,3,0,,18,,,308,367.6,373.6,337.6,174,1,2
3,Randy Moss*+\MossRa00,NWE,WR,30,16,16,0,0,0,0,0,0,0,,0,160,98,1493,15.23,23,0,,23,,,287,385.3,388.3,336.3,169,1,3
4,Brian Westbrook *+\WestBr00,PHI,RB,28,15,15,0,0,0,0,0,278,1333,4.79,7,118,90,771,8.57,5,2,2,12,,,278,368.4,376.4,323.4,145,2,4
5,Terrell Owens*+\OwenTe00,DAL,WR,34,15,15,0,0,0,0,0,1,5,5.00,0,141,81,1355,16.73,15,0,,15,,,226,307.0,310.0,266.5,108,2,5
6,Braylon Edwards*\EdwaBr00,CLE,WR,24,16,16,0,0,0,0,0,0,0,,0,154,80,1289,16.11,16,3,2,16,,,221,300.9,305.9,260.9,103,3,6
7,Joseph Addai*\AddaJo00,IND,RB,24,15,15,0,0,0,0,0,261,1072,4.11,12,48,41,364,8.88,3,0,,15,1,,236,276.6,282.6,256.1,102,3,7
8,Adrian Peterson*\PeteAd01,MIN,RB,22,14,9,0,0,0,0,0,238,1341,5.63,12,28,19,268,14.11,1,4,3,13,,,233,251.9,260.9,242.4,99,4,8
9,Clinton Portis\PortCl00,WAS,RB,26,16,16,1,1,15,1,0,325,1262,3.88,11,60,47,389,8.28,0,6,5,11,,,226,272.7,283.7,249.2,92,5,9
10,Tony Romo *\RomoTo00,DAL,QB,27,16,16,335,520,4211,36,19,31,129,4.16,2,0,0,0,,0,10,2,2,,,295,295.3,322.3,314.3,91,2,10
11,Reggie Wayne*\WaynRe00,IND,WR,29,16,16,0,0,0,0,0,1,4,4.00,0,156,104,1510,14.52,10,3,3,10,,,205,309.4,315.4,257.4,87,4,11
12,Jamal Lewis\LewiJa00,CLE,RB,28,15,15,0,0,0,0,0,298,1304,4.38,9,39,30,248,8.27,2,4,2,11,,,217,247.2,255.2,232.2,83,6,12
13,Larry Fitzgerald*\FitzLa00,ARI,WR,24,15,15,0,0,0,0,0,0,0,,0,167,100,1409,14.09,10,3,3,10,,,195,294.9,300.9,244.9,77,5,13
14,Chad Johnson *\JohnCh01,CIN,WR,29,16,16,0,0,0,0,0,6,47,7.83,0,161,93,1440,15.48,8,2,1,8,,,195,287.7,291.7,241.2,76,6,14
15,Jason Witten*+\WittJa00,DAL,TE,25,16,16,0,0,0,0,0,0,0,,0,141,96,1145,11.93,7,1,1,7,,,155,250.5,254.5,202.5,76,1,15
16,Antonio Gates*\GateAn00,SDG,TE,27,16,16,0,0,0,0,0,0,0,,0,117,75,984,13.12,9,0,,9,,,152,227.4,230.4,189.9,74,2,16
17,Peyton Manning *\MannPe00,IND,QB,31,16,16,337,515,4040,31,14,20,-5,-0.25,3,0,0,0,,0,6,1,3,,1,275,275.1,293.1,289.1,71,3,17
18,Tony Gonzalez*\GonzTo00,KAN,TE,31,16,16,0,0,0,0,0,0,0,,0,153,99,1172,11.84,5,0,,5,,,147,246.2,249.2,196.7,69,3,18
19,T.J. Houshmandzadeh*\HousTJ00,CIN,WR,30,16,15,0,0,0,0,0,5,14,2.80,0,169,112,1143,10.21,12,2,1,12,,,186,297.7,301.7,241.7,67,7,19
20,Marques Colston\ColsMa00,NOR,WR,24,16,14,0,0,0,0,0,0,0,,0,143,98,1202,12.27,11,1,1,11,,,184,282.2,286.2,233.2,66,8,20
21,Marion Barber III*\BarbMa01,DAL,RB,24,16,0,0,0,0,0,0,204,975,4.78,10,54,44,282,6.41,2,3,,12,,,198,241.7,247.7,219.7,64,7,21
22,Kellen Winslow*\WinsKe01,CLE,TE,24,16,14,0,0,0,0,0,0,0,,0,148,82,1106,13.49,5,2,1,5,1,,141,222.6,226.6,181.6,62,4,22
23,Brandon Marshall\MarsBr00,DEN,WR,23,16,16,0,0,0,0,0,5,57,11.40,0,170,102,1325,12.99,7,3,1,7,,,178,280.2,284.2,229.2,60,9,23
24,Ben Roethlisberger*\RoetBe00,PIT,QB,25,15,15,264,404,3154,32,11,35,204,5.83,2,0,0,0,,0,9,3,2,,1,261,260.6,280.6,271.6,56,4,24
25,Plaxico Burress\BurrPl00,NYG,WR,30,16,16,0,0,0,0,0,0,0,,0,141,70,1025,14.64,12,0,,12,,,175,244.5,247.5,209.5,56,10,25
26,Drew Brees\BreeDr00,NOR,QB,28,16,16,440,652,4423,28,18,23,52,2.26,1,2,2,10,5.00,0,9,4,1,,,257,259.1,284.1,276.1,53,5,26
27,Willis McGahee*\McGaWi00,BAL,RB,26,15,15,0,0,0,0,0,294,1207,4.11,7,49,43,231,5.37,1,4,3,8,,,186,228.8,237.8,207.3,52,8,27
28,Dallas Clark\ClarDa00,IND,TE,28,15,15,0,0,0,0,0,2,29,14.50,0,101,58,616,10.62,11,0,,11,,,131,188.5,191.5,159.5,52,5,28
29,Edgerrin James\JameEd00,ARI,RB,29,16,16,0,0,0,0,0,324,1222,3.77,7,39,24,204,8.50,0,5,,7,,,185,208.6,214.6,196.6,51,9,29
30,Wes Welker\WelkWe00,NWE,WR,26,16,13,0,0,0,0,0,4,34,8.50,0,145,112,1175,10.49,8,3,,8,,,169,280.9,283.9,224.9,51,11,30
31,Chris Cooley*\CoolCh00,WAS,TE,25,16,16,0,0,0,0,0,0,0,,0,110,66,786,11.91,8,1,,8,1,,129,194.6,197.6,161.6,50,6,31
32,Frank Gore\GoreFr00,SFO,RB,24,15,15,0,0,0,0,0,260,1102,4.24,5,69,53,436,8.23,1,4,3,6,,,184,236.8,245.8,210.3,50,10,32
33,Derek Anderson *\AndeDe00,CLE,QB,24,16,15,298,527,3787,29,19,32,70,2.19,3,0,0,0,,0,5,2,3,,1,252,252.5,276.5,271.5,48,6,33
34,Earnest Graham\GrahEa00,TAM,RB,27,15,10,0,0,0,0,0,222,898,4.05,10,69,49,324,6.61,0,1,1,10,,,180,229.2,236.2,204.7,46,11,34
35,Greg Jennings\JennGr00,GNB,WR,24,13,13,0,0,0,0,0,0,0,,0,84,53,920,17.36,12,1,,12,,,164,217.0,220.0,190.5,46,12,35
36,Matt Hasselbeck *\HassMa00,SEA,QB,32,16,16,352,562,3966,28,12,39,89,2.28,0,0,0,0,,0,9,4,0,,1,250,249.5,268.5,261.5,45,7,36
37,Torry Holt*\HoltTo00,STL,WR,31,16,16,0,0,0,0,0,0,0,,0,149,93,1189,12.78,7,2,,7,1,,163,255.9,258.9,209.4,45,13,37
38,Marshawn Lynch\LyncMa00,BUF,RB,21,13,13,1,1,8,1,0,280,1115,3.98,7,26,18,184,10.22,0,2,1,7,1,,176,194.2,201.2,185.2,42,12,38
39,Kevin Curtis\CurtKe00,PHI,WR,29,16,16,0,0,0,0,0,0,0,,0,135,77,1110,14.42,6,0,,8,,,159,236.0,239.0,197.5,41,14,39
40,Maurice Jones-Drew\DrewMa00,JAX,RB,22,15,0,0,0,0,0,0,167,768,4.60,9,55,40,407,10.18,0,2,2,10,,,174,213.5,221.5,193.5,40,13,40
41,Brett Favre *\FavrBr00,GNB,QB,38,16,16,356,535,4155,28,15,29,12,0.41,0,0,0,0,,0,9,3,0,,,243,243.4,264.4,258.4,39,8,41
42,Roddy White\WhitRo00,ATL,WR,26,16,15,0,0,0,0,0,1,-2,-2.00,0,137,83,1202,14.48,6,3,2,6,,,152,235.0,240.0,193.5,34,15,42
43,Steve Smith\SmitSt01,CAR,WR,28,15,15,0,0,0,0,0,9,66,7.33,0,148,87,1002,11.52,7,1,,7,,,149,235.8,238.8,192.3,31,16,43
44,Bobby Engram\EngrBo00,SEA,WR,34,16,13,0,0,0,0,0,0,0,,0,134,94,1147,12.20,6,1,1,6,,,149,242.7,246.7,195.7,30,17,44
45,Steven Jackson\JackSt00,STL,RB,24,12,12,1,1,2,1,0,237,1002,4.23,5,52,38,271,7.13,1,5,2,6,,,163,201.4,209.4,182.4,30,14,45
46,Santonio Holmes\HolmSa00,PIT,WR,23,13,13,0,0,0,0,0,5,17,3.40,0,85,52,942,18.12,8,2,,8,1,,146,197.9,200.9,171.9,28,18,46
47,Carson Palmer\PalmCa00,CIN,QB,28,16,16,373,575,4131,26,20,24,10,0.42,0,0,0,0,,0,5,1,0,,,228,228.2,252.2,248.2,24,9,47
48,Ryan Grant\GranRy00,GNB,RB,25,15,7,0,0,0,0,0,188,956,5.09,8,37,30,145,4.83,0,1,1,8,,,156,186.1,193.1,171.1,22,15,48
49,LenDale White\WhitLe01,TEN,RB,23,16,16,0,0,0,0,0,303,1110,3.66,7,31,20,114,5.70,0,5,5,7,,,154,174.4,185.4,164.4,21,16,49
50,Anquan Boldin\BoldAn00,ARI,WR,27,12,11,0,0,0,0,0,1,14,14.00,0,99,71,853,12.01,9,2,1,9,,,139,209.7,213.7,174.2,20,19,50
51,Willie Parker*\ParkWi00,PIT,RB,27,15,15,0,1,0,0,0,321,1316,4.10,2,31,23,164,7.13,0,4,3,2,,,154,177.0,186.0,165.5,20,17,51
52,Fred Taylor*\TaylFr00,JAX,RB,31,15,15,0,0,0,0,0,223,1202,5.39,5,14,9,58,6.44,0,2,1,5,,,154,163.0,167.0,158.5,20,18,52
53,Heath Miller\MillHe00,PIT,TE,25,16,16,0,0,0,0,0,0,0,,0,61,47,566,12.04,7,0,,7,,,99,145.6,148.6,122.1,20,7,53
54,Joey Galloway\GallJo00,TAM,WR,36,15,15,0,0,0,0,0,1,1,1.00,0,98,57,1014,17.79,6,0,,6,,,138,194.5,197.5,166.0,19,20,54
55,Derrick Mason\MasoDe00,BAL,WR,33,16,16,0,0,0,0,0,0,0,,0,164,103,1087,10.55,5,1,1,5,,,137,239.7,243.7,188.2,18,21,55
56,Kenny Watson\WatsKe00,CIN,RB,29,16,5,0,0,0,0,0,178,763,4.29,7,67,52,374,7.19,0,3,2,7,,,152,203.7,211.7,177.7,18,19,56
57,Nate Burleson\BurlNa00,SEA,WR,26,16,12,0,0,0,0,0,2,4,2.00,0,96,50,694,13.88,9,3,1,11,,,134,183.8,187.8,158.8,16,22,57
58,Chester Taylor\TaylCh01,MIN,RB,28,14,8,0,1,0,0,0,157,844,5.38,7,43,29,281,9.69,0,5,3,7,,,149,177.5,186.5,163.0,15,20,58
59,Donald Lee\LeexDo00,GNB,TE,27,15,12,0,0,0,0,0,0,0,,0,63,48,575,11.98,6,1,1,6,,,92,139.5,143.5,115.5,13,8,59
60,Andre Johnson\JohnAn02,HOU,WR,26,9,9,0,0,0,0,0,0,0,,0,86,60,851,14.18,8,1,1,8,,,131,191.1,195.1,161.1,13,23,60
61,Brandon Jacobs\JacoBr00,NYG,RB,25,11,9,0,0,0,0,0,202,1009,5.00,4,38,23,174,7.57,2,5,4,6,,,146,169.3,179.3,157.8,13,21,61
62,Thomas Jones\JoneTh00,NYJ,RB,29,16,14,0,0,0,0,0,310,1119,3.61,1,34,28,217,7.75,1,2,,2,,,146,173.6,179.6,159.6,12,22,62
63,Dwayne Bowe\BoweDw00,KAN,WR,23,16,15,0,0,0,0,0,0,0,,0,116,70,995,14.21,5,0,,5,,,130,199.5,202.5,164.5,11,24,63
64,Owen Daniels\DaniOw00,HOU,TE,25,16,16,0,0,0,0,0,0,0,,0,94,63,768,12.19,3,4,3,3,,,89,151.8,157.8,120.3,10,9,64
65,Jerricho Cotchery\CotcJe00,NYJ,WR,25,15,15,0,0,0,0,0,5,38,7.60,0,127,82,1130,13.78,2,1,1,2,,,127,208.8,212.8,167.8,9,25,65
66,Shaun McDonald\McDoSh00,DET,WR,26,16,7,0,0,0,0,0,4,2,0.50,0,127,79,943,11.94,6,3,2,6,,,127,205.5,210.5,166.0,8,26,66
67,Justin Fargas\FargJu00,OAK,RB,27,14,7,0,0,0,0,0,222,1009,4.55,4,32,23,188,8.17,0,3,1,4,,,142,164.7,171.7,153.2,8,23,67
68,Jay Cutler\CutlJa00,DEN,QB,24,16,16,297,467,3497,20,14,44,205,4.66,1,0,0,0,,0,11,4,1,,,210,210.4,234.4,224.4,6,10,68
69,Bernard Berrian\BerrBe00,CHI,WR,27,16,15,0,0,0,0,0,0,0,,0,128,71,951,13.39,5,1,1,5,,,123,194.1,198.1,158.6,5,27,69
70,Tony Scheffler\ScheTo00,DEN,TE,24,16,7,0,0,0,0,0,0,0,,0,65,49,549,11.20,5,1,1,5,,,83,131.9,135.9,107.4,4,10,70
71,Chris Chambers\ChamCh00,2TM,WR,29,16,12,0,0,0,0,0,3,12,4.00,0,129,66,970,14.70,4,1,,4,,,122,188.2,191.2,155.2,4,28,71
72,Donovan McNabb\McNaDo00,PHI,QB,31,14,14,291,473,3324,19,7,50,236,4.72,0,0,0,0,,0,9,6,0,,,207,206.6,225.6,213.6,2,11,72
73,Jeremy Shockey\ShocJe00,NYG,TE,27,14,14,0,0,0,0,0,1,6,6.00,0,93,57,619,10.86,3,0,,3,,,81,137.5,140.5,109.0,2,11,73
74,Reggie Williams\WillRe00,JAX,WR,24,15,6,0,0,0,0,0,1,8,8.00,0,60,38,629,16.55,10,3,2,10,,,120,157.7,162.7,138.7,1,29,74
75,Desmond Clark\ClarDe00,CHI,TE,30,16,16,0,0,0,0,0,0,0,,0,67,44,545,12.39,4,1,,4,,,79,122.5,125.5,100.5,,12,75
76,Fred McCrary\McCrFr00,SEA,,35,6,0,0,0,0,0,0,0,0,,0,,0,0,,0,0,,0,,,,,,,,2,76
77,Kurt Warner\WarnKu00,ARI,QB,36,14,11,281,451,3417,27,17,17,15,0.88,1,0,0,0,,0,12,7,1,,,204,204.2,231.2,221.2,,12,77
78,Reggie Bush\BushRe00,NOR,RB,22,12,10,0,0,0,0,0,157,581,3.70,4,98,73,417,5.71,2,8,4,6,3,,134,206.8,216.8,170.3,,24,78
79,Jon Kitna\KitnJo00,DET,QB,35,16,16,355,561,4068,18,20,25,63,2.52,0,1,1,9,9.00,0,17,5,0,,,192,192.9,220.9,212.4,,13,
80,David Garrard\GarrDa00,JAX,QB,29,12,12,208,325,2509,18,3,49,185,3.78,1,0,0,0,,0,3,2,1,1,,189,188.9,199.9,191.9,,14,
81,Eli Manning\MannEl00,NYG,QB,26,16,16,297,529,3336,23,20,29,69,2.38,1,0,0,0,,0,13,7,1,,,184,184.3,214.3,204.3,,15,
82,Philip Rivers\RivePh00,SDG,QB,26,16,16,277,460,3152,21,15,29,33,1.14,1,0,0,0,,0,11,6,1,,,177,177.4,201.4,192.4,,16,
83,Jeff Garcia *\GarcJe00,TAM,QB,37,13,13,209,327,2440,13,4,35,116,3.31,1,0,0,0,,0,4,1,1,,,157,157.2,168.2,161.2,,17,
84,Vince Young\YounVi00,TEN,QB,24,15,15,238,382,2546,9,17,93,395,4.25,3,0,0,0,,0,10,4,3,,,153,153.3,180.3,170.3,,18,
85,Jason Campbell\CampJa00,WAS,QB,26,13,13,250,417,2700,12,11,36,185,5.14,1,0,0,0,,0,13,8,1,,2,147,146.5,171.5,157.5,,19,
86,Laurence Maroney\MaroLa00,NWE,RB,22,13,6,0,0,0,0,0,185,835,4.51,6,8,4,116,29.00,0,0,,6,1,,133,137.1,143.1,135.1,,25,
87,Ronnie Brown\BrowRo05,MIA,RB,26,7,7,0,0,0,0,0,119,602,5.06,4,46,39,389,9.97,1,0,,5,1,,131,170.1,176.1,150.6,,26,
88,Tarvaris Jackson\JackTa00,MIN,QB,24,12,12,171,294,1911,9,12,54,260,4.81,3,0,0,0,,0,5,3,3,2,,130,130.4,151.4,142.4,,20,
89,Ron Dayne\DaynRo00,HOU,RB,29,13,8,0,0,0,0,0,194,773,3.98,6,26,17,112,6.59,0,1,,6,,,125,141.5,147.5,133.0,,27,
90,Kevin Jones\JoneKe02,DET,RB,25,13,10,0,0,0,0,0,153,581,3.80,8,44,32,197,6.16,0,2,1,8,,,124,155.8,162.8,139.8,,28,
91,DeShaun Foster\FostDe00,CAR,RB,27,16,16,0,0,0,0,0,247,876,3.55,3,36,25,182,7.28,1,7,5,4,,,120,144.8,155.8,132.3,,29,
92,Hines Ward\WardHi00,PIT,WR,31,13,13,0,0,0,0,0,3,11,3.67,0,113,71,732,10.31,7,0,,7,1,,118,189.3,192.3,153.8,,30,
93,Donald Driver*\DrivDo00,GNB,WR,32,15,14,0,0,0,0,0,2,4,2.00,0,122,82,1048,12.78,2,1,,2,,,117,199.2,202.2,158.2,,31,
94,DeAngelo Williams\WillDe02,CAR,RB,24,16,0,0,0,0,0,0,144,717,4.98,4,38,23,175,7.61,1,1,1,5,,,117,140.2,147.2,128.7,,30,
95,Warrick Dunn\DunnWa00,ATL,RB,32,16,15,0,0,0,0,0,227,720,3.17,4,59,37,238,6.43,0,2,2,4,,,116,152.8,160.8,134.3,,31,
96,Lee Evans\EvanLe00,BUF,WR,26,16,16,0,0,0,0,0,0,0,,0,113,55,849,15.44,5,0,,5,,,115,169.9,172.9,142.4,,32,
97,Kevin Walter\WaltKe00,HOU,WR,26,16,15,0,0,0,0,0,5,30,6.00,0,106,65,800,12.31,4,0,,5,,,113,178.0,181.0,145.5,,33,
98,Maurice Morris\MorrMa00,SEA,RB,28,14,6,0,0,0,0,0,140,628,4.49,4,32,23,213,9.26,1,1,1,5,,,112,135.1,142.1,123.6,,32,
99,Roy Williams\WillRo04,DET,WR,26,12,12,0,0,0,0,0,2,1,0.50,0,105,64,838,13.09,5,2,1,5,,,112,175.9,179.9,143.9,,34,
100,Calvin Johnson\JohnCa00,DET,WR,22,15,10,0,0,0,0,0,4,52,13.00,1,93,48,756,15.75,4,1,,5,,,111,158.8,161.8,134.8,,35,
101,Cleo Lemon\LemoCl00,MIA,QB,28,9,7,173,309,1773,6,6,31,102,3.29,4,0,0,0,,0,7,3,4,,,111,111.1,126.1,117.1,,21,
102,Adrian Peterson\PeteAd00,CHI,RB,28,16,5,1,1,9,1,0,151,510,3.38,3,65,51,420,8.24,0,3,2,3,,,111,162.4,170.4,136.9,,33,
103,Patrick Crayton\CrayPa00,DAL,WR,28,15,13,0,0,0,0,0,0,0,,0,81,50,697,13.94,7,2,1,7,,,110,159.7,163.7,134.7,,36,
104,Najeh Davenport\DaveNa00,PIT,RB,28,15,1,0,0,0,0,0,107,499,4.66,5,27,18,184,10.22,2,1,,7,,,110,128.3,134.3,119.3,,34,
105,Sage Rosenfels\RoseSa00,HOU,QB,29,9,5,154,240,1684,15,12,21,51,2.43,1,0,0,0,,0,4,3,1,,1,110,110.5,128.5,122.5,,22,
106,Shaun Alexander\AlexSh00,SEA,RB,30,13,10,0,0,0,0,0,207,716,3.46,4,25,14,76,5.43,1,2,,5,,,109,123.2,126.2,116.2,,35,
107,Jerry Porter\PortJe00,OAK,WR,29,16,16,0,0,0,0,0,0,0,,0,102,44,705,16.02,6,0,,6,,,107,150.5,153.5,128.5,,37,
108,Matt Schaub\SchaMa00,HOU,QB,26,11,11,192,289,2241,9,9,17,52,3.06,0,0,0,0,,0,7,3,0,,,107,106.8,121.8,115.8,,23,
109,Reggie Brown\BrowRe01,PHI,WR,26,16,14,0,0,0,0,0,5,36,7.20,0,111,61,780,12.79,4,1,,4,,,106,166.6,169.6,136.1,,38,
110,Marc Bulger\BulgMa00,STL,QB,30,12,12,221,378,2392,11,15,9,13,1.44,0,0,0,0,,0,6,3,0,,,105,105.0,126.0,120.0,,24,
111,Joey Harrington\HarrJo00,ATL,QB,29,12,10,215,348,2215,7,8,14,33,2.36,0,1,1,4,4.00,0,0,,0,,,104,105.3,116.3,112.8,,25,
112,Damon Huard\HuarDa00,KAN,QB,34,11,10,206,332,2257,11,13,9,-1,-0.11,0,0,0,0,,0,5,3,0,,,102,102.2,121.2,115.2,,26,
113,Chad Pennington\PennCh01,NYJ,QB,31,9,8,179,260,1765,10,9,20,32,1.60,1,0,0,0,,0,5,1,1,,1,102,101.8,114.8,110.8,,27,
114,Laveranues Coles\ColeLa00,NYJ,WR,30,12,10,0,0,0,0,0,0,0,,0,89,55,646,11.75,6,0,,6,,,101,155.6,158.6,128.1,,39,
115,Cedric Benson\BensCe00,CHI,RB,25,11,11,0,0,0,0,0,196,674,3.44,4,27,17,123,7.24,0,3,2,4,,,100,116.7,124.7,108.2,,38,
116,Ronald Curry\CurrRo01,OAK,WR,28,16,13,0,1,0,0,0,1,1,1.00,0,97,55,717,13.04,4,0,,4,2,,100,154.8,157.8,127.3,,40,
117,Derrick Ward\WardDe01,NYG,RB,27,8,5,0,0,0,0,0,125,602,4.82,3,40,26,179,6.88,1,2,1,4,,,100,126.1,133.1,113.1,,36,
118,Selvin Young\YounSe00,DEN,RB,24,15,8,0,0,0,0,0,140,729,5.21,1,43,35,231,6.60,0,2,1,1,,,100,135.0,142.0,117.5,,37,
119,Larry Johnson\JohnLa00,KAN,RB,28,8,8,0,1,0,0,0,158,559,3.54,3,41,30,186,6.20,1,1,,4,,,99,128.5,134.5,113.5,,39,
120,Travis Henry\HenrTr00,DEN,RB,29,12,7,0,0,0,0,0,167,691,4.14,4,14,7,65,9.29,0,3,1,4,,,98,104.6,108.6,101.1,,40,
121,LaMont Jordan\JordLa00,OAK,RB,29,12,7,0,0,0,0,0,144,549,3.81,3,34,28,247,8.82,0,0,,3,,,98,125.6,131.6,111.6,,41,
122,Isaac Bruce\BrucIs00,STL,WR,35,14,12,0,0,0,0,0,2,-4,-2.00,0,101,55,733,13.33,4,0,,4,,,97,151.9,154.9,124.4,,41,
123,Andre' Davis\DaviAn01,HOU,WR,28,14,8,0,0,0,0,0,0,0,,0,63,33,583,17.67,3,1,,6,1,,96,129.3,132.3,112.8,,42,
124,Santana Moss\MossSa00,WAS,WR,28,14,14,0,0,0,0,0,3,13,4.33,0,115,61,808,13.25,3,2,2,3,,,96,157.1,162.1,126.6,,43,
125,Jerious Norwood\NorwJe00,ATL,RB,24,15,2,0,0,0,0,0,103,613,5.95,1,39,28,277,9.89,0,0,,1,,,95,123.0,129.0,109.0,,42,
126,David Patten\PattDa00,NOR,WR,33,16,5,0,0,0,0,0,2,-5,-2.50,0,87,54,792,14.67,3,2,1,3,,,95,148.7,152.7,121.7,,44,
127,Aaron Stecker\StecAa00,NOR,RB,32,16,6,0,0,0,0,0,115,448,3.90,5,43,36,211,5.86,0,1,1,5,,,94,129.9,136.9,111.9,,43,
128,Amani Toomer\ToomAm00,NYG,WR,33,16,15,0,0,0,0,0,0,0,,0,104,59,760,12.88,3,0,,3,,,94,153.0,156.0,123.5,,46,
129,Roydell Williams\WillRo05,TEN,WR,26,16,14,0,0,0,0,0,2,-17,-8.50,0,93,55,719,13.07,4,0,,4,,,94,149.2,152.2,121.7,,45,
130,Brandon Stokley\StokBr00,DEN,WR,31,13,9,0,0,0,0,0,1,-6,-6.00,0,71,40,635,15.88,5,0,,5,,,93,132.9,135.9,112.9,,47,
131,Arnaz Battle\BattAr00,SFO,WR,27,16,15,0,0,0,0,0,4,4,1.00,1,104,50,600,12.00,5,3,2,6,,,92,142.4,147.4,117.4,,48,
132,Leon Washington\WashLe00,NYJ,RB,25,16,4,1,1,36,0,0,71,353,4.97,3,51,36,213,5.92,0,4,2,6,1,,92,128.0,136.0,110.0,,44,
133,Julius Jones\JoneJu01,DAL,RB,26,16,16,0,0,0,0,0,164,588,3.59,2,26,23,203,8.83,0,0,,2,,,91,114.1,120.1,102.6,,45,
134,Deion Branch\BranDe00,SEA,WR,28,11,11,0,0,0,0,0,0,0,,0,85,49,661,13.49,4,0,,4,,,90,139.1,142.1,114.6,,49,
135,Brian Griese\GrieBr00,CHI,QB,32,7,6,161,262,1803,10,12,13,28,2.15,0,0,0,0,,0,6,1,0,,,89,88.9,104.9,100.9,,28,
136,Donte' Stallworth\StalDo00,NWE,WR,27,16,9,0,0,0,0,0,1,12,12.00,0,75,46,697,15.15,3,0,,3,,,89,134.9,137.9,111.9,,50,
137,Kyle Boller\BollKy00,BAL,QB,26,12,8,168,275,1743,9,10,19,89,4.68,0,1,0,0,,0,5,4,0,,,87,86.6,103.6,96.6,,29,
138,Chris Brown\BrowCh03,TEN,RB,26,12,1,0,0,0,0,0,102,462,4.53,5,21,19,128,6.74,0,1,1,5,,,87,106.0,113.0,96.5,,46,
139,Justin Gage\GageJu00,TEN,WR,26,16,8,0,0,0,0,0,0,0,,0,85,55,750,13.64,2,1,,2,,,87,142.0,145.0,114.5,,51,
140,Dennis Northcutt\NortDe00,JAX,WR,30,15,11,0,0,0,0,0,6,27,4.50,0,73,44,601,13.66,4,1,,4,,,87,130.8,133.8,108.8,,52,
141,Kenton Keith\KeitKe00,IND,RB,27,16,1,0,0,0,0,0,121,533,4.40,3,23,13,77,5.92,1,1,,4,,,85,98.0,101.0,91.5,,47,
142,Rudi Johnson\JohnRu00,CIN,RB,28,11,9,0,0,0,0,0,170,497,2.92,3,15,13,110,8.46,1,3,2,4,1,,83,95.7,103.7,89.2,,48,
143,Trent Edwards\EdwaTr01,BUF,QB,24,10,9,151,269,1630,7,8,14,49,3.50,0,0,0,0,,0,4,,0,,,82,82.1,93.1,90.1,,30,
144,Joe Jurevicius\JureJo00,CLE,WR,33,16,12,0,0,0,0,0,0,0,,0,81,50,614,12.28,3,0,,3,1,,81,131.4,134.4,106.4,,53,
145,Antwaan Randle El\RandAn00,WAS,WR,28,15,13,1,2,19,0,0,4,-3,-0.75,0,77,51,728,14.27,1,3,,1,1,,81,132.3,135.3,106.8,,54,
146,Vincent Jackson\JackVi00,SDG,WR,24,16,16,0,0,0,0,0,0,0,,0,80,41,623,15.20,3,0,,3,,,80,121.3,124.3,100.8,,55,
147,Bobby Wade\WadeBo00,MIN,WR,26,16,12,0,0,0,0,0,1,-9,-9.00,0,84,54,647,11.98,3,3,1,3,,,80,133.8,137.8,106.8,,56,
148,Daunte Culpepper\CulpDa00,OAK,QB,30,7,6,108,186,1331,5,5,20,40,2.00,3,0,0,0,,0,9,3,3,,,79,79.2,90.2,84.2,,31,
149,Michael Jenkins\JenkMi00,ATL,WR,25,15,6,0,0,0,0,0,0,0,,0,85,53,532,10.04,4,0,,4,,,77,130.2,133.2,103.7,,57,
150,Drew Carter\CartDr00,CAR,WR,26,16,7,0,0,0,0,0,0,0,,0,75,38,517,13.61,4,0,,4,,,76,113.7,116.7,94.7,,58,
151,Kellen Clemens\ClemKe00,NYJ,QB,24,10,8,130,250,1529,5,10,27,111,4.11,1,0,0,0,,0,4,1,1,,,76,76.3,93.3,86.3,,32,
152,Anthony Gonzalez\GonzAn00,IND,WR,23,13,9,0,0,0,0,0,0,0,,0,51,37,576,15.57,3,0,,3,,,76,112.6,115.6,94.1,,60,
153,James Jones\JoneJa04,GNB,WR,23,16,9,0,0,0,0,0,0,0,,0,80,47,676,14.38,2,3,2,2,,,76,122.6,127.6,99.1,,59,
154,Ben Watson\WatsBe00,NWE,TE,27,12,8,0,0,0,0,0,1,11,11.00,0,49,36,389,10.81,6,1,,6,,,76,112.0,115.0,94.0,,13,
155,Jabar Gaffney\GaffJa00,NWE,WR,27,16,7,0,0,0,0,0,0,0,,0,50,36,449,12.47,5,0,,5,,,75,110.9,113.9,92.9,,63,
156,Devin Hester*+\HestDe99,CHI,WR,25,16,0,0,0,0,0,0,7,-10,-1.43,0,38,20,299,14.95,2,7,1,8,,,75,94.9,98.9,84.9,,64,
157,Ike Hilliard\HillIk00,TAM,WR,31,15,10,0,0,0,0,0,1,6,6.00,0,86,62,722,11.65,1,3,2,1,,,75,136.8,141.8,105.8,,65,
158,Muhsin Muhammad\MuhaMu00,CHI,WR,34,16,16,0,0,0,0,0,0,0,,0,81,40,570,14.25,3,0,,3,,,75,115.0,118.0,95.0,,61,
159,Nate Washington\WashNa00,PIT,WR,24,16,4,0,0,0,0,0,1,0,0.00,0,55,29,450,15.52,5,0,,5,,,75,104.0,107.0,89.5,,62,
160,Alge Crumpler\CrumAl00,ATL,TE,30,14,10,0,0,0,0,0,0,0,,0,70,42,444,10.57,5,0,,5,,,74,116.4,119.4,95.4,,14,
161,Vernon Davis\DaviVe00,SFO,TE,23,14,14,0,0,0,0,0,0,0,,0,85,52,509,9.79,4,1,1,4,,,73,124.9,128.9,98.9,,15,
162,Quinn Gray\GrayQu00,JAX,QB,28,8,4,80,144,986,10,5,19,57,3.00,0,0,0,0,,0,2,1,0,,,73,73.1,82.1,78.1,,33,
163,Chris Redman\RedmCh00,ATL,QB,30,7,4,89,149,1079,10,5,8,16,2.00,0,0,0,0,,0,2,1,0,,,73,72.8,81.8,77.8,,34,
164,Mike Furrey\FurrMi00,DET,WR,30,16,10,0,0,0,0,0,0,0,,0,91,61,664,10.89,1,0,,1,,,72,133.4,136.4,102.9,,66,
165,Josh McCown\McCoJo01,OAK,QB,28,9,9,111,190,1151,10,11,29,143,4.93,0,0,0,0,,0,11,4,0,,1,72,72.3,93.3,83.3,,35,
166,Kevin Faulk\FaulKe00,NWE,RB,31,16,8,0,0,0,0,0,62,265,4.27,0,61,47,383,8.15,1,1,,1,,,71,117.8,123.8,94.3,,49,
167,Jesse Chatman\ChatJe00,MIA,RB,28,14,6,0,0,0,0,0,128,515,4.02,1,37,27,161,5.96,0,1,2,1,,,70,96.6,104.6,83.1,,50,
168,Ernest Wilford\WilfEr00,JAX,WR,28,16,14,0,0,0,0,0,0,0,,0,74,45,518,11.51,3,0,,3,,,70,114.8,117.8,92.3,,67,
169,Reuben Droughns\DrouRe00,NYG,RB,29,16,1,0,0,0,0,0,85,275,3.24,6,15,7,49,7.00,0,1,,6,,,68,75.4,78.4,71.9,,51,
170,Darrell Jackson\JackDa00,SFO,WR,29,15,15,0,0,0,0,0,0,0,,0,104,46,497,10.80,3,1,,3,,,68,113.7,116.7,90.7,,68,
171,Kolby Smith\SmitKo00,KAN,RB,23,16,6,0,0,0,0,0,112,407,3.63,2,30,22,148,6.73,0,0,,2,,,68,89.5,95.5,78.5,,52,
172,Sidney Rice\RiceSi01,MIN,WR,21,13,4,2,2,94,0,0,0,0,,0,53,31,396,12.77,4,0,,4,,,67,98.4,101.4,82.9,,69,
173,Bryant Johnson\JohnBr02,ARI,WR,26,16,8,0,0,0,0,0,0,0,,0,88,46,528,11.48,2,0,,2,,,65,110.8,113.8,87.8,,70,
174,Correll Buckhalter\BuckCo00,PHI,RB,29,14,2,0,0,0,0,0,62,313,5.05,4,21,12,87,7.25,0,1,,4,,,64,76.0,79.0,70.0,,53,
175,Luke McCown\McCoLu00,TAM,QB,26,5,3,94,139,1009,5,3,12,117,9.75,0,0,0,0,,0,3,2,0,,,62,62.1,73.1,65.1,,36,
176,Ladell Betts\BettLa00,WAS,RB,28,16,0,0,0,0,0,0,93,335,3.60,1,32,21,174,8.29,1,1,1,2,,,61,81.9,88.9,71.4,,54,
177,Marty Booker\BookMa00,MIA,WR,31,15,15,0,1,0,0,0,2,12,6.00,0,105,50,556,11.12,1,1,1,1,,,61,110.8,114.8,85.8,,72,
178,Devery Henderson\HendDe00,NOR,WR,25,16,9,0,0,0,0,0,2,20,10.00,0,43,20,409,20.45,3,0,,3,,,61,80.9,83.9,70.9,,71,
179,Randy McMichael\McMiRa01,STL,TE,28,16,15,0,0,0,0,0,0,0,,0,67,39,429,11.00,3,0,,3,,,61,99.9,102.9,80.4,,16,
180,Zach Miller\MillZa01,OAK,TE,22,16,16,0,0,0,0,0,0,0,,0,68,44,444,10.09,3,2,1,3,,,60,104.4,108.4,82.4,,17,
181,Sammy Morris\MorrSa00,NWE,RB,30,6,2,0,0,0,0,0,85,384,4.52,3,8,6,35,5.83,0,0,,3,,,60,65.9,68.9,62.9,,56,
182,Pierre Thomas\ThomPi00,NOR,RB,23,12,1,0,0,0,0,0,52,252,4.85,1,23,17,151,8.88,1,0,,3,1,,60,77.3,83.3,68.8,,55,
183,J.P. Losman\LosmJ.00,BUF,QB,26,8,7,111,175,1204,4,6,20,110,5.50,0,0,0,0,,0,5,2,0,,,59,59.2,73.2,65.2,,37,
184,Josh Reed\ReedJo01,BUF,WR,27,15,9,0,0,0,0,0,4,10,2.50,0,88,51,578,11.33,0,0,,0,,,59,109.8,112.8,84.3,,73,
185,Jake Delhomme\DelhJa00,CAR,QB,32,3,3,55,86,624,8,1,6,26,4.33,0,0,0,0,,0,1,,0,,,58,57.6,61.6,58.6,,38,
186,Musa Smith\SmitMu00,BAL,RB,25,16,1,0,0,0,0,0,75,264,3.52,2,34,27,192,7.11,0,1,,2,,,58,84.6,90.6,71.1,,57,
187,Chris Baker\BakeCh00,NYJ,TE,28,15,15,0,0,0,0,0,0,0,,0,61,41,409,9.98,3,1,1,3,,,57,97.9,101.9,77.4,,18,
188,Brodie Croyle\CroyBr00,KAN,QB,24,9,6,127,224,1227,6,6,7,18,2.57,0,0,0,0,,0,4,3,0,,,57,56.9,68.9,62.9,,39,
189,T.J. Duckett\DuckT.00,DET,RB,26,12,1,0,0,0,0,0,65,335,5.15,3,7,4,54,13.50,0,1,,3,,,57,60.9,63.9,58.9,,58,
190,Alex Smith\SmitAl02,TAM,TE,25,14,14,0,0,0,0,0,0,0,,0,53,32,385,12.03,3,0,,3,,,57,88.5,91.5,72.5,,19,
191,Drew Bennett\BennDr00,STL,WR,29,14,1,0,0,0,0,0,0,0,,0,73,33,375,11.36,3,1,,3,,,56,88.5,91.5,72.0,,77,
192,Ted Ginn Jr.\GinnTe00,MIA,WR,22,16,9,0,0,0,0,0,4,3,0.75,0,71,34,420,12.35,2,3,2,3,,,56,90.3,95.3,73.3,,75,
193,D.J. Hackett\HackD.00,SEA,WR,26,6,6,0,0,0,0,0,0,0,,0,47,32,384,12.00,3,0,,3,,,56,88.4,91.4,72.4,,74,
194,Matt Jones\JoneMa00,JAX,WR,24,12,0,0,0,0,0,0,0,0,,0,50,24,317,13.21,4,0,,4,,,56,79.7,82.7,67.7,,76,
195,Rex Grossman\GrosRe00,CHI,QB,27,8,7,122,225,1411,4,7,14,27,1.93,0,0,0,0,,0,6,3,0,,,55,55.1,68.1,62.1,,40,
196,Mark Clayton\ClayMa01,BAL,WR,25,16,12,0,1,0,0,0,0,0,,0,89,48,531,11.06,0,0,,0,,,53,101.1,104.1,77.1,,78,
197,Greg Olsen\OlseGr00,CHI,TE,22,14,4,0,0,0,0,0,0,0,,0,66,39,391,10.03,2,0,,2,1,,53,92.1,95.1,72.6,,20,
198,Jason Wright\WrigJa01,CLE,RB,25,16,1,0,0,0,0,0,60,277,4.62,1,37,24,233,9.71,0,1,2,1,,,53,77.0,85.0,65.0,,59,
199,Todd Collins\CollTo00,WAS,QB,36,4,3,67,105,888,5,0,8,1,0.13,0,0,0,0,,0,4,2,0,,,52,51.6,56.6,51.6,,41,
200,Samkon Gado\GadoSa00,2TM,RB,25,8,2,0,0,0,0,0,53,150,2.83,4,13,12,106,8.83,0,1,,4,1,,52,63.6,69.6,57.6,,62,
201,Leonard Pope\PopeLe00,ARI,TE,24,13,11,0,0,0,0,0,0,0,,0,34,23,238,10.35,5,1,1,5,,,52,74.8,78.8,63.3,,21,
202,Leonard Weaver\WeavLe00,SEA,RB,25,16,4,0,0,0,0,0,33,146,4.42,1,52,39,313,8.03,0,0,,1,,,52,90.9,96.9,71.4,,60,
203,DeShawn Wynn\WynnDe00,GNB,RB,24,7,4,0,0,0,0,0,50,203,4.06,4,14,9,73,8.11,0,0,,4,,,52,60.6,63.6,56.1,,61,
204,Devard Darling\DarlDe00,BAL,WR,25,16,1,0,0,0,0,0,0,0,,0,39,18,326,18.11,3,0,,3,,,51,68.6,71.6,59.6,,80,
205,Derek Hagan\HagaDe00,MIA,WR,23,16,1,0,0,0,0,0,0,0,,0,59,29,373,12.86,2,0,,2,1,,51,80.3,83.3,65.8,,79,
206,Jeff King\KingJe00,CAR,TE,24,16,16,0,0,0,0,0,0,0,,0,80,46,406,8.83,2,2,1,2,,,51,96.6,100.6,73.6,,23,
207,Marcedes Lewis\LewiMa00,JAX,TE,23,16,16,0,0,0,0,0,0,0,,0,57,37,391,10.57,2,0,,2,,,51,88.1,91.1,69.6,,22,
208,Ahman Green\GreeAh00,HOU,RB,30,6,5,0,0,0,0,0,70,260,3.71,2,18,14,123,8.79,0,0,,2,,,50,64.3,70.3,57.3,,63,
209,Eric Johnson\JohnEr00,NOR,TE,28,14,12,0,0,0,0,0,0,0,,0,63,48,378,7.88,2,1,,2,,,50,97.8,100.8,73.8,,24,
210,Trent Dilfer\DilfTr00,SFO,QB,35,7,6,113,219,1166,7,12,10,25,2.50,0,0,0,0,,0,8,2,0,,,49,49.1,66.1,61.1,,42,
211,Fred Jackson\JackFr02,BUF,RB,26,8,1,0,0,0,0,0,58,300,5.17,0,30,22,190,8.64,0,0,,0,,,49,71.0,77.0,60.0,,64,
212,Brian Leonard\LeonBr00,STL,RB,23,16,7,0,0,0,0,0,86,303,3.52,0,39,30,183,6.10,0,0,,0,,,49,78.6,84.6,63.6,,65,
213,Lance Moore\MoorLa00,NOR,WR,24,16,4,0,0,0,0,0,2,7,3.50,1,50,32,302,9.44,2,2,,3,,,49,80.9,83.9,64.9,,82,
214,Brad Smith\SmitBr01,NYJ,WR,24,16,9,0,1,0,0,0,12,45,3.75,0,67,32,325,10.16,2,1,,2,,,49,81.0,84.0,65.0,,81,
215,Ruvell Martin\MartRu00,GNB,WR,25,15,5,0,0,0,0,0,0,0,,0,28,16,242,15.13,4,1,,4,,,48,64.2,67.2,56.2,,83,
216,Laurent Robinson\RobiLa01,ATL,WR,22,15,6,0,0,0,0,0,0,0,,0,74,37,437,11.81,1,1,1,1,,,48,84.7,88.7,66.2,,84,
217,Trent Green\GreeTr00,MIA,QB,37,5,5,85,141,987,5,7,7,32,4.57,0,0,0,0,,0,2,1,0,,,47,46.7,57.7,53.7,,43,
218,Chris Henry\HenrCh00,CIN,WR,24,8,2,0,0,0,0,0,0,0,,0,38,21,343,16.33,2,0,,2,,,46,67.3,70.3,56.8,,85,
219,Brandon Jackson\JackBr00,GNB,RB,22,11,3,0,0,0,0,0,75,267,3.56,1,22,16,130,8.13,0,0,,1,,,46,61.7,67.7,53.7,,67,
220,Greg Jones\JoneGr01,JAX,RB,26,16,11,0,0,0,0,0,42,119,2.83,2,19,11,99,9.00,2,0,,4,,,46,56.8,59.8,51.3,,66,
221,Michael Pittman\PittMi00,TAM,RB,32,10,3,0,0,0,0,0,68,286,4.21,0,39,26,191,7.35,0,1,1,0,,,46,71.7,78.7,58.7,,68,
222,Bo Scaife\ScaiBo00,TEN,TE,26,16,15,0,0,0,0,0,0,0,,0,78,46,421,9.15,1,2,1,1,,,46,92.1,96.1,69.1,,25,
223,Vinny Testaverde\TestVi00,CAR,QB,44,7,6,94,172,952,5,6,9,22,2.44,0,0,0,0,,0,3,1,0,,,46,46.3,56.3,52.3,,44,
224,Robert Ferguson\FergRo00,MIN,WR,28,15,8,0,0,0,0,0,0,0,,0,61,32,391,12.22,1,0,,1,,,45,77.1,80.1,61.1,,86,
225,Gus Frerotte\FrerGu00,STL,QB,36,8,3,94,167,1014,7,12,6,3,0.50,0,0,0,0,,0,3,1,0,,1,45,44.9,60.9,56.9,,45,
226,Billy Miller\MillBi00,NOR,TE,30,16,6,0,0,0,0,0,0,0,,0,38,27,328,12.15,2,0,,2,,,45,71.8,74.8,58.3,,26,
227,Jerheme Urban\UrbaJe00,ARI,WR,27,10,2,0,0,0,0,0,0,0,,0,38,22,329,14.95,2,0,,2,,,45,66.9,69.9,55.9,,87,
228,Michael Bennett\BennMi00,2TM,RB,29,14,1,0,0,0,0,0,61,241,3.95,1,22,15,101,6.73,1,2,1,2,,,44,59.2,66.2,51.7,,69,
229,Shaun Hill\HillSh00,SFO,QB,27,3,2,54,79,501,5,1,12,14,1.17,1,0,0,0,,0,3,1,1,,,43,43.4,48.4,44.4,,46,
230,Greg Lewis\LewiGr01,PHI,WR,27,15,1,0,1,0,0,0,0,0,,0,23,13,265,20.38,3,2,1,3,,,43,55.5,59.5,49.0,,88,
231,Jerramy Stevens\StevJe00,TAM,TE,28,15,3,0,0,0,0,0,0,0,,0,21,18,189,10.50,4,0,,4,,,43,60.9,63.9,51.9,,27,
232,Darius Walker\WalkDa00,HOU,RB,22,4,2,0,0,0,0,0,58,264,4.55,1,15,13,81,6.23,0,0,,1,1,,43,55.5,58.5,49.0,,70,
233,David Martin\MartDa00,MIA,TE,28,15,15,0,0,0,0,0,0,0,,0,51,34,303,8.91,2,0,,2,,,42,76.3,79.3,59.3,,29,
234,Samie Parker\ParkSa00,KAN,WR,26,15,7,0,0,0,0,0,1,2,2.00,0,41,24,298,12.42,2,1,,2,,,42,66.0,69.0,54.0,,89,
235,Ben Utecht\UtecBe00,IND,TE,26,14,13,0,0,0,0,0,0,0,,0,37,31,364,11.74,1,2,,1,,,42,73.4,76.4,57.9,,28,
236,Brandon Jones\JoneBr02,TEN,WR,25,9,2,0,0,0,0,0,2,37,18.50,0,34,21,248,11.81,2,1,,2,,,41,61.5,64.5,51.0,,90,
237,Dominic Rhodes\RhodDo00,OAK,RB,28,10,2,0,0,0,0,0,75,302,4.03,1,18,11,70,6.36,0,2,1,1,,,41,52.2,56.2,46.7,,71,
238,Jason Avant\AvanJa00,PHI,WR,24,15,5,0,0,0,0,0,1,1,1.00,0,33,23,267,11.61,2,0,,2,,,39,61.8,64.8,50.3,,91,
239,Marcus Pollard\PollMa00,SEA,TE,35,14,10,0,0,0,0,0,0,0,,0,35,28,273,9.75,2,0,,2,,,39,67.3,70.3,53.3,,30,
240,Robert Royal\RoyaRo00,BUF,TE,28,16,15,0,0,0,0,0,0,0,,0,38,25,248,9.92,3,2,2,3,,,39,63.8,68.8,51.3,,31,
241,J.J. Arrington\ArriJ.00,ARI,RB,24,16,0,0,0,0,0,0,26,78,3.00,0,39,29,241,8.31,1,0,,1,,,38,66.9,69.9,52.4,,72,
242,Mike Sellers\SellMi00,WAS,RB,32,14,12,0,0,0,0,0,26,78,3.00,2,24,17,117,6.88,1,1,,3,,,38,54.5,57.5,46.0,,73,
243,Daniel Graham\GrahDa00,DEN,TE,29,15,15,0,0,0,0,0,0,0,,0,33,24,246,10.25,2,0,,2,,,37,60.6,63.6,48.6,,32,
244,Sam Hurd\HurdSa00,DAL,WR,22,16,2,0,0,0,0,0,0,0,,0,37,19,314,16.53,1,0,,1,,,37,56.4,59.4,46.9,,92,
245,Michael Turner\TurnMi00,SDG,RB,25,16,0,0,0,0,0,0,71,316,4.45,1,7,4,16,4.00,0,1,1,1,,,37,41.2,45.2,39.2,,74,
246,Cadillac Williams\WillCa02,TAM,RB,25,4,4,0,0,0,0,0,54,208,3.85,3,5,3,17,5.67,0,2,2,3,,,37,39.5,44.5,38.0,,75,
247,Lorenzo Booker\BookLo00,MIA,RB,23,7,1,0,0,0,0,0,28,125,4.46,0,36,28,237,8.46,0,0,,0,,,36,64.2,70.2,50.2,,76,
248,Visanthe Shiancoe\ShiaVi00,MIN,TE,27,16,15,0,0,0,0,0,0,0,,0,43,27,323,11.96,1,1,1,1,,,36,63.3,67.3,49.8,,33,
249,Jeff Webb\WebbJe00,KAN,WR,25,16,2,0,0,0,0,0,1,5,5.00,0,57,28,313,11.18,1,2,1,1,,,36,63.8,67.8,49.8,,93,
250,Justin Peelle\PeelJu00,MIA,TE,28,16,10,0,0,0,0,0,0,0,,0,47,29,228,7.86,2,0,,2,,,35,63.8,66.8,49.3,,34,
251,Alex Smith\SmitAl03,SFO,QB,23,7,7,94,193,914,2,4,13,89,6.85,0,0,0,0,,0,6,5,0,,,35,35.5,47.5,39.5,,47,
252,Heath Evans\EvanHe00,NWE,RB,29,16,1,0,0,0,0,0,34,121,3.56,3,6,4,43,10.75,0,0,,3,,,34,38.4,41.4,36.4,,77,
253,A.J. Feeley\FeelA.00,PHI,QB,30,3,2,59,103,681,5,8,7,23,3.29,0,0,0,0,,0,1,,0,,,34,33.5,44.5,41.5,,49,
254,Michael Gaines\GainMi00,BUF,TE,27,15,14,0,0,0,0,0,0,0,,0,35,25,215,8.60,2,0,,2,,,34,58.5,61.5,46.0,,35,
255,Steve McNair\McNaSt00,BAL,QB,34,6,6,133,205,1113,2,4,10,32,3.20,0,0,0,0,,0,8,7,0,,,34,33.7,47.7,37.7,,48,
256,Eric Moulds\MoulEr00,TEN,WR,34,16,8,0,0,0,0,0,0,0,,0,52,32,342,10.69,0,0,,0,,,34,66.2,69.2,50.2,,94,
257,David Carr\CarrDa00,CAR,QB,28,6,4,73,136,635,3,5,17,59,3.47,0,0,0,0,,0,1,,0,,,33,33.3,41.3,38.3,,51,
258,Keary Colbert\ColbKe00,CAR,WR,25,12,8,0,0,0,0,0,0,0,,0,69,32,332,10.38,0,1,,0,,,33,65.2,68.2,49.2,,95,
259,Troy Smith\SmitTr02,BAL,QB,23,4,2,40,76,452,2,0,12,54,4.50,1,0,0,0,,0,3,2,1,,,33,33.5,38.5,33.5,,50,
260,Troy Williamson\WillTr01,MIN,WR,24,11,8,0,0,0,0,0,2,29,14.50,0,39,18,240,13.33,1,0,,1,,,33,50.9,53.9,41.9,,96,
261,Michael Clayton\ClayMi00,TAM,WR,25,14,4,0,0,0,0,0,5,22,4.40,0,40,22,301,13.68,0,1,,0,,,32,54.3,57.3,43.3,,98,
262,Keenan McCardell\McCaKe00,WAS,WR,37,10,1,0,0,0,0,0,0,0,,0,31,22,256,11.64,1,0,,1,,,32,53.6,56.6,42.6,,99,
263,Matt Moore\MoorMa01,CAR,QB,23,9,3,63,111,730,3,5,3,5,1.67,0,0,0,0,,0,2,,0,,,32,31.7,39.7,36.7,,52,
264,Cedrick Wilson\WilsCe00,PIT,WR,29,16,1,0,0,0,0,0,2,37,18.50,0,30,18,207,11.50,1,0,,1,,1,32,50.4,53.4,41.4,,97,
265,Bubba Franks\FranBu00,GNB,TE,29,8,1,0,0,0,0,0,0,0,,0,32,18,132,7.33,3,0,,3,,,31,49.2,52.2,40.2,,36,
266,Marvin Harrison\HarrMa00,IND,WR,35,5,5,0,0,0,0,0,0,0,,0,32,20,247,12.35,1,0,,1,,,31,50.7,53.7,40.7,,100,
267,Vernand Morency\MoreVe00,GNB,RB,27,13,0,0,0,0,0,0,29,108,3.72,0,39,30,199,6.63,0,1,,0,,,31,60.7,66.7,45.7,,78,
268,Koren Robinson\RobiKo00,GNB,WR,27,9,1,0,0,0,0,0,1,5,5.00,0,34,21,241,11.48,1,0,,1,,,31,51.6,54.6,41.1,,101,
269,Todd Heap\HeapTo00,BAL,TE,27,6,6,0,0,0,0,0,0,0,,0,34,23,239,10.39,1,0,,1,,,30,52.9,55.9,41.4,,37,
270,Joe Horn\HornJo00,ATL,WR,35,12,12,0,0,0,0,0,0,0,,0,52,27,243,9.00,1,0,,1,,,30,57.3,60.3,43.8,,102,
271,Matt Leinart\LeinMa00,ARI,QB,24,5,5,60,112,647,2,4,11,42,3.82,0,0,0,0,,0,0,,0,,,30,30.1,37.1,34.1,,53,
272,Tatum Bell\BellTa00,DET,RB,26,5,5,0,0,0,0,0,44,182,4.14,1,21,14,63,4.50,0,1,1,1,,,29,42.5,46.5,35.5,,81,
273,Chris Henry\HenrCh01,TEN,RB,22,7,0,0,0,0,0,0,31,119,3.84,2,7,6,53,8.83,0,0,,2,,,29,35.2,38.2,32.2,,79,
274,Kyle Orton\OrtoKy00,CHI,QB,25,3,3,43,80,478,3,2,5,-1,-0.20,0,0,0,0,,0,2,,0,,1,29,29.0,34.0,31.0,,54,
275,Cecil Sapp\SappCe00,DEN,RB,29,16,8,0,0,0,0,0,18,59,3.28,2,20,14,51,3.64,1,0,,3,,,29,43.0,43.0,36.0,,80,
276,Quinn Sypniewski\SypnQu00,BAL,TE,25,15,9,0,0,0,0,0,0,0,,0,52,34,246,7.24,1,1,1,1,,,29,62.6,66.6,45.6,,38,
277,Demetrius Williams\WillDe03,BAL,WR,24,9,4,0,0,0,0,0,0,0,,0,47,20,290,14.50,0,0,,0,,,29,49.0,52.0,39.0,,103,
278,Greg Camarillo\CamaGr00,MIA,WR,25,15,0,0,0,0,0,0,0,0,,0,10,8,160,20.00,2,0,,2,,,28,36.0,39.0,32.0,,105,
279,L.J. Smith\SmitL.00,PHI,TE,27,10,9,0,0,0,0,0,0,0,,0,43,22,236,10.73,1,1,1,1,,,28,49.6,53.6,38.6,,39,
280,Javon Walker\WalkJa00,DEN,WR,29,8,5,0,0,0,0,0,2,-3,-1.50,0,50,26,287,11.04,0,0,,0,,,28,54.4,57.4,41.4,,104,
281,Kelly Holcomb\HolcKe00,MIN,QB,34,3,3,42,83,515,2,1,0,0,,0,0,0,0,,0,1,,0,,,27,26.6,30.6,27.6,,55,
282,Vonta Leach\LeacVo00,HOU,RB,26,16,12,0,0,0,0,0,2,2,1.00,1,33,25,108,4.32,2,2,1,3,,,27,52.0,56.0,39.5,,82,
283,Will Heller\HellWi00,SEA,TE,26,16,6,0,0,0,0,0,0,0,,0,26,13,82,6.31,3,0,,3,,,26,39.2,39.2,32.7,,40,
284,Terrance Copper\CoppTe00,NOR,WR,25,15,1,0,0,0,0,0,0,0,,0,21,15,126,8.40,2,0,,2,,,25,39.6,42.6,32.1,,106,
285,Justin Griffith\GrifJu00,OAK,RB,27,16,11,0,0,0,0,0,7,27,3.86,0,36,26,165,6.35,1,0,,1,,,25,51.2,54.2,38.2,,84,
286,Sean McHugh\McHuSe00,DET,TE,25,15,12,0,0,0,0,0,0,0,,0,29,17,252,14.82,0,0,,0,,,25,42.2,45.2,33.7,,41,
287,Lawrence Vickers\VickLa00,CLE,RB,24,16,14,0,0,0,0,0,15,43,2.87,0,24,13,91,7.00,2,0,,2,,,25,38.4,38.4,31.9,,83,
288,Kevin Boss\BossKe00,NYG,TE,23,13,2,0,0,0,0,0,0,0,,0,14,9,118,13.11,2,0,,2,,,24,32.8,35.8,28.3,,42,
289,Ahmad Bradshaw\BradAh00,NYG,RB,21,12,0,0,0,0,0,0,23,190,8.26,1,5,2,12,6.00,0,2,1,1,,,24,26.2,30.2,25.2,,86,
290,Brent Celek\CeleBr00,PHI,TE,22,16,4,0,0,0,0,0,0,0,,0,22,16,178,11.13,1,0,,1,,,24,39.8,42.8,31.8,,43,
291,Craig Davis\DaviCr00,SDG,WR,22,13,1,0,0,0,0,0,3,9,3.00,0,34,20,188,9.40,1,1,1,1,,,24,43.7,47.7,33.7,,108,
292,Ben Obomanu\ObomBe00,SEA,WR,24,13,0,0,0,0,0,0,0,0,,0,29,12,180,15.00,1,0,,1,,,24,36.0,39.0,30.0,,107,
293,Anthony Thomas\ThomAn01,BUF,RB,30,10,2,0,0,0,0,0,36,89,2.47,0,20,15,95,6.33,1,0,,1,,,24,39.4,39.4,31.9,,85,
294,Justin McCareins\McCaJu00,NYJ,WR,29,16,6,0,0,0,0,0,0,0,,0,46,19,232,12.21,0,0,,0,,,23,42.2,45.2,32.7,,109,
295,Dante Rosario\RosaDa00,CAR,TE,23,16,2,0,0,0,0,0,0,0,,0,7,6,108,18.00,2,0,,2,,,23,28.8,31.8,25.8,,45,
296,Delanie Walker\WalkHu00,SFO,TE,23,16,10,0,0,0,0,0,0,0,,0,42,21,174,8.29,1,0,,1,,,23,44.4,47.4,33.9,,44,
297,Kris Wilson\WilsKr00,KAN,RB,26,16,12,0,0,0,0,0,3,7,2.33,0,50,24,180,7.50,1,2,1,1,,,23,46.7,50.7,34.7,,87,
298,Kyle Eckel\EckeKy00,NWE,RB,26,12,0,0,0,0,0,0,33,90,2.73,2,1,1,6,6.00,0,0,,2,,,22,22.6,22.6,22.1,,88,
299,Mike Karney\KarnMi00,NOR,RB,26,16,9,0,0,0,0,0,11,17,1.55,2,19,13,78,6.00,0,0,,2,,,22,34.5,34.5,28.0,,89,
300,Glenn Martinez\MartGl00,DEN,WR,26,12,1,0,0,0,0,0,0,0,,0,24,14,175,12.50,0,3,1,1,,,22,35.5,39.5,28.5,,110,
301,Casey Fitzsimmons\FitzCa00,DET,TE,27,16,5,0,0,0,0,0,0,0,,0,10,8,85,10.63,1,0,,2,,,21,28.5,28.5,24.5,,48,
302,Reggie Kelly\KellRe00,CIN,TE,30,15,15,0,0,0,0,0,0,0,,0,27,20,211,10.55,0,0,,0,,,21,41.1,44.1,31.1,,47,
303,Sinorice Moss\MossSi00,NYG,WR,24,13,2,0,0,0,0,0,1,4,4.00,0,37,21,225,10.71,0,1,1,0,,,21,41.9,45.9,31.4,,111,
304,Matt Spaeth\SpaeMa00,PIT,TE,24,14,5,0,0,0,0,0,0,0,,0,6,5,34,6.80,3,0,,3,,,21,26.4,26.4,23.9,,46,
305,James Thrash\ThraJa00,WAS,WR,32,12,4,0,0,0,0,0,0,0,,0,18,9,107,11.89,2,1,1,2,,,21,29.7,33.7,25.2,,112,
306,Hank Baskett\BaskHa00,PHI,WR,25,16,0,0,0,0,0,0,0,0,,0,22,16,142,8.88,1,0,,1,,,20,36.2,39.2,28.2,,113,
307,John Beck\BeckJo00,MIA,QB,26,5,4,60,107,559,1,3,9,12,1.33,1,0,0,0,,0,7,5,1,,1,20,19.6,30.6,22.6,,56,
308,Tony Curtis\CurtTo00,DAL,TE,24,16,0,0,0,0,0,0,0,0,,0,3,3,18,6.00,3,0,,3,,,20,22.8,22.8,21.3,,50,
309,De Dorsey\DorsDe00,CIN,RB,23,12,2,0,0,0,0,0,21,183,8.71,0,6,4,19,4.75,0,0,,0,,,20,24.2,27.2,22.2,,90,
310,Anthony Fasano\FasaAn00,DAL,TE,23,16,5,0,0,0,0,0,0,0,,0,21,14,143,10.21,1,0,,1,,,20,34.3,37.3,27.3,,49,
311,Garrett Wolfe\WolfGa00,CHI,RB,23,13,0,0,0,0,0,0,31,85,2.74,0,13,9,117,13.00,0,1,,0,,,20,29.2,32.2,24.7,,91,
312,Brooks Bollinger\BollBr00,MIN,QB,28,5,1,33,50,391,1,1,5,18,3.60,0,0,0,0,,0,1,1,0,1,,19,19.4,24.4,20.4,,57,
313,Kyle Brady\BradKy00,NWE,TE,35,14,9,0,0,0,0,0,0,0,,0,16,9,70,7.78,2,0,,2,,,19,28.0,28.0,23.5,,52,
314,John Broussard\BrouJo00,JAX,WR,24,8,0,0,0,0,0,0,0,0,,0,12,4,126,31.50,1,0,,1,,,19,22.6,25.6,20.6,,114,
315,Kerry Collins\CollKe00,TEN,QB,35,6,1,50,82,531,0,0,3,-3,-1.00,0,0,0,0,,0,1,1,0,,,19,18.9,22.9,18.9,,59,
316,Ben Patrick\PatrBe00,ARI,TE,23,8,3,0,0,0,0,0,0,0,,0,12,7,73,10.43,2,0,,2,,,19,26.3,26.3,22.8,,51,
317,Michael Robinson\RobiMi00,SFO,RB,24,15,1,0,0,0,0,0,26,121,4.65,0,13,11,73,6.64,0,1,,0,,,19,30.4,33.4,24.9,,92,
318,Seneca Wallace\WallSe00,SEA,QB,27,10,0,19,28,215,2,1,4,17,4.25,0,3,2,47,23.50,0,1,1,0,,,19,21.0,23.0,21.0,,58,
319,B.J. Askew\AskeB.00,TAM,RB,27,13,9,0,0,0,0,0,0,0,,0,21,18,175,9.72,0,0,,0,,,18,35.5,38.5,26.5,,93,
320,Tim Carter\CartTi00,CLE,WR,28,16,0,0,0,0,0,0,0,0,,0,22,8,117,14.63,1,0,,1,,,18,25.7,28.7,21.7,,115,
321,Joel Dreessen\DreeJo00,HOU,TE,25,13,0,0,0,0,0,0,0,0,,0,6,4,55,13.75,2,0,,2,,,18,21.5,21.5,19.5,,54,
322,George Wrighster\WrigGe00,JAX,TE,26,11,6,0,0,0,0,0,0,0,,0,24,17,123,7.24,1,0,,1,,,18,35.3,38.3,26.8,,53,
323,David Anderson\AndeDa01,HOU,WR,24,8,0,0,0,0,0,0,0,0,,0,17,12,131,10.92,1,1,1,1,,,17,29.1,33.1,23.1,,116,
324,Rashied Davis\DaviRa00,CHI,WR,28,16,1,0,0,0,0,0,0,0,,0,32,17,165,9.71,0,0,,0,,,17,33.5,36.5,25.0,,117,
325,Priest Holmes\HolmPr00,KAN,RB,34,4,2,0,0,0,0,0,46,137,2.98,0,10,5,17,3.40,0,0,,0,1,,17,22.4,25.4,19.9,,94,
326,Matt Schobel\SchoMa00,PHI,TE,29,15,6,0,0,0,0,0,0,0,,0,21,11,108,9.82,1,0,,1,,,17,27.8,30.8,22.3,,55,
327,Steve Breaston\BreaSt00,ARI,WR,24,16,0,0,0,0,0,0,2,8,4.00,0,14,8,92,11.50,0,0,,1,,,16,24.0,24.0,20.0,,119,
328,Christian Fauria\FaurCh00,CAR,TE,36,15,4,0,0,0,0,0,0,0,,0,6,5,39,7.80,2,0,,2,,,16,20.9,20.9,18.4,,57,
329,Bryan Fletcher\FletBr00,IND,TE,28,15,3,0,0,0,0,0,0,0,,0,27,18,143,7.94,0,0,,0,1,,16,34.3,37.3,25.3,,56,
330,Jerome Harrison\HarrJe00,CLE,RB,24,8,0,0,0,0,0,0,23,142,6.17,0,2,2,19,9.50,0,0,,0,,,16,18.1,21.1,17.1,,95,
331,John Madsen\MadsJo00,OAK,WR,24,16,3,0,0,0,0,0,0,0,,0,12,8,102,12.75,1,0,,1,,,16,24.2,27.2,20.2,,118,
332,Mewelde Moore\MoorMe00,MIN,RB,25,12,0,0,1,0,0,0,20,113,5.65,0,8,6,48,8.00,0,1,,0,,,16,22.1,25.1,19.1,,96,
333,Aaron Rodgers\RodgAa00,GNB,QB,24,2,0,20,28,218,1,0,7,29,4.14,0,0,0,0,,0,0,,0,,,16,15.6,15.6,15.6,,60,
334,Todd Yoder\YodeTo00,WAS,TE,29,15,1,0,0,0,0,0,0,0,,0,12,7,97,13.86,1,0,,1,,,16,22.7,22.7,19.2,,58,
335,Aveion Cason\CasoAv00,DET,RB,28,12,0,0,0,0,0,0,11,38,3.45,0,16,14,129,9.21,0,2,1,0,,,15,28.7,32.7,21.7,,99,
336,Brandon Manumaleuna\ManuBr00,SDG,TE,27,16,12,0,0,0,0,0,0,0,,0,15,10,86,8.60,1,0,,1,,,15,24.6,24.6,19.6,,59,
337,Travis Minor\MinoTr00,STL,RB,28,14,0,0,0,0,0,0,17,68,4.00,0,17,12,86,7.17,0,0,,0,,,15,27.4,27.4,21.4,,98,
338,Antonio Pittman\PittAn00,STL,RB,22,11,0,0,0,0,0,0,38,139,3.66,0,9,3,15,5.00,0,0,,0,,,15,18.4,21.4,16.9,,97,
339,Maurice Stovall\StovMa00,TAM,WR,22,15,1,0,0,0,0,0,0,0,,0,13,10,86,8.60,1,0,,1,,,15,24.6,24.6,19.6,,120,
340,Richard Angulo\AnguRi00,JAX,TE,27,5,0,0,0,0,0,0,0,0,,0,9,8,81,10.13,1,0,,1,,,14,22.1,22.1,18.1,,60,
341,Anthony Becht\BechAn00,TAM,TE,30,16,2,0,0,0,0,0,0,0,,0,7,5,20,4.00,2,0,,2,,,14,19.0,19.0,16.5,,61,
342,Reche Caldwell\CaldRe00,WAS,WR,28,8,1,0,0,0,0,0,0,0,,0,22,15,141,9.40,0,0,,0,,,14,29.1,32.1,21.6,,122,
343,Clifton Dawson\DawsCl00,2TM,RB,24,13,0,0,0,0,0,0,30,64,2.13,1,9,2,15,7.50,0,0,,1,,,14,15.9,15.9,14.9,,100,
344,Greg Estandia\EstaGr01,JAX,TE,25,10,0,0,0,0,0,0,0,0,,0,16,9,136,15.11,0,0,,0,,,14,22.6,25.6,18.1,,63,
345,Ben Hartsock\HartBe00,TEN,TE,27,16,9,0,0,0,0,0,0,0,,0,19,12,138,11.50,0,0,,0,,,14,25.8,28.8,19.8,,62,
346,Sean Morey\MoreSe00,ARI,WR,31,15,0,0,0,0,0,0,1,13,13.00,0,17,8,131,16.38,0,0,,0,,,14,22.4,25.4,18.4,,121,
347,Mark Bradley\BradMa00,CHI,WR,25,15,0,0,0,0,0,0,0,0,,0,17,6,71,11.83,1,0,,1,,,13,19.1,19.1,16.1,,123,
348,Patrick Cobbs\CobbPa00,MIA,RB,24,14,0,0,0,0,0,0,15,47,3.13,1,6,2,20,10.00,0,0,,1,,,13,14.7,14.7,13.7,,102,
349,Brandon Middleton\MiddBr00,DET,WR,26,5,0,0,0,0,0,0,0,0,,0,10,8,70,8.75,1,0,,1,,,13,21.0,21.0,17.0,,124,
350,Tim Rattay\RattTi00,ARI,QB,30,4,0,15,27,164,3,3,2,5,2.50,0,0,0,0,,0,2,,0,,,13,13.1,16.1,16.1,,62,
351,Cory Ross\RossCo00,BAL,RB,25,6,0,0,0,0,0,0,12,72,6.00,1,0,0,0,,0,2,,1,,,13,13.2,13.2,13.2,,101,
352,JaMarcus Russell\RussJa00,OAK,QB,22,4,1,36,66,373,2,4,5,4,0.80,0,0,0,0,,0,4,2,0,,1,13,13.3,22.3,17.3,,61,
353,Marcel Shipp\ShipMa00,ARI,RB,29,16,0,0,0,0,0,0,15,41,2.73,1,15,4,25,6.25,0,0,,1,,,13,16.6,16.6,14.6,,103,
354,Craphonso Thorpe\ThorCr00,IND,WR,24,5,0,0,0,0,0,0,0,0,,0,20,12,70,5.83,1,0,,1,,,13,25.0,25.0,19.0,,125,
355,Daniel Coats\CoatDa00,CIN,TE,23,15,3,0,0,0,0,0,0,0,,0,16,12,122,10.17,0,0,,0,,,12,24.2,27.2,18.2,,64,
356,Carey Davis\DaviCa00,PIT,RB,26,16,7,0,0,0,0,0,17,68,4.00,0,14,12,49,4.08,0,0,,0,,,12,23.7,23.7,17.7,,104,
357,Yamon Figurs\FiguYa00,BAL,WR,24,14,0,0,0,0,0,0,1,-1,-1.00,0,3,1,36,36.00,0,4,2,2,,,12,12.5,14.5,12.0,,126,
358,Jeremi Johnson\JohnJe00,CIN,RB,27,16,9,0,0,0,0,0,7,25,3.57,0,7,6,32,5.33,1,0,,1,,,12,17.7,17.7,14.7,,105,
359,Ashley Lelie\LeliAs00,SFO,WR,27,15,3,0,0,0,0,0,0,0,,0,27,10,115,11.50,0,1,,0,,,12,21.5,24.5,16.5,,127,
360,Lorenzo Neal*+\NealLo00,SDG,RB,37,13,8,0,0,0,0,0,13,32,2.46,0,11,8,23,2.88,1,1,,1,,,12,19.5,19.5,15.5,,106,
361,Charlie Batch\BatcCh00,PIT,QB,33,7,1,17,36,232,2,3,12,-7,-0.58,0,0,0,0,,0,0,,0,,,11,10.6,13.6,13.6,,64,
362,Jackie Battle\BattJa00,KAN,RB,24,3,0,0,0,0,0,0,14,47,3.36,1,5,1,4,4.00,0,0,,1,,,11,12.1,12.1,11.6,,108,
363,Troy Bienemann\BienTr00,ARI,TE,24,16,4,0,0,0,0,0,0,0,,0,11,7,46,6.57,1,0,,1,,,11,17.6,17.6,14.1,,65,
364,Jacoby Jones\JoneJa03,HOU,WR,23,14,3,0,0,0,0,0,3,-1,-0.33,0,24,15,149,9.93,0,2,2,0,,,11,25.8,30.8,18.3,,128,
365,Eddie Kennison\KennEd00,KAN,WR,34,8,8,0,0,0,0,0,1,5,5.00,0,26,13,101,7.77,0,1,,0,,,11,23.6,26.6,17.1,,129,
366,Le'Ron McClain\McClLe00,BAL,RB,23,16,11,0,0,0,0,0,8,18,2.25,0,13,9,55,6.11,1,1,1,1,,,11,20.3,21.3,15.8,,107,
367,Patrick Ramsey\RamsPa00,DEN,QB,28,2,0,29,48,262,1,1,2,6,3.00,0,0,0,0,,0,2,1,0,,,11,11.1,13.1,12.1,,63,
368,Devin Aromashodu\AromDe00,IND,WR,23,6,1,0,0,0,0,0,0,0,,0,17,7,96,13.71,0,0,,0,,,10,16.6,16.6,13.1,,134,
369,Malcom Floyd\FloyMa00,SDG,WR,26,6,1,0,0,0,0,0,0,0,,0,13,7,97,13.86,0,0,,0,,,10,16.7,16.7,13.2,,132,
370,Bryan Gilmore\GilmBr00,SFO,WR,29,10,0,0,0,0,0,0,1,-8,-8.00,0,19,7,111,15.86,0,0,,0,,,10,17.3,20.3,13.8,,130,
371,Marques Hagans\HagaMa00,STL,WR,25,4,1,0,0,0,0,0,2,-4,-2.00,0,15,8,101,12.63,0,2,,0,,,10,17.7,20.7,13.7,,133,
372,Steve Heiden\HeidSt00,CLE,TE,31,16,6,0,0,0,0,0,0,0,,0,21,12,104,8.67,0,0,,0,,,10,22.4,25.4,16.4,,66,
373,Brad Hoover\HoovBr00,CAR,RB,31,16,12,0,0,0,0,0,12,39,3.25,0,14,10,58,5.80,0,0,,0,,,10,19.7,19.7,14.7,,113,
374,Adam Jennings\JennAd00,ATL,WR,25,16,2,0,0,0,0,0,0,0,,0,6,6,62,10.33,1,1,1,1,,,10,16.2,17.2,13.2,,131,
375,Jim Kleinsasser\KleiJi00,MIN,TE,30,16,10,0,0,0,0,0,0,0,,0,10,4,43,10.75,1,0,,1,,,10,14.3,14.3,12.3,,67,
376,Joe Klopfenstein\KlopJo00,STL,TE,24,16,11,0,0,0,0,0,0,0,,0,3,2,37,18.50,1,0,,1,,,10,11.7,11.7,10.7,,69,
377,Luke Lawton\LawtLu00,IND,RB,27,11,0,0,0,0,0,0,5,13,2.60,0,4,4,29,7.25,1,0,,1,,,10,14.2,14.2,12.2,,112,
378,Ovie Mughelli\MughOv00,ATL,RB,27,16,7,0,0,0,0,0,6,7,1.17,1,10,6,36,6.00,0,0,,1,,,10,16.3,16.3,13.3,,110,
379,Jeb Putzier\PutzJe00,HOU,TE,28,8,1,0,0,0,0,0,0,0,,0,10,6,39,6.50,1,0,,1,,,10,15.9,15.9,12.9,,68,
380,Tony Richardson *\RichTo00,MIN,RB,36,14,3,0,0,0,0,0,7,13,1.86,0,16,11,89,8.09,0,0,,0,,,10,21.2,21.2,15.7,,111,
381,Jason Snelling\SnelJa00,ATL,RB,24,7,0,0,0,0,0,0,13,43,3.31,1,0,0,0,,0,0,,1,,,10,10.3,10.3,10.3,,109,
382,Nate Jackson\JackNa00,DEN,WR,28,5,1,0,0,0,0,0,0,0,,0,4,3,34,11.33,1,0,,1,,,9,12.4,12.4,10.9,,135,
383,Taylor Jacobs\JacoTa00,2TM,WR,26,10,0,0,0,0,0,0,1,-8,-8.00,0,9,3,40,13.33,1,0,,1,,,9,12.2,12.2,10.7,,136,
384,Deuce McAllister\McAlDe00,NOR,RB,29,3,3,0,0,0,0,0,24,92,3.83,0,5,4,15,3.75,0,1,1,0,,,9,12.7,13.7,10.7,,118,
385,Jason McKie\McKiJa00,CHI,RB,27,16,11,0,0,0,0,0,6,17,2.83,1,15,9,33,3.67,0,1,1,1,,,9,18.0,19.0,13.5,,117,
386,Jim Sorgi\SorgJi00,IND,QB,27,4,0,18,36,132,1,0,6,-4,-0.67,0,0,0,0,,0,0,,0,,,9,8.9,8.9,8.9,,65,
387,Mack Strong\StroMa00,SEA,RB,36,5,2,0,0,0,0,0,4,19,4.75,0,12,9,72,8.00,0,0,,0,,,9,18.1,18.1,13.6,,116,
388,LaBrandon Toefield\ToefLa00,JAX,RB,27,2,1,0,0,0,0,0,13,27,2.08,1,1,1,4,4.00,0,0,,1,,,9,10.1,10.1,9.6,,114,
389,Dwayne Wright\WrigDw01,BUF,RB,24,15,0,0,0,0,0,0,29,94,3.24,0,3,3,17,5.67,0,1,1,0,,,9,12.1,13.1,10.6,,115,
390,Wallace Wright\WrigWa00,NYJ,WR,23,16,1,0,0,0,0,0,0,0,,0,11,6,87,14.50,0,0,,0,,,9,14.7,14.7,11.7,,137,
391,Adimchinobe Echemandu\EcheAd00,2TM,RB,27,9,0,0,0,0,0,0,20,85,4.25,0,2,2,11,5.50,0,1,1,0,,,8,9.6,10.6,8.6,,119,
392,Tony Hunt\HuntTo01,PHI,RB,22,8,0,0,0,0,0,0,10,16,1.60,1,0,0,0,,0,0,,1,,,8,7.6,7.6,7.6,,120,
393,Dwayne Jarrett\JarrDw00,CAR,WR,21,7,0,0,0,0,0,0,1,11,11.00,0,13,6,73,12.17,0,0,,0,,,8,14.4,14.4,11.4,,138,
394,Joe Kowalewski\KowaJo00,NYJ,TE,25,13,2,0,0,0,0,0,0,0,,0,9,5,18,3.60,1,0,,1,,,8,12.8,12.8,10.3,,70,
395,Byron Leftwich\LeftBy00,ATL,QB,27,3,2,32,58,279,1,2,6,7,1.17,0,0,0,0,,0,6,2,0,,,8,7.9,11.9,9.9,,67,
396,Chad Lucas\LucaCh00,TAM,WR,26,2,1,0,0,0,0,0,0,0,,0,5,5,82,16.40,0,0,,0,,,8,13.2,13.2,10.7,,139,
397,Jerome Mathis\MathJe00,HOU,WR,24,3,0,0,0,0,0,0,0,0,,0,1,1,15,15.00,0,0,,1,,,8,8.5,8.5,8.0,,140,
398,Chris Weinke\WeinCh00,SFO,QB,35,2,1,13,22,104,1,0,0,0,,0,0,0,0,,0,0,,0,,,8,8.2,8.2,8.2,,66,
399,Daniel Wilcox\WilcDa01,BAL,TE,30,5,2,0,0,0,0,0,0,0,,0,11,6,18,3.00,1,0,,1,,,8,13.8,13.8,10.8,,71,
400,Mike Anderson\AndeMi00,BAL,RB,34,8,0,0,0,0,0,0,15,62,4.13,0,4,4,26,6.50,0,2,1,0,,,7,10.8,11.8,8.8,,123,
401,Brian Calhoun\CalhBr00,DET,RB,23,4,0,0,0,0,0,0,7,35,5.00,0,5,5,35,7.00,0,0,,0,,,7,12.0,12.0,9.5,,121,
402,Matt Cassel\CassMa00,NWE,QB,25,6,0,4,7,38,0,1,4,12,3.00,1,0,0,0,,0,1,,1,,,7,6.7,7.7,7.7,,68,
403,Ahmard Hall\HallAh00,TEN,RB,28,11,4,0,0,0,0,0,1,8,8.00,0,12,9,60,6.67,0,0,,0,,,7,15.8,15.8,11.3,,124,
404,Aaron Moorehead\MoorAa00,IND,WR,27,8,2,0,0,0,0,0,0,0,,0,22,8,65,8.13,0,0,,0,,,7,14.5,14.5,10.5,,144,
405,Legedu Naanee\NaanLe00,SDG,WR,24,13,0,0,0,0,0,0,0,0,,0,13,8,69,8.63,0,0,,0,,,7,14.9,14.9,10.9,,142,
406,Peerless Price\PricPe00,BUF,WR,31,4,4,0,0,0,0,0,0,0,,0,13,7,68,9.71,0,0,,0,,,7,13.8,13.8,10.3,,143,
407,Thomas Tapeh\TapeTh00,PHI,RB,27,16,8,0,0,0,0,0,5,18,3.60,0,11,8,50,6.25,0,0,,0,,,7,14.8,14.8,10.8,,122,
408,Jerame Tuman\TumaJe00,PIT,TE,31,6,1,0,0,0,0,0,0,0,,0,2,1,9,9.00,1,0,,1,,,7,7.9,7.9,7.4,,72,
409,Mike Williams\WillMi03,2TM,WR,23,8,1,0,0,0,0,0,0,0,,0,23,7,90,12.86,0,1,1,0,,,7,14.0,15.0,10.5,,141,
410,Deon Anderson\AndeDe01,DAL,RB,24,8,4,0,0,0,0,0,0,0,,0,6,6,55,9.17,0,0,,0,,,6,11.5,11.5,8.5,,127,
411,Jameel Cook\CookJa00,HOU,RB,28,16,0,0,0,0,0,0,8,24,3.00,0,8,8,40,5.00,0,0,,0,,,6,14.4,14.4,10.4,,125,
412,Chad Mustard\MustCh00,DEN,TE,30,12,2,0,0,0,0,0,0,0,,0,7,5,62,12.40,0,0,,0,,,6,11.2,11.2,8.7,,73,
413,Craig Nall\NallCr00,GNB,QB,28,1,0,7,15,88,1,0,5,6,1.20,0,0,0,0,,0,2,1,0,,,6,6.1,7.1,6.1,,69,
414,Moran Norris\NorrMo00,SFO,RB,29,16,5,0,0,0,0,0,7,17,2.43,0,11,6,38,6.33,0,0,,0,,,6,11.5,11.5,8.5,,128,
415,Steve Smith\SmitSt02,NYG,WR,22,5,0,0,0,0,0,0,0,0,,0,14,8,63,7.88,0,0,,0,,,6,14.3,14.3,10.3,,145,
416,Terrelle Smith\SmitTe00,ARI,RB,29,16,10,0,0,0,0,0,1,3,3.00,0,11,7,59,8.43,0,0,,0,,,6,13.2,13.2,9.7,,126,
417,Micheal Spurlock\SpurMi00,TAM,,24,7,0,0,0,0,0,0,0,0,,0,2,0,0,,0,0,,1,,,6,6.0,6.0,6.0,,146,
418,Dwayne Blakley\BlakDw00,ATL,TE,28,12,3,0,0,0,0,0,0,0,,0,9,7,48,6.86,0,0,,0,,,5,11.8,11.8,8.3,,75,
419,Bruce Gradkowski\GradBr00,TAM,QB,24,4,0,13,24,130,0,1,7,20,2.86,0,0,0,0,,0,0,,0,,,5,5.2,6.2,6.2,,70,
420,Korey Hall\HallKo99,GNB,RB,24,14,10,0,0,0,0,0,0,0,,0,11,8,49,6.13,0,0,,0,,,5,12.9,12.9,8.9,,130,
421,Gilbert Harris\HarrGi00,KAN,RB,23,4,0,0,0,0,0,0,9,9,1.00,0,4,3,38,12.67,0,1,,0,,,5,7.7,7.7,6.2,,131,
422,Madison Hedgecock\HedgMa00,2TM,RB,26,16,9,0,0,0,0,0,0,0,,0,12,7,52,7.43,0,0,,0,,,5,12.2,12.2,8.7,,129,
423,Martrez Milner\MilnMa00,ATL,TE,23,8,2,0,0,0,0,0,0,0,,0,9,9,50,5.56,0,0,,0,,,5,14.0,14.0,9.5,,74,
424,Artose Pinner\PinnAr00,ATL,RB,29,7,0,0,0,0,0,0,5,46,9.20,0,0,0,0,,0,0,,0,,,5,4.6,4.6,4.6,,132,
425,Sean Ryan\RyanSe00,NYJ,TE,27,10,1,0,0,0,0,0,0,0,,0,5,3,46,15.33,0,0,,0,,,5,7.6,7.6,6.1,,77,
426,Ben Troupe\TrouBe00,TEN,TE,25,16,2,0,0,0,0,0,1,-1,-1.00,0,9,5,47,9.40,0,0,,0,,,5,9.6,9.6,7.1,,76,
427,Dominique Byrd\ByrdDo00,STL,TE,23,9,0,0,0,0,0,0,0,0,,0,5,4,44,11.00,0,0,,0,,,4,8.4,8.4,6.4,,78,
428,Jeff Dugan\DugaJe00,MIN,TE,26,16,3,0,0,0,0,0,2,7,3.50,0,8,7,57,8.14,0,1,1,0,,,4,11.4,12.4,7.9,,79,
429,Domenik Hixon\HixoDo00,2TM,WR,23,16,1,0,0,0,0,0,1,-8,-8.00,0,1,1,5,5.00,0,1,1,1,,,4,4.7,5.7,4.2,,151,
430,Dane Looker\LookDa00,STL,WR,31,13,0,0,0,0,0,0,0,0,,0,14,6,38,6.33,0,0,,0,,,4,9.8,9.8,6.8,,149,
431,Anthony Mix\MixxAn00,2TM,WR,24,9,0,0,0,0,0,0,0,0,,0,5,3,39,13.00,0,0,,0,,,4,6.9,6.9,5.4,,148,
432,Courtney Taylor\TaylCo00,SEA,WR,23,8,0,0,0,0,0,0,0,0,,0,6,5,38,7.60,0,0,,0,,,4,8.8,8.8,6.3,,150,
433,David Tyree\TyreDa00,NYG,WR,27,12,0,0,0,0,0,0,0,0,,0,5,4,35,8.75,0,0,,0,,,4,7.5,7.5,5.5,,152,
434,George Wilson\WilsGe01,BUF,,26,12,9,0,0,0,0,0,0,0,,0,0,0,0,,0,1,1,2,,,4,4.0,5.0,4.0,,147,
435,Kenneth Darby\DarbKe00,TAM,RB,25,1,0,0,0,0,0,0,2,9,4.50,0,3,2,16,8.00,0,0,,0,,,3,4.5,4.5,3.5,,135,
436,Skyler Green\GreeSk20,CIN,WR,23,7,0,0,0,0,0,0,1,1,1.00,0,4,3,33,11.00,0,0,,0,,,3,6.4,6.4,4.9,,154,
437,Brad Johnson\JohnBr00,DAL,QB,39,16,0,7,11,79,0,0,5,-5,-1.00,0,0,0,0,,0,0,,0,,,3,2.7,2.7,2.7,,72,
438,Michael Matthews\MattMi00,NYG,TE,24,16,6,0,0,0,0,0,0,0,,0,13,6,28,4.67,0,0,,0,,,3,8.8,8.8,5.8,,80,
439,Garrett Mills\MillGa01,MIN,RB,24,1,0,0,0,0,0,0,0,0,,0,3,2,26,13.00,0,0,,0,,,3,4.6,4.6,3.6,,134,
440,J.T. O'Sullivan\OSulJ.00,DET,QB,28,4,0,13,26,148,1,2,4,-10,-2.50,0,0,0,0,,0,3,1,0,,,3,2.9,5.9,4.9,,71,
441,Willie Reid\ReidWi00,PIT,WR,25,6,0,0,0,0,0,0,0,0,,0,6,4,54,13.50,0,1,1,0,,,3,7.4,8.4,5.4,,153,
442,Tyson Thompson\ThomTy00,DAL,RB,26,8,0,0,0,0,0,0,14,54,3.86,0,0,0,0,,0,1,1,0,,,3,3.4,4.4,3.4,,133,
443,Chris Barclay\BarcCh00,2TM,RB,24,5,0,0,0,0,0,0,1,3,3.00,0,3,2,13,6.50,0,0,,0,,,2,3.6,3.6,2.6,,140,
444,Justin Green\GreeJu00,BAL,RB,25,15,0,0,0,0,0,0,0,0,,0,2,2,16,8.00,0,0,,0,,,2,3.6,3.6,2.6,,141,
445,Alex Haynes\HaynAl00,CAR,RB,25,10,0,0,0,0,0,0,3,3,1.00,0,3,3,14,4.67,0,0,,0,,,2,4.7,4.7,3.2,,138,
446,Dan Kreider\KreiDa00,PIT,RB,30,10,4,0,0,0,0,0,1,2,2.00,0,3,1,15,15.00,0,0,,0,,,2,2.7,2.7,2.2,,139,
447,Chris McFoy\McFoCh00,OAK,WR,24,3,0,0,0,0,0,0,0,0,,0,2,1,19,19.00,0,0,,0,,,2,2.9,2.9,2.4,,156,
448,Kassim Osgood*\OsgoKa00,SDG,WR,27,16,0,0,0,0,0,0,0,0,,0,3,2,23,11.50,0,0,,0,,,2,4.3,4.3,3.3,,155,
449,Brady Quinn\QuinBr00,CLE,QB,23,1,0,3,8,45,0,0,0,0,,0,0,0,0,,0,0,,0,,,2,1.8,1.8,1.8,,73,
450,Gary Russell\RussGa00,PIT,RB,21,3,0,0,0,0,0,0,7,21,3.00,0,0,0,0,,0,0,,0,,,2,2.1,2.1,2.1,,137,
451,Derek Schouman\SchoDe00,BUF,TE,22,3,1,0,0,0,0,0,0,0,,0,3,3,19,6.33,0,0,,0,,,2,4.9,4.9,3.4,,81,
452,Naufahu Tahi\TahiNa00,MIN,RB,26,10,0,0,0,0,0,0,6,15,2.50,0,1,1,7,7.00,0,0,,0,,,2,3.2,3.2,2.7,,136,
453,Andrew Walter\WaltAn00,OAK,QB,25,1,0,5,8,38,0,0,0,0,,0,0,0,0,,0,0,,0,,,2,1.5,1.5,1.5,,74,
454,Sam Aiken\AikeSa00,BUF,WR,27,12,0,0,0,0,0,0,0,0,,0,2,1,10,10.00,0,0,,0,,,1,2.0,2.0,1.5,,160,
455,Brock Berlin\BerlBr00,STL,QB,26,1,1,17,28,153,0,1,3,-16,-5.33,0,0,0,0,,0,2,1,0,,,1,0.5,2.5,1.5,,76,
456,Shaun Bodiford\BodiSh00,GNB,WR,25,6,0,0,0,0,0,0,0,0,,0,1,1,13,13.00,0,0,,0,,,1,2.3,2.3,1.8,,158,
457,Chris Davis\DaviCh03,NYJ,WR,24,2,0,0,0,0,0,0,1,3,3.00,0,1,1,3,3.00,0,0,,0,,,1,1.6,1.6,1.1,,163,
458,Darnell Dinkins\DinkDa00,CLE,TE,30,15,0,0,0,0,0,0,0,0,,0,1,1,8,8.00,0,0,,0,,,1,1.8,1.8,1.3,,90,
459,Jason Dunn\DunnJa00,KAN,TE,34,16,3,0,0,0,0,0,0,0,,0,3,2,9,4.50,0,0,,0,,,1,2.9,2.9,1.9,,87,
460,Biren Ealy\EalyBi00,TEN,WR,23,4,0,0,0,0,0,0,0,0,,0,3,1,6,6.00,0,0,,0,,,1,1.6,1.6,1.1,,161,
461,John Gilmore\GilmJo00,CHI,TE,28,15,1,0,0,0,0,0,0,0,,0,7,3,14,4.67,0,0,,0,,,1,4.4,4.4,2.9,,83,
462,Aaron Halterman\HaltAa00,MIA,TE,25,9,0,0,0,0,0,0,0,0,,0,3,1,7,7.00,0,0,,0,,,1,1.7,1.7,1.2,,91,
463,Verron Haynes\HaynVe00,PIT,RB,28,1,0,0,0,0,0,0,0,0,,0,2,1,12,12.00,0,0,,0,,,1,2.2,2.2,1.7,,142,
464,Jason Hill\HillJa00,SFO,WR,22,5,0,0,0,0,0,0,0,0,,0,2,1,6,6.00,0,0,,0,,,1,1.6,1.6,1.1,,162,
465,Brian Kozlowski\KozlBr00,WAS,TE,37,3,0,0,0,0,0,0,0,0,,0,1,1,5,5.00,0,0,,0,,,1,1.5,1.5,1.0,,93,
466,Ryan Krause\KrauRy00,GNB,TE,26,9,0,0,0,0,0,0,0,0,,0,2,2,11,5.50,0,0,,0,,,1,3.1,3.1,2.1,,86,
467,John Kuhn\KuhnJo00,GNB,RB,25,16,1,0,0,0,0,0,0,0,,0,3,2,7,3.50,0,0,,0,,,1,2.7,2.7,1.7,,144,
468,Brandon Lloyd\LloyBr00,WAS,WR,26,8,1,0,0,0,0,0,0,0,,0,11,2,14,7.00,0,0,,0,,,1,3.4,3.4,2.4,,157,
469,Jared Lorenzen\LoreJa00,NYG,QB,26,2,0,4,8,28,0,0,1,2,2.00,0,0,0,0,,0,0,,0,,,1,1.3,1.3,1.3,,75,
470,Reagan Maui'a\MauiRe00,MIA,RB,23,16,9,0,0,0,0,0,4,5,1.25,0,3,2,5,2.50,0,1,,0,,,1,3.0,3.0,2.0,,143,
471,Marcus Maxwell\MaxwMa00,CIN,WR,24,5,0,0,0,0,0,0,0,0,,0,2,1,5,5.00,0,0,,0,,,1,1.5,1.5,1.0,,165,
472,Ryan Neufeld\NeufRy00,BUF,TE,32,9,1,0,0,0,0,0,0,0,,0,2,2,14,7.00,0,0,,0,,,1,3.4,3.4,2.4,,82,
473,John Owens\OwenJo00,2TM,TE,27,15,0,0,0,0,0,0,0,0,,0,3,2,13,6.50,0,0,,0,,,1,3.3,3.3,2.3,,84,
474,Richard Owens\OwenRi00,STL,TE,27,14,1,0,0,0,0,0,0,0,,0,2,1,9,9.00,0,0,,0,,,1,1.9,1.9,1.4,,88,
475,Andrew Pinnock\PinnAn00,SDG,RB,27,10,3,0,0,0,0,0,4,1,0.25,0,4,1,5,5.00,0,0,,0,,,1,1.6,1.6,1.1,,145,
476,Jason Pociask\PociJa00,NYJ,TE,24,4,0,0,0,0,0,0,0,0,,0,1,1,7,7.00,0,0,,0,,,1,1.7,1.7,1.2,,92,
477,Isaac Smolko\SmolIs00,JAX,TE,24,6,0,0,0,0,0,0,0,0,,0,2,1,5,5.00,0,0,,0,,,1,1.5,1.5,1.0,,94,
478,Derek Stanley\StanDe00,STL,WR,22,3,0,0,0,0,0,0,1,5,5.00,0,1,0,0,,0,1,,0,,,1,0.5,0.5,0.5,,164,
479,David Thomas\ThomDa02,NWE,TE,24,2,0,0,0,0,0,0,0,0,,0,1,1,9,9.00,0,0,,0,,,1,1.9,1.9,1.4,,89,
480,Aaron Walker\WalkAa00,STL,TE,27,7,3,0,0,0,0,0,0,0,,0,3,2,13,6.50,0,0,,0,,,1,3.3,3.3,2.3,,85,
481,Matt Willis\WillMa00,BAL,WR,23,5,0,0,0,0,0,0,0,0,,0,1,1,11,11.00,0,0,,0,,,1,2.1,2.1,1.6,,159,
482,Rich Alexis\AlexRi00,STL,,26,1,0,0,0,0,0,0,0,0,,0,,0,0,,0,0,,0,,,,,,,,160,
483,Charles Ali\AlixCh00,CLE,,23,13,0,0,0,0,0,0,0,0,,0,,0,0,,0,0,,0,,,,,,,,156,
484,Courtney Anderson\AndeCo00,2TM,,27,4,0,0,0,0,0,0,0,0,,0,0,0,0,,0,0,,0,,,,,,,,118,
485,Billy Bajema\BajeBi00,SFO,,25,14,2,0,0,0,0,0,0,0,,0,1,0,0,,0,0,,0,,,,,,,,108,
486,Darian Barnes\BarnDa00,NYJ,,27,5,3,0,0,0,0,0,0,0,,0,,0,0,,0,0,,0,,,,,,,,1,
487,Todd Bouman\BoumTo00,STL,,35,1,0,0,0,0,0,0,0,0,,0,,0,0,,0,0,,0,,,,,,,,78,
488,Jon Bradley\BradJo20,DET,RB,26,15,6,0,0,0,0,0,5,9,1.80,0,4,2,10,5.00,0,1,1,0,,,,1.9,2.9,0.9,,167,
489,Jamaal Branch\BranJa00,NOR,,26,4,0,0,0,0,0,0,0,0,,0,,0,0,,0,0,,0,,,,,,,,164,
490,Mark Bruener\BrueMa00,HOU,,35,14,1,0,0,0,0,0,0,0,,0,1,0,0,,0,0,,0,,,,,,,,125,
491,Dan Campbell\CampDa00,DET,TE,31,2,1,0,0,0,0,0,0,0,,0,1,1,1,1.00,0,0,,0,,,,1.1,1.1,0.6,,97,
492,Rock Cartwright\CartRo01,WAS,RB,28,15,0,0,0,0,0,0,2,0,0.00,0,0,0,0,,0,0,,0,,,,,,,,155,
493,Scott Chandler\ChanSc00,SDG,,22,1,0,0,0,0,0,0,0,0,,0,,0,0,,0,0,,0,,,,,,,,123,
494,Brad Cieslak\CiesBr00,BUF,,25,2,0,0,0,0,0,0,0,0,,0,,0,0,,0,0,,0,,,,,,,,120,
495,Casey Cramer\CramCa00,TEN,,25,5,1,0,0,0,0,0,0,0,,0,1,0,0,,0,0,,0,,,,,,,,158,
496,Zack Crockett\CrocZa00,TAM,RB,35,1,0,0,0,0,0,0,1,0,0.00,0,0,0,0,,0,0,,0,,,,,,,,157,
497,P.J. Daniels\DaniP.00,BAL,,25,1,0,0,0,0,0,0,0,0,,0,,0,0,,0,0,,0,,,,,,,,163,
498,James Dearth\DearJa00,NYJ,,31,16,0,0,0,0,0,0,0,0,,0,,0,0,,0,0,,0,,,,,,,,107,
499,John Dekker\DekkJo00,PIT,,24,3,0,0,0,0,0,0,0,0,,0,,0,0,,0,0,,0,,,,,,,,100,
500,Ken Dorsey\DorsKe00,CLE,,26,1,0,0,0,0,0,0,0,0,,0,,0,0,,0,0,,0,,,,,,,,79,
501,Robert Douglas\DougRo00,NYG,,25,1,0,0,0,0,0,0,0,0,,0,,0,0,,0,0,,0,,,,,,,,159,
502,Patrick Estes\EstePa00,SFO,,24,1,0,0,0,0,0,0,0,0,,0,,0,0,,0,0,,0,,,,,,,,119,
503,Tim Euhus\EuhuTi00,ARI,,27,10,0,0,0,0,0,0,0,0,,0,0,0,0,,0,0,,0,,,,,,,,104,
504,Kevin Everett\EverKe00,BUF,TE,25,1,1,0,0,0,0,0,0,0,,0,1,1,3,3.00,0,0,,0,,,,1.3,1.3,0.8,,96,
505,Jimmy Farris\FarrJi00,WAS,,29,2,0,0,0,0,0,0,0,0,,0,,0,0,,0,0,,0,,,,,,,,170,
506,Ryan Fitzpatrick\FitzRy00,CIN,,25,1,0,0,0,0,0,0,0,0,,0,,0,0,,0,0,,0,,,,,,,,80,
507,Chris Francies\FranCh00,GNB,,25,1,0,0,0,0,0,0,0,0,,0,,0,0,,0,0,,0,,,,,,,,172,
508,Quinton Ganther\GantQu00,TEN,,23,2,0,0,0,0,0,0,0,0,,0,1,0,0,,0,0,,0,,,,,,,,154,
509,Michael Gasperson\GaspMi00,PHI,,25,1,0,0,0,0,0,0,0,0,,0,1,0,0,,0,0,,0,,,,,,,,174,
510,Lionel Gates\GateLi00,TAM,,25,1,0,0,0,0,0,0,0,0,,0,,0,0,,0,0,,0,,,,,,,,165,
511,Chas Gessner\GessCh00,TAM,,26,1,0,0,0,0,0,0,0,0,,0,0,0,0,,0,0,,0,,,,,,,,181,
512,Ronnie Ghent\GhenRo00,NOR,,27,8,0,0,0,0,0,0,0,0,,0,1,0,0,,0,0,,0,,,,,,,,113,
513,Terry Glenn\GlenTe00,DAL,,33,1,0,0,0,0,0,0,0,0,,0,1,0,0,,0,0,,0,,,,,,,,178,
514,Roy Hall\HallRo02,IND,,24,3,0,0,0,0,0,0,0,0,,0,0,0,0,,0,0,,0,,,,,,,,169,
515,Mike Hass\HassMi00,CHI,,24,1,0,0,0,0,0,0,0,0,,0,,0,0,,0,0,,0,,,,,,,,177,
516,Tim Hasselbeck\HassTi00,ARI,QB,29,1,0,0,0,0,0,0,1,-1,-1.00,0,0,0,0,,0,0,,0,,,,-0.1,-0.1,-0.1,,83,
517,Keith Heinrich\HeinKe00,TAM,,28,4,0,0,0,0,0,0,0,0,,0,,0,0,,0,0,,0,,,,,,,,98,
518,Nathan Hodel\HodeNa20,ARI,,30,16,0,0,0,0,0,0,0,0,,0,,0,0,,0,0,,0,,,,,,,,112,
519,Carlyle Holiday\HoliCa00,GNB,,26,1,0,0,0,0,0,0,0,0,,0,,0,0,,0,0,,0,,,,,,,,179,
520,Oliver Hoyte\HoytOl20,DAL,RB,23,10,9,0,0,0,0,0,0,0,,0,4,1,2,2.00,0,0,,0,,,,1.2,1.2,0.7,,147,
521,Chad Jackson\JackCh00,NWE,,22,2,0,0,0,0,0,0,0,0,,0,0,0,0,,0,0,,0,,,,,,,,180,
522,Justin Jenkins\JenkJu00,BUF,,27,11,0,0,0,0,0,0,0,0,,0,1,0,0,,0,0,,0,,,,,,,,168,
523,Brian Jennings\JennBr00,SFO,,31,16,0,0,0,0,0,0,0,0,,0,,0,0,,0,0,,0,,,,,,,,122,
524,Kyle Johnson\JohnKy00,DEN,,29,1,0,0,0,0,0,0,0,0,,0,0,0,0,,0,0,,0,,,,,,,,152,
525,Bennie Joppru\JoppBe00,SEA,,27,13,0,0,0,0,0,0,0,0,,0,0,0,0,,0,0,,0,,,,,,,,110,
526,David Kirtman\KirtDa00,SEA,,24,6,0,0,0,0,0,0,0,0,,0,,0,0,,0,0,,0,,,,,,,,166,
527,Nate Lawrie\LawrNa00,CIN,,26,3,2,0,0,0,0,0,0,0,,0,0,0,0,,0,0,,0,,,,,,,,109,
528,Mike Leach\LeacMi00,DEN,,31,16,0,0,0,0,0,0,0,0,,0,,0,0,,0,0,,0,,,,,,,,105,
529,Jamie Martin\MartJa00,NOR,QB,37,3,0,0,0,0,0,0,3,-3,-1.00,0,0,0,0,,0,0,,0,,,,-0.3,-0.3,-0.3,,84,
530,Tim Massaquoi\MassTi20,BUF,,25,4,0,0,0,0,0,0,0,0,,0,1,0,0,,0,0,,0,,,,,,,,124,
531,Corey McIntyre\McInCo00,ATL,,28,14,0,0,0,0,0,0,0,0,,0,0,0,0,,0,0,,0,,,,,,,,3,
532,Matt Murphy\MurpMa00,BUF,,27,2,0,0,0,0,0,0,0,0,,0,,0,0,,0,0,,0,,,,,,,,114,
533,Jake Nordin\NordJa00,BAL,,23,1,0,0,0,0,0,0,0,0,,0,,0,0,,0,0,,0,,,,,,,,121,
534,Oren O'Neal\ONeaOr00,OAK,RB,24,14,1,0,0,0,0,0,0,0,,0,1,1,1,1.00,0,0,,0,,,,1.1,1.1,0.6,,148,
535,Montell Owens\OwenMo01,JAX,,23,16,0,0,0,0,0,0,0,0,,0,0,0,0,,0,0,,0,,,,,,,,162,
536,Patrick Pass\PassPa00,NYG,,30,1,0,0,0,0,0,0,0,0,,0,1,0,0,,0,0,,0,,,,,,,,4,
537,Tab Perry\PerrTa00,CIN,WR,25,2,1,0,0,0,0,0,1,9,9.00,0,5,1,7,7.00,0,1,1,0,,,,0.6,1.6,0.1,,183,
538,Lousaka Polite\PoliLo00,CHI,,26,5,0,0,0,0,0,0,0,0,,0,0,0,0,,0,0,,0,,,,,,,,151,
539,Derek Rackley\RackDe00,SEA,,30,5,0,0,0,0,0,0,0,0,,0,,0,0,,0,0,,0,,,,,,,,106,
540,Jamaica Rector\RectJa00,ARI,,26,2,0,0,0,0,0,0,0,0,,0,,0,0,,0,0,,0,,,,,,,,176,
541,Kerry Reed\ReedKe00,MIA,,23,1,0,0,0,0,0,0,0,0,,0,,0,0,,0,0,,0,,,,,,,,171,
542,Marcellus Rivers\RiveMa00,NWE,,29,3,0,0,0,0,0,0,0,0,,0,2,0,0,,0,0,,0,,,,,,,,102,
543,Jeff Robinson\RobiJe00,SEA,,37,3,0,0,0,0,0,0,0,0,,0,,0,0,,0,0,,0,,,,,,,,111,
544,Jeff Rowe\RoweJe00,CIN,,23,2,0,0,0,0,0,0,0,0,,0,,0,0,,0,0,,0,,,,,,,,82,
545,Bobby Sippio\SippBo00,KAN,,27,9,0,0,0,0,0,0,0,0,,0,0,0,0,,0,0,,0,,,,,,,,173,
546,Paul Smith\SmitPa00,DEN,,29,14,0,0,0,0,0,0,0,0,,0,1,0,0,,0,0,,0,,,,,,,,150,
547,Justin Snow\SnowJu00,IND,,31,16,0,0,0,0,0,0,0,0,,0,,0,0,,0,0,,0,,,,,,,,117,
548,Stephen Spach\SpacSt00,NWE,,25,3,0,0,0,0,0,0,0,0,,0,,0,0,,0,0,,0,,,,,,,,103,
549,Isaiah Stanback\StanIs00,DAL,,23,2,0,0,0,0,0,0,0,0,,0,0,0,0,,0,0,,0,,,,,,,,81,
550,Tony Stewart\StewTo00,OAK,,28,16,0,0,0,0,0,0,0,0,,0,0,0,0,,0,0,,0,,,,,,,,126,
551,Brad St. Louis\StLoBr00,CIN,,31,16,0,0,0,0,0,0,0,0,,0,,0,0,,0,0,,0,,,,,,,,99,
552,Byron Storer\StorBy00,TAM,RB,23,9,3,0,0,0,0,0,0,0,,0,3,2,3,1.50,0,0,,0,,,,2.3,2.3,1.3,,146,
553,Boone Stutz\StutBo00,2TM,,25,12,0,0,0,0,0,0,0,0,,0,,0,0,,0,1,,0,,,,,,,,115,
554,Rudy Sylvan\SylvRu00,DET,,23,2,1,0,0,0,0,0,0,0,,0,,0,0,,0,0,,0,,,,,,,,116,
555,Travis Taylor\TaylTr01,2TM,WR,29,2,0,0,0,0,0,0,0,0,,0,3,1,4,4.00,0,0,,0,,,,1.4,1.4,0.9,,166,
556,Tyler Thigpen\ThigTy00,KAN,QB,23,1,0,2,6,41,0,1,0,0,,0,0,0,0,,0,0,,0,,,,-0.4,0.6,0.6,,85,
557,Stacy Tutt\TuttSt00,NYJ,,25,9,0,0,0,0,0,0,0,0,,0,1,0,0,,0,0,,0,,,,,,,,153,
558,Lee Vickers\VickLe00,BAL,TE,26,9,2,0,0,0,0,0,0,0,,0,5,2,4,2.00,0,0,,0,,,,2.4,2.4,1.4,,95,
559,Danny Ware\WareDa00,NYG,,22,1,0,0,0,0,0,0,0,0,,0,0,0,0,,0,0,,0,,,,,,,,161,
560,Kelley Washington\WashKe00,NWE,,28,14,0,0,0,0,0,0,0,0,,0,0,0,0,,0,0,,0,,,,,,,,175,
561,Eric Weems\WeemEr00,ATL,,22,1,0,0,0,0,0,0,0,0,,0,,0,0,,0,0,,0,,,,,,,,167,
562,Harry Williams\WillHa20,HOU,,25,2,0,0,0,0,0,0,0,0,,0,,0,0,,0,0,,0,,,,,,,,182,
563,Quincy Wilson\WilsQu00,CIN,,26,1,0,0,0,0,0,0,0,0,,0,,0,0,,0,0,,0,,,,,,,,149,
564,Anthony Wright\WrigAn00,NYG,QB,31,3,0,1,7,12,0,0,1,-1,-1.00,0,0,0,0,,0,0,,0,,,,0.4,0.4,0.4,,77,
565,Joe Zelenka\ZeleJo00,JAX,,31,16,0,0,0,0,0,0,0,0,,0,0,0,0,,0,0,,0,,,,,,,,101,
566,Mike Bell\BellMi00,DEN,RB,24,5,0,0,0,0,0,0,6,3,0.50,0,1,1,7,7.00,0,1,1,0,,,-1,,1.0,-0.5,,169,
567,Charlie Frye\FryeCh00,CLE,QB,26,1,1,4,10,34,0,1,1,1,1.00,0,0,0,0,,0,0,,0,,,-1,-0.5,0.5,0.5,,86,
568,Matt Gutierrez\GutiMa00,NWE,QB,23,5,0,1,1,15,0,0,5,-13,-2.60,0,0,0,0,,0,0,,0,,,-1,-0.7,-0.7,-0.7,,87,
569,Ricky Williams\WillRi00,MIA,RB,30,1,0,0,0,0,0,0,6,15,2.50,0,0,0,0,,0,1,1,0,,,-1,-0.5,0.5,-0.5,,168,
570,Troy Brown\BrowTr00,NWE,,36,1,0,0,0,0,0,0,0,0,,0,0,0,0,,0,1,1,0,,,-2,-2.0,-1.0,-2.0,,185,
571,Brian Clark\ClarBr00,2TM,WR,24,5,0,0,0,0,0,0,0,0,,0,6,4,23,5.75,0,2,2,0,,,-2,2.3,4.3,0.3,,184,
572,Nick Goings\GoinNi00,CAR,,29,4,0,0,0,0,0,0,0,0,,0,0,0,0,,0,1,1,0,,,-2,-2.0,-1.0,-2.0,,170,
573,Kevin Kolb\KolbKe00,PHI,QB,23,1,0,0,0,0,0,0,3,-2,-0.67,0,0,0,0,,0,1,1,0,,,-2,-2.2,-1.2,-2.2,,88,
574,Chad Owens\OwenCh00,JAX,,25,1,0,0,0,0,0,0,0,0,,0,1,0,0,,0,1,1,0,,,-2,-2.0,-1.0,-2.0,,186,
575,Brandon Williams\WillBr01,2TM,,23,10,0,0,0,0,0,0,0,0,,0,1,0,0,,0,2,1,0,,,-2,-2.0,-1.0,-2.0,,187,
576,Billy Volek\VoleBi00,SDG,QB,31,5,0,3,10,6,0,1,11,-7,-0.64,0,0,0,0,,0,1,1,0,,,-4,-4.5,-2.5,-3.5,,89,