,,,,,Games,Games,Passing,Passing,Passing,Passing,Passing,Rushing,Rushing,Rushing,Rushing,Receiving,Receiving,Receiving,Receiving,Receiving,Fumbles,Fumbles,Scoring,Scoring,Scoring,Fantasy,Fantasy,Fantasy,Fantasy,Fantasy,Fantasy,Fantasy
Rk,Player,Tm,FantPos,Age,G,GS,Cmp,Att,Yds,TD,Int,Att,Yds,Y/A,TD,Tgt,Rec,Yds,Y/R,TD,Fmb,FL,TD,2PM,2PP,FantPt,PPR,DKPt,FDPt,VBD,PosRank,OvRank
1,Chris Johnson *+\JohnCh04,TEN,RB,24,16,16,0,1,0,0,0,358,2006,5.60,14,71,50,503,10.06,2,3,3,16,1,,343,392.9,401.9,367.9,197,1,1
2,Adrian Peterson*+\PeteAd01,MIN,RB,24,16,15,0,0,0,0,0,314,1383,4.40,18,57,43,436,10.14,0,7,6,18,,,278,320.9,332.9,299.4,132,2,2
3,Maurice Jones-Drew*\DrewMa00,JAX,RB,24,16,16,0,0,0,0,0,312,1391,4.46,15,71,53,374,7.06,1,2,1,16,,,271,323.5,330.5,297.0,125,3,3
4,Aaron Rodgers *\RodgAa00,GNB,QB,26,16,16,350,541,4434,30,7,58,316,5.45,5,0,0,0,,0,10,4,5,,3,343,343.0,360.0,350.0,115,1,4
5,Andre Johnson *+\JohnAn02,HOU,WR,28,16,16,0,0,0,0,0,2,10,5.00,0,171,101,1569,15.53,9,1,,9,1,,214,314.9,317.9,264.4,104,1,5
6,Ray Rice*\RiceRa00,BAL,RB,22,16,15,0,1,0,0,0,254,1339,5.27,7,101,78,702,9.00,1,3,2,8,,,248,326.1,334.1,287.1,102,4,6
7,Randy Moss\MossRa00,NWE,WR,32,16,16,0,0,0,0,0,0,0,,0,137,83,1264,15.23,13,2,1,13,1,,204,287.4,291.4,245.9,95,2,7
8,DeSean Jackson*\JackDe00,PHI,WR,23,15,15,0,0,0,0,0,11,137,12.45,1,117,62,1156,18.65,9,3,1,12,,,199,261.3,268.3,230.3,90,3,8
9,Miles Austin*\AustMi00,DAL,WR,25,16,9,0,0,0,0,0,2,-2,-1.00,0,124,81,1320,16.30,11,1,,11,,,198,278.8,281.8,238.3,88,4,9
10,Thomas Jones\JoneTh00,NYJ,RB,31,16,16,0,0,0,0,0,331,1402,4.24,14,18,10,58,5.80,0,2,,14,,,230,240.0,243.0,235.0,84,5,10
11,Frank Gore*\GoreFr00,SFO,RB,26,14,14,0,0,0,0,0,229,1120,4.89,10,75,52,406,7.81,3,4,2,13,,,227,278.6,286.6,252.6,81,6,11
12,Larry Fitzgerald*\FitzLa00,ARI,WR,26,16,16,0,0,0,0,0,0,0,,0,153,97,1092,11.26,13,0,,13,,,187,284.2,287.2,235.7,78,5,12
13,Vernon Davis *\DaviVe00,SFO,TE,25,16,16,0,0,0,0,0,0,0,,0,128,78,965,12.37,13,0,,13,,,175,252.5,255.5,213.5,76,1,13
14,Reggie Wayne*\WaynRe00,IND,WR,31,16,16,0,1,0,0,1,0,0,,0,149,100,1264,12.64,10,0,,10,,,184,284.4,288.4,235.4,75,6,14
15,Dallas Clark*+\ClarDa00,IND,TE,30,16,16,0,0,0,0,0,2,11,5.50,0,133,100,1106,11.06,10,1,,10,,,172,271.7,274.7,221.7,73,2,15
16,Roddy White*\WhitRo00,ATL,WR,28,16,16,0,0,0,0,0,1,2,2.00,0,165,85,1153,13.56,11,1,,11,,,182,266.5,269.5,224.0,72,7,16
17,Sidney Rice*\RiceSi01,MIN,WR,23,16,14,0,1,0,0,0,0,0,,0,121,83,1312,15.81,8,1,1,8,,,177,260.2,264.2,218.7,68,8,17
18,Ricky Williams\WillRi00,MIA,RB,32,16,7,0,1,0,0,1,241,1121,4.65,11,53,35,264,7.54,2,5,2,13,1,,213,247.5,256.5,231.0,67,7,18
19,Drew Brees*\BreeDr00,NOR,QB,30,15,15,363,514,4388,34,11,22,33,1.50,2,1,1,-4,-4.00,0,10,6,2,,1,294,295.4,315.4,305.9,66,2,19
20,Brandon Marshall*\MarsBr00,DEN,WR,25,15,13,0,0,0,0,0,7,39,5.57,0,154,101,1120,11.09,10,0,,10,,,176,276.9,279.9,226.4,66,9,20
21,Antonio Gates*\GateAn00,SDG,TE,29,16,16,0,0,0,0,0,0,0,,0,114,79,1157,14.65,8,1,,8,,,164,242.7,245.7,203.2,65,3,21
22,Ryan Grant\GranRy00,GNB,RB,27,16,16,0,0,0,0,0,282,1253,4.44,11,30,25,197,7.88,0,1,1,11,,,209,234.0,241.0,221.5,63,8,22
23,Vincent Jackson*\JackVi00,SDG,WR,26,15,15,0,0,0,0,0,3,11,3.67,0,108,68,1167,17.16,9,0,,9,,,172,239.8,242.8,205.8,62,10,23
24,Steve Smith*\SmitSt02,NYG,WR,24,16,15,0,0,0,0,0,0,0,,0,157,107,1220,11.40,7,0,,7,,,164,271.0,274.0,217.5,54,11,24
25,Wes Welker*+\WelkWe00,NWE,WR,28,14,13,0,0,0,0,0,5,36,7.20,0,162,123,1348,10.96,4,2,,4,,,162,285.4,288.4,223.9,53,12,25
26,Brett Favre *\FavrBr00,MIN,QB,40,16,16,363,531,4202,33,7,9,7,0.78,0,1,1,-2,-2.00,0,2,3,0,,,281,281.6,294.6,288.1,53,3,26
27,Matt Schaub*\SchaMa00,HOU,QB,28,16,16,396,583,4770,29,15,48,57,1.19,0,0,0,0,,0,3,2,0,,1,281,280.5,300.5,295.5,53,4,27
28,Joseph Addai\AddaJo00,IND,RB,26,15,15,1,1,22,1,0,219,828,3.78,10,63,51,336,6.59,3,1,1,13,,,197,248.3,255.3,222.8,51,9,28
29,Peyton Manning *+\MannPe00,IND,QB,33,16,16,393,571,4500,33,16,19,-13,-0.68,0,0,0,0,,0,2,,0,,,279,278.7,297.7,294.7,51,5,29
30,Marques Colston\ColsMa00,NOR,WR,26,16,14,0,0,0,0,0,1,6,6.00,0,107,70,1074,15.34,9,2,1,9,,,160,230.0,234.0,195.0,50,13,30
31,Chad Johnson *\JohnCh01,CIN,WR,31,16,15,0,0,0,0,0,3,32,10.67,0,128,72,1047,14.54,9,2,2,9,,,158,229.9,234.9,193.9,48,14,31
32,Steven Jackson*\JackSt00,STL,RB,26,15,15,0,0,0,0,0,324,1416,4.37,4,75,51,322,6.31,0,2,2,4,,,194,244.8,252.8,219.3,48,10,32
33,Brent Celek\CeleBr00,PHI,TE,24,16,15,0,0,0,0,0,0,0,,0,112,76,971,12.78,8,0,,8,,,145,221.1,224.1,183.1,47,4,33
34,Tony Romo *\RomoTo00,DAL,QB,29,16,16,347,550,4483,26,9,35,105,3.00,1,0,0,0,,0,6,4,1,,,274,273.8,292.8,282.8,46,6,34
35,Santonio Holmes\HolmSa00,PIT,WR,25,16,16,0,1,0,0,0,3,6,2.00,0,138,79,1248,15.80,5,0,,5,,,155,234.4,237.4,194.9,46,15,35
36,Jamaal Charles\CharJa00,KAN,RB,23,15,10,0,0,0,0,0,190,1120,5.89,7,55,40,297,7.43,1,4,3,9,1,,192,231.7,240.7,211.7,46,11,36
37,Jonathan Stewart\StewJo00,CAR,RB,22,16,3,0,0,0,0,0,221,1133,5.13,10,26,18,139,7.72,1,3,2,11,,,189,207.2,215.2,198.2,43,12,37
38,Tom Brady *\BradTo00,NWE,QB,32,16,16,371,565,4398,28,13,29,44,1.52,1,0,0,0,,0,4,2,1,,1,270,270.3,288.3,283.3,42,7,38
39,Philip Rivers*\RivePh00,SDG,QB,28,16,16,317,486,4254,28,9,26,50,1.92,1,0,0,0,,0,6,3,1,,,269,269.2,284.2,278.2,41,8,39
40,Hines Ward\WardHi00,PIT,WR,33,16,16,0,0,0,0,0,0,0,,0,137,95,1167,12.28,6,2,1,6,,,151,245.7,249.7,198.2,41,16,40
41,Ben Roethlisberger\RoetBe00,PIT,QB,27,15,15,337,506,4328,26,12,40,82,2.05,2,0,0,0,,0,7,3,2,,,267,267.3,285.3,279.3,39,9,41
42,Derrick Mason\MasoDe00,BAL,WR,35,16,16,0,0,0,0,0,1,2,2.00,0,134,73,1028,14.08,7,0,,7,,,145,218.0,221.0,181.5,35,17,42
43,Steve Smith\SmitSt01,CAR,WR,30,15,15,0,0,0,0,0,5,22,4.40,0,129,65,982,15.11,7,1,,7,1,,144,209.4,212.4,176.9,35,18,43
44,Rashard Mendenhall\MendRa00,PIT,RB,22,16,12,0,0,0,0,0,242,1108,4.58,7,32,25,261,10.44,1,3,3,8,,,179,203.9,212.9,191.4,33,13,44
45,Donald Driver\DrivDo00,GNB,WR,34,16,16,0,0,0,0,0,1,13,13.00,0,113,70,1061,15.16,6,2,1,6,,,141,211.4,215.4,176.4,32,19,45
46,Percy Harvin*\HarvPe00,MIN,WR,21,15,8,0,0,0,0,0,15,135,9.00,0,91,60,790,13.17,6,1,,8,,,141,200.5,206.5,170.5,31,20,46
47,Greg Jennings\JennGr00,GNB,WR,26,16,13,0,0,0,0,0,0,0,,0,119,68,1113,16.37,4,0,,4,2,,139,207.3,210.3,173.3,30,21,47
48,DeAngelo Williams*\WillDe02,CAR,RB,26,13,13,0,0,0,0,0,216,1117,5.17,7,41,29,252,8.69,0,3,3,7,1,,175,203.9,212.9,189.4,29,14,48
49,Robert Meachem\MeacRo00,NOR,WR,25,16,7,0,0,0,0,0,6,82,13.67,0,64,45,722,16.04,9,2,1,10,,,138,183.4,187.4,160.9,29,22,49
50,Cedric Benson\BensCe00,CIN,RB,27,13,13,0,0,0,0,0,301,1251,4.16,6,24,17,111,6.53,0,1,,6,,,172,189.2,195.2,180.7,26,15,50
51,Tony Gonzalez\GonzTo00,ATL,TE,33,16,16,0,0,0,0,0,0,0,,0,134,83,867,10.45,6,0,,6,,,123,205.7,208.7,164.2,24,5,51
52,Visanthe Shiancoe\ShiaVi00,MIN,TE,29,16,13,0,0,0,0,0,0,0,,0,79,56,566,10.11,11,0,,11,,,123,178.6,181.6,150.6,24,6,52
53,Fred Jackson\JackFr02,BUF,RB,28,16,11,1,1,27,1,0,237,1062,4.48,2,61,46,371,8.07,2,4,2,4,,,168,214.4,222.4,191.4,22,16,53
54,Calvin Johnson\JohnCa00,DET,WR,24,14,14,0,0,0,0,0,7,73,10.43,0,137,67,984,14.69,5,3,2,5,,,132,198.7,203.7,165.2,22,23,54
55,Kellen Winslow\WinsKe01,TAM,TE,26,16,14,0,0,0,0,0,1,7,7.00,0,127,77,884,11.48,5,0,,5,,,119,196.1,199.1,157.6,21,7,55
56,Anquan Boldin\BoldAn00,ARI,WR,29,15,15,0,0,0,0,0,3,12,4.00,1,127,84,1024,12.19,4,3,2,5,,,130,213.6,218.6,171.6,20,24,56
57,Mike Sims-Walker\WalkMi01,JAX,WR,25,15,14,0,0,0,0,0,0,0,,0,111,63,869,13.79,7,2,1,7,,,127,189.9,193.9,158.4,17,25,57
58,Jason Witten*\WittJa00,DAL,TE,27,16,16,0,0,0,0,0,0,0,,0,124,94,1030,10.96,2,0,,2,,,115,209.0,212.0,162.0,17,8,58
59,Heath Miller*\MillHe00,PIT,TE,27,16,16,0,0,0,0,0,0,0,,0,98,76,789,10.38,6,2,,6,,,115,190.9,193.9,152.9,16,9,59
60,Knowshon Moreno\MoreKn00,DEN,RB,22,16,9,0,0,0,0,0,247,947,3.83,7,41,28,213,7.61,2,4,4,9,,,162,190.0,200.0,176.0,16,17,60
61,Terrell Owens\OwenTe00,BUF,WR,36,16,16,0,0,0,0,0,6,54,9.00,1,109,55,829,15.07,5,1,,6,,,124,179.3,182.3,151.8,15,26,61
62,Matt Forte\FortMa00,CHI,RB,24,16,16,0,0,0,0,0,258,929,3.60,4,72,57,471,8.26,0,6,3,4,1,,160,217.0,226.0,188.5,14,18,62
63,Greg Olsen\OlseGr00,CHI,TE,24,16,15,0,0,0,0,0,0,0,,0,108,60,612,10.20,8,0,,8,,,109,169.2,172.2,139.2,11,10,63
64,LaDainian Tomlinson\TomlLa00,SDG,RB,30,14,14,0,1,0,0,0,223,730,3.27,12,30,20,154,7.70,0,2,2,12,,,156,176.4,184.4,166.4,10,19,64
65,Pierre Thomas\ThomPi00,NOR,RB,25,14,6,0,0,0,0,0,147,793,5.39,6,45,39,302,7.74,2,2,1,8,,,156,194.5,201.5,175.0,10,20,65
66,Donovan McNabb*\McNaDo00,PHI,QB,33,14,14,267,443,3553,22,10,37,140,3.78,2,1,1,1,1.00,0,10,2,2,,2,236,237.2,255.2,246.7,8,10,66
67,Marion Barber III\BarbMa01,DAL,RB,26,15,15,0,0,0,0,0,214,932,4.36,7,36,26,221,8.50,0,2,2,7,,,153,179.3,187.3,166.3,7,21,67
68,Hakeem Nicks\NickHa01,NYG,WR,21,14,6,0,0,0,0,0,2,8,4.00,0,74,47,790,16.81,6,2,,6,,,116,162.8,165.8,139.3,6,27,68
69,Mike Wallace\WallMi00,PIT,WR,23,16,4,0,0,0,0,0,5,48,9.60,0,72,39,756,19.38,6,1,1,6,,,114,153.4,157.4,133.9,5,28,69
70,Eli Manning\MannEl00,NYG,QB,28,16,16,317,509,4021,27,14,17,65,3.82,0,0,0,0,,0,13,8,0,,,231,231.3,256.3,245.3,3,11,70
71,John Carlson\CarlJo00,SEA,TE,25,16,16,0,0,0,0,0,0,0,,0,83,51,574,11.25,7,0,,7,,,99,150.4,153.4,124.9,1,11,71
72,Michael Turner\TurnMi00,ATL,RB,27,11,11,0,0,0,0,0,178,871,4.89,10,7,5,35,7.00,0,4,2,10,,,147,151.6,156.6,149.1,1,22,72
73,Mario Manningham\MannMa01,NYG,WR,23,14,10,0,0,0,0,0,0,0,,0,99,57,822,14.42,5,1,1,5,,,110,167.2,171.2,138.7,1,29,73
74,Jerome Harrison\HarrJe00,CLE,RB,26,14,7,0,0,0,0,0,194,862,4.44,5,50,34,220,6.47,2,2,2,7,,,146,180.2,188.2,163.2,,23,74
75,Zach Miller\MillZa01,OAK,TE,24,15,15,0,0,0,0,0,0,0,,0,99,66,805,12.20,3,0,,3,,,99,164.5,167.5,131.5,,12,75
76,Austin Collie\CollAu00,IND,WR,24,16,5,0,0,0,0,0,2,1,0.50,0,89,60,676,11.27,7,0,,7,,,110,169.7,172.7,139.7,,30,76
77,Cadillac Williams\WillCa02,TAM,RB,27,16,15,0,0,0,0,0,211,823,3.90,4,39,28,217,7.75,3,1,,7,,,146,174.0,180.0,160.0,,24,77
78,Jay Cutler\CutlJa00,CHI,QB,26,16,16,336,555,3666,27,26,40,173,4.33,1,0,0,0,,0,9,1,1,,2,228,227.9,260.9,253.9,,12,78
79,David Garrard*\GarrDa00,JAX,QB,31,16,16,314,516,3597,15,10,77,323,4.19,3,0,0,0,,0,14,8,3,1,,220,220.2,244.2,230.2,,13,
80,Jason Campbell\CampJa00,WAS,QB,28,16,16,327,507,3618,20,15,46,236,5.13,1,0,0,0,,0,13,4,1,,,216,216.3,241.3,231.3,,14,
81,Kyle Orton\OrtoKy00,DEN,QB,27,16,15,336,541,3802,21,12,24,71,2.96,0,0,0,0,,0,4,2,0,,,215,215.2,232.2,227.2,,15,
82,Kurt Warner\WarnKu00,ARI,QB,38,15,15,339,513,3753,26,14,21,10,0.48,0,0,0,0,,0,11,6,0,,,215,215.1,238.1,229.1,,16,
83,Carson Palmer\PalmCa00,CIN,QB,30,16,16,282,466,3094,21,13,39,93,2.38,3,0,0,0,,0,6,1,3,1,1,211,211.1,228.1,224.1,,17,
84,Joe Flacco\FlacJo00,BAL,QB,24,16,16,315,499,3613,21,12,35,56,1.60,0,0,0,0,,0,8,2,0,,,206,206.1,223.1,218.1,,18,
85,Matt Ryan\RyanMa00,ATL,QB,24,14,14,263,451,2916,22,14,30,49,1.63,1,0,0,0,,0,5,2,1,,,184,183.5,202.5,197.5,,19,
86,Matt Cassel\CassMa00,KAN,QB,27,15,15,271,493,2924,16,16,50,189,3.78,0,1,0,0,,0,14,4,0,,1,162,161.9,187.9,177.9,,20,
87,Matt Hasselbeck\HassMa00,SEA,QB,34,14,14,293,488,3029,17,17,26,119,4.58,0,0,0,0,,0,11,3,0,,,161,161.1,187.1,178.1,,21,
88,Willis McGahee\McGaWi00,BAL,RB,28,16,1,0,0,0,0,0,109,544,4.99,12,22,15,85,5.67,2,1,1,14,,,145,159.9,163.9,152.4,,25,
89,Alex Smith\SmitAl03,SFO,QB,25,11,10,225,372,2350,18,12,24,51,2.13,0,1,1,-6,-6.00,0,3,1,0,,,145,145.5,161.5,157.0,,22,
90,Chad Henne\HennCh01,MIA,QB,24,14,13,274,451,2878,12,14,16,32,2.00,1,0,0,0,,0,4,,1,,,144,144.3,161.3,158.3,,23,
91,Tim Hightower\HighTi00,ARI,RB,23,16,16,0,0,0,0,0,143,598,4.18,8,80,63,428,6.79,0,5,4,8,,,143,205.6,215.6,174.1,,26,
92,Kevin Smith\SmitKe02,DET,RB,23,13,13,0,0,0,0,0,217,747,3.44,4,57,41,415,10.12,1,3,2,5,,,142,183.2,191.2,162.7,,27,
93,Ahmad Bradshaw\BradAh00,NYG,RB,23,15,1,0,0,0,0,0,163,778,4.77,7,30,21,207,9.86,0,3,2,7,,,137,157.5,165.5,147.0,,28,
94,Vince Young*\YounVi00,TEN,QB,26,12,10,152,259,1879,10,7,55,281,5.11,2,0,0,0,,0,8,2,2,,,137,137.3,152.3,144.3,,24,
95,Brandon Jacobs\JacoBr00,NYG,RB,27,15,15,0,0,0,0,0,224,835,3.73,5,31,18,184,10.22,1,2,1,6,,,136,153.9,160.9,144.9,,29,
96,Laurence Maroney\MaroLa00,NWE,RB,24,15,5,0,0,0,0,0,194,757,3.90,9,18,14,99,7.07,0,4,3,9,,,134,147.6,153.6,140.6,,30,
97,Mark Sanchez\SancMa00,NYJ,QB,23,15,15,196,364,2444,12,20,36,106,2.94,3,0,0,0,,0,10,3,3,,2,132,132.4,161.4,152.4,,25,
98,Beanie Wells\WellCh00,ARI,RB,21,16,0,0,0,0,0,0,176,793,4.51,7,16,12,143,11.92,0,4,2,7,,,132,143.6,151.6,137.6,,31,
99,Ronnie Brown\BrowRo05,MIA,RB,28,9,9,2,6,22,1,0,147,648,4.41,8,20,14,98,7.00,0,1,1,8,,,125,139.5,143.5,132.5,,32,
100,Justin Forsett\ForsJu00,SEA,RB,24,16,2,0,0,0,0,0,114,619,5.43,4,57,41,350,8.54,1,4,1,5,,,125,165.9,172.9,145.4,,33,
101,Matthew Stafford\StafMa00,DET,QB,21,10,10,201,377,2267,13,20,20,108,5.40,2,0,0,0,,0,4,1,2,,1,125,125.5,152.5,145.5,,26,
102,LeSean McCoy\McCoLe01,PHI,RB,21,16,4,0,0,0,0,0,155,637,4.11,4,55,40,308,7.70,0,2,1,4,1,,119,158.5,165.5,138.5,,34,
103,Reggie Bush\BushRe00,NOR,RB,24,14,8,0,0,0,0,0,70,390,5.57,5,68,47,335,7.13,3,4,2,8,,,117,163.5,171.5,140.0,,36,
104,Steve Slaton\SlatSt00,HOU,RB,23,11,10,0,0,0,0,0,131,437,3.34,3,55,44,417,9.48,4,7,5,7,,,117,161.4,172.4,139.4,,35,
105,Jason Snelling\SnelJa00,ATL,RB,26,14,2,0,0,0,0,0,142,613,4.32,4,39,30,259,8.63,1,2,1,5,,,115,145.2,152.2,130.2,,37,
106,Julius Jones\JoneJu01,SEA,RB,28,14,14,0,0,0,0,0,177,663,3.75,2,43,35,232,6.63,2,0,,4,,,114,148.5,154.5,131.0,,38,
107,Jerricho Cotchery\CotcJe00,NYJ,WR,27,14,12,0,0,0,0,0,2,7,3.50,1,96,57,821,14.40,3,1,,4,,,107,163.8,166.8,135.3,,33,
108,T.J. Houshmandzadeh\HousTJ00,SEA,WR,32,16,16,0,0,0,0,0,0,0,,0,135,79,911,11.53,3,2,1,3,,,107,186.1,190.1,146.6,,31,
109,Santana Moss\MossSa00,WAS,WR,30,16,16,0,0,0,0,0,2,8,4.00,0,120,70,902,12.89,3,2,1,3,,,107,177.0,181.0,142.0,,32,
110,Patrick Crayton\CrayPa00,DAL,WR,30,16,6,0,0,0,0,0,4,28,7.00,0,67,37,622,16.81,5,4,1,7,,,105,142.0,146.0,123.5,,34,
111,Chris Chambers\ChamCh00,2TM,WR,31,16,14,0,0,0,0,0,0,0,,0,92,45,730,16.22,5,0,,5,,,103,148.0,151.0,125.5,,36,
112,Lee Evans\EvanLe00,BUF,WR,28,16,16,0,0,0,0,0,0,0,,0,96,44,612,13.91,7,0,,7,,,103,147.2,150.2,125.2,,35,
113,Pierre Garcon\GarcPi00,IND,WR,23,14,13,0,0,0,0,0,2,10,5.00,0,92,47,765,16.28,4,1,,4,,,102,148.5,151.5,125.0,,37,
114,Jeremy Maclin\MaclJe00,PHI,WR,21,15,13,0,0,0,0,0,2,-7,-3.50,0,91,56,773,13.80,4,0,,4,,,101,156.6,159.6,128.6,,38,
115,Roy Williams\WillRo04,DAL,WR,28,15,13,0,0,0,0,0,0,0,,0,86,38,596,15.68,7,1,1,7,,,100,137.6,141.6,118.6,,39,
116,Nate Burleson\BurlNa00,SEA,WR,28,13,12,0,0,0,0,0,2,4,2.00,0,103,63,812,12.89,3,3,2,3,,,96,158.6,163.6,127.1,,40,
117,Jermichael Finley\FinlJe00,GNB,TE,22,13,10,0,0,0,0,0,0,0,,0,72,55,676,12.29,5,1,1,5,,,96,150.6,154.6,123.1,,13,
118,Josh Freeman\FreeJo00,TAM,QB,21,10,9,158,290,1855,10,18,30,161,5.37,0,1,0,1,,0,10,1,0,1,1,96,96.4,121.4,114.4,,27,
119,Todd Heap\HeapTo00,BAL,TE,29,16,16,0,0,0,0,0,1,2,2.00,0,75,53,593,11.19,6,1,,6,,,96,148.5,151.5,122.0,,14,
120,Devery Henderson\HendDe00,NOR,WR,27,16,11,0,0,0,0,0,4,13,3.25,0,83,51,804,15.76,2,0,,2,,,94,144.7,147.7,119.2,,42,
121,Felix Jones\JoneFe00,DAL,RB,22,14,1,0,0,0,0,0,116,685,5.91,3,22,19,119,6.26,0,3,2,3,,,94,113.4,121.4,103.9,,39,
122,Nate Washington\WashNa00,TEN,WR,26,16,15,0,0,0,0,0,2,15,7.50,0,95,47,569,12.11,6,1,,6,,,94,141.4,144.4,117.9,,41,
123,Mike Bell\BellMi00,NOR,RB,26,13,3,0,0,0,0,0,172,654,3.80,5,4,4,12,3.00,0,2,2,5,,,93,96.6,101.6,94.6,,40,
124,Earl Bennett\BennEa00,CHI,WR,22,16,15,0,0,0,0,0,0,0,,0,88,54,717,13.28,2,2,,3,1,,92,145.7,148.7,118.7,,44,
125,Steve Breaston\BreaSt00,ARI,WR,26,15,6,0,0,0,0,0,2,44,22.00,0,82,55,712,12.95,3,2,1,3,,,92,146.6,150.6,119.1,,46,
126,Braylon Edwards\EdwaBr00,2TM,WR,26,16,15,0,1,0,0,0,0,0,,0,95,45,680,15.11,4,1,1,4,1,,92,137.0,141.0,114.5,,43,
127,Devin Hester\HestDe99,CHI,WR,27,13,12,0,0,0,0,0,6,-1,-0.17,0,91,57,757,13.28,3,3,1,3,,,92,148.6,152.6,120.1,,45,
128,Correll Buckhalter\BuckCo00,DEN,RB,31,14,7,0,0,0,0,0,120,642,5.35,1,38,31,240,7.74,0,3,2,1,,,90,121.2,129.2,105.7,,41,
129,Ryan Fitzpatrick\FitzRy00,BUF,QB,27,10,8,127,227,1422,9,10,31,141,4.55,1,0,0,0,,0,3,2,1,,,89,89.0,107.0,99.0,,28,
130,Donnie Avery\AverDo00,STL,WR,25,16,16,0,0,0,0,0,4,30,7.50,0,97,47,589,12.53,5,2,2,5,,,88,134.9,139.9,111.4,,47,
131,Kevin Boss\BossKe00,NYG,TE,25,15,15,0,0,0,0,0,1,16,16.00,0,69,42,567,13.50,5,0,,5,,,88,130.3,133.3,109.3,,15,
132,Jacoby Jones\JoneJa03,HOU,WR,25,14,1,0,0,0,0,0,3,22,7.33,0,40,27,437,16.19,6,2,,7,,,88,114.9,117.9,101.4,,48,
133,Fred Davis\DaviFr01,WAS,TE,23,16,10,0,0,0,0,0,0,0,,0,76,48,509,10.60,6,0,,6,,,87,134.9,137.9,110.9,,16,
134,Bernard Berrian\BerrBe00,MIN,WR,29,16,15,0,0,0,0,0,0,0,,0,92,55,618,11.24,4,0,,4,,,86,140.8,143.8,113.3,,50,
135,Kenny Britt\BritKe00,TEN,WR,21,16,6,0,0,0,0,0,0,0,,0,75,42,701,16.69,3,1,1,3,,,86,128.1,132.1,107.1,,49,
136,Jabar Gaffney\GaffJa00,DEN,WR,29,16,7,0,0,0,0,0,0,0,,0,87,54,732,13.56,2,0,,2,,,85,139.2,142.2,112.2,,51,
137,Johnny Knox*\KnoxJo00,CHI,WR,23,15,0,0,0,0,0,0,0,0,,0,80,45,527,11.71,5,3,2,6,,,85,129.7,134.7,107.2,,52,
138,Chester Taylor\TaylCh01,MIN,RB,30,16,0,0,0,0,0,0,94,338,3.60,1,59,44,389,8.84,1,2,,2,,,85,128.7,134.7,106.7,,42,
139,Antonio Bryant\BryaAn00,TAM,WR,28,13,11,0,0,0,0,0,0,0,,0,86,39,600,15.38,4,0,,4,,,84,123.0,126.0,103.5,,53,
140,Malcom Floyd\FloyMa00,SDG,WR,28,16,9,0,0,0,0,0,0,0,,0,76,45,776,17.24,1,0,,1,,,84,128.6,131.6,106.1,,54,
141,Davone Bess\BessDa00,MIA,WR,24,16,2,0,0,0,0,0,2,11,5.50,0,113,76,758,9.97,2,6,3,2,,,83,158.9,164.9,120.9,,55,
142,Dwayne Bowe\BoweDw00,KAN,WR,25,11,9,0,0,0,0,0,0,0,,0,87,47,589,12.53,4,1,,4,,,83,129.9,132.9,106.4,,56,
143,Michael Bush\BushMi00,OAK,RB,25,16,7,0,1,0,0,0,123,589,4.79,3,19,17,105,6.18,0,2,2,3,,,83,100.4,108.4,91.9,,43,
144,Brady Quinn\QuinBr00,CLE,QB,25,10,9,136,256,1339,8,7,20,98,4.90,1,1,1,18,18.00,0,4,3,1,,,83,84.2,97.2,90.7,,29,
145,Laveranues Coles\ColeLa00,CIN,WR,32,16,13,0,0,0,0,0,2,10,5.00,0,77,43,514,11.95,5,0,,5,,,82,125.4,128.4,103.9,,57,
146,Josh Cribbs*+\CribJo01,CLE,WR,26,16,12,1,4,18,0,1,55,381,6.93,1,37,20,135,6.75,1,6,2,6,,,82,102.3,111.3,93.3,,58,
147,Owen Daniels\DaniOw00,HOU,TE,27,8,8,0,0,0,0,0,0,0,,0,58,40,519,12.98,5,1,,5,,,82,121.9,124.9,101.9,,17,
148,Kevin Faulk\FaulKe00,NWE,RB,33,15,7,0,0,0,0,0,62,335,5.40,2,53,37,301,8.14,1,1,1,3,,,80,116.6,123.6,98.1,,44,
149,Jason Avant\AvanJa00,PHI,WR,26,16,9,0,0,0,0,0,0,0,,0,58,41,587,14.32,3,1,,3,1,,79,119.7,122.7,99.2,,60,
150,Jake Delhomme\DelhJa00,CAR,QB,34,11,11,178,321,2015,8,18,17,60,3.53,0,0,0,0,,0,6,3,0,,1,79,78.6,102.6,96.6,,30,
151,Louis Murphy\MurpLo00,OAK,WR,22,16,9,0,0,0,0,0,6,31,5.17,0,96,34,521,15.32,4,0,,4,,,79,113.2,116.2,96.2,,59,
152,Justin Fargas\FargJu00,OAK,RB,29,12,4,0,0,0,0,0,129,491,3.81,3,21,17,113,6.65,0,1,,3,,,78,95.4,101.4,86.9,,45,
153,Brian Hartline\HartBr00,MIA,WR,23,16,2,0,0,0,0,0,4,29,7.25,1,56,31,506,16.32,3,0,,4,,,78,108.5,111.5,93.0,,62,
154,Mohamed Massaquoi\MassMo00,CLE,WR,23,16,11,0,0,0,0,0,1,-3,-3.00,0,95,34,624,18.35,3,1,1,3,,,78,112.1,116.1,95.1,,61,
155,Ryan Moats\MoatRy00,HOU,RB,27,14,2,0,0,0,0,0,101,390,3.86,4,15,13,106,8.15,1,3,1,5,,,78,90.6,97.6,84.1,,46,
156,Josh Morgan\MorgJo00,SFO,WR,24,16,15,0,0,0,0,0,5,61,12.20,0,80,52,527,10.13,3,0,,3,,,77,128.8,131.8,102.8,,63,
157,Kevin Walter\WaltKe00,HOU,WR,28,14,14,0,0,0,0,0,4,26,6.50,0,70,53,611,11.53,2,0,,2,,,76,128.7,131.7,102.2,,64,
158,Jeremy Shockey\ShocJe00,NOR,TE,29,13,12,0,0,0,0,0,0,0,,0,67,48,569,11.85,3,0,,3,,,75,122.9,125.9,98.9,,18,
159,James Jones\JoneJa04,GNB,WR,25,16,3,0,0,0,0,0,0,0,,0,62,32,440,13.75,5,0,,5,,,74,106.0,109.0,90.0,,65,
160,Derrick Ward\WardDe01,TAM,RB,29,14,1,0,0,0,0,0,114,409,3.59,1,24,20,150,7.50,2,0,,3,,,74,93.9,99.9,83.9,,47,
161,Michael Crabtree\CrabMi00,SFO,WR,22,11,11,0,0,0,0,0,0,0,,0,86,48,625,13.02,2,1,1,2,,,73,120.5,124.5,96.5,,66,
162,Marshawn Lynch\LyncMa00,BUF,RB,23,13,6,0,0,0,0,0,120,450,3.75,2,37,28,179,6.39,0,3,1,2,,,73,100.9,107.9,86.9,,49,
163,Maurice Morris\MorrMa00,DET,RB,30,14,3,0,0,0,0,0,93,384,4.13,2,38,26,210,8.08,0,1,,2,1,,73,99.4,105.4,86.4,,48,
164,Torry Holt\HoltTo00,JAX,WR,33,15,12,0,0,0,0,0,0,0,,0,103,51,722,14.16,0,1,1,0,,,70,121.2,125.2,95.7,,67,
165,Michael Jenkins\JenkMi00,ATL,WR,27,15,9,0,0,0,0,0,0,0,,0,90,50,635,12.70,1,0,,1,,,70,119.5,122.5,94.5,,68,
166,Matt Moore\MoorMa01,CAR,QB,25,7,5,85,138,1053,8,2,12,-3,-0.25,0,0,0,0,,0,2,,0,,,70,69.8,74.8,71.8,,31,
167,Ben Watson\WatsBe00,NWE,TE,29,16,7,0,0,0,0,0,0,0,,0,41,29,404,13.93,5,0,,5,,,70,99.4,102.4,84.9,,19,
168,Leonard Weaver*+\WeavLe00,PHI,RB,27,16,8,0,0,0,0,0,70,323,4.61,2,26,15,140,9.33,2,0,,4,,,70,85.3,91.3,77.8,,50,
169,Tashard Choice\ChoiTa00,DAL,RB,25,16,0,0,0,0,0,0,64,349,5.45,3,22,15,132,8.80,0,0,,3,1,,68,83.1,89.1,75.6,,51,
170,Ted Ginn Jr.\GinnTe00,MIA,WR,24,16,12,0,0,0,0,0,7,48,6.86,0,78,38,454,11.95,1,2,,3,,,68,106.2,109.2,87.2,,69,
171,Marc Bulger\BulgMa00,STL,QB,32,9,8,140,247,1469,5,6,8,22,2.75,0,0,0,0,,0,6,1,0,,,67,67.0,77.0,73.0,,33,
172,Trent Edwards\EdwaTr01,BUF,QB,26,8,7,110,183,1169,6,7,14,106,7.57,0,0,0,0,,0,1,,0,,,67,67.4,80.4,74.4,,32,
173,Bruce Gradkowski\GradBr00,OAK,QB,26,7,4,82,150,1007,6,3,18,108,6.00,0,0,0,0,,0,5,2,0,,,65,65.1,76.1,68.1,,34,
174,Dustin Keller\KellDu00,NYJ,TE,25,16,12,0,0,0,0,0,1,7,7.00,0,82,45,522,11.60,2,1,1,2,1,,65,109.9,113.9,87.4,,20,
175,Clinton Portis\PortCl00,WAS,RB,28,8,8,0,1,0,0,0,124,494,3.98,1,12,9,57,6.33,1,1,1,2,,,65,74.1,78.1,69.6,,52,
176,Larry Johnson\JohnLa00,2TM,RB,30,14,7,0,0,0,0,0,178,581,3.26,0,21,15,80,5.33,0,2,1,0,,,64,79.1,83.1,71.6,,53,
177,Marcedes Lewis\LewiMa00,JAX,TE,25,15,15,0,0,0,0,0,0,0,,0,59,32,518,16.19,2,1,,2,,,64,95.8,98.8,79.8,,21,
178,Muhsin Muhammad\MuhaMu00,CAR,WR,36,14,13,0,0,0,0,0,0,0,,0,89,53,581,10.96,1,0,,1,,,64,117.1,120.1,90.6,,70,
179,Donald Brown\BrowDo00,IND,RB,22,11,1,0,0,0,0,0,78,281,3.60,3,14,11,169,15.36,0,1,,3,,,63,74.0,80.0,68.5,,54,
180,Mark Clayton\ClayMa01,BAL,WR,27,14,12,1,1,0,0,0,4,28,7.00,0,74,34,480,14.12,2,1,1,2,,,61,94.8,98.8,77.8,,71,
181,Kerry Collins\CollKe00,TEN,QB,37,7,6,119,216,1225,6,8,11,15,1.36,1,0,0,0,,0,3,2,1,,,61,60.5,73.5,68.5,,35,
182,Jamal Lewis\LewiJa00,CLE,RB,30,9,8,0,0,0,0,0,143,500,3.50,0,11,8,88,11.00,0,0,,0,1,,61,68.8,71.8,64.8,,55,
183,Shonn Greene\GreeSh00,NYJ,RB,24,14,0,0,0,0,0,0,108,540,5.00,2,5,0,0,,0,3,3,2,,,60,60.0,66.0,60.0,,57,
184,Bryant Johnson\JohnBr02,DET,WR,28,16,16,0,0,0,0,0,0,0,,0,87,35,417,11.91,3,0,,3,,,60,94.7,97.7,77.2,,72,
185,Darren McFadden\McFaDa00,OAK,RB,22,12,7,0,0,0,0,0,104,357,3.43,1,36,21,245,11.67,0,5,3,1,,,60,81.2,90.2,70.7,,56,
186,Sammy Morris\MorrSa00,NWE,RB,32,12,5,0,0,0,0,0,73,319,4.37,2,27,19,180,9.47,0,2,1,2,,,60,78.9,85.9,69.4,,58,
187,Andre Caldwell\CaldAn00,CIN,WR,24,16,3,0,0,0,0,0,3,22,7.33,0,80,51,432,8.47,3,4,2,3,,,59,110.4,115.4,84.9,,73,
188,Shaun Hill\HillSh00,SFO,QB,29,6,6,87,155,943,5,2,8,70,8.75,0,0,0,0,,0,3,1,0,,,59,58.7,64.7,60.7,,36,
189,Mike Thomas\ThomMi01,JAX,WR,22,14,4,0,0,0,0,0,12,86,7.17,0,62,48,453,9.44,1,1,1,1,,,58,105.9,109.9,81.9,,74,
190,Mike Tolbert\TolbMi00,SDG,RB,24,16,3,0,0,0,0,0,25,148,5.92,1,22,17,192,11.29,3,1,,4,,,58,75.0,81.0,66.5,,59,
191,Brian Westbrook\WestBr00,PHI,RB,30,8,7,0,1,0,0,0,61,274,4.49,1,34,25,181,7.24,1,0,,2,,,58,82.5,88.5,70.0,,60,
192,Brandon Stokley\StokBr00,DEN,WR,33,16,2,0,0,0,0,0,0,0,,0,33,19,327,17.21,4,0,,4,,,57,75.7,78.7,66.2,,75,
193,Justin Gage\GageJu00,TEN,WR,28,12,10,0,0,0,0,0,0,0,,0,67,28,383,13.68,3,0,,3,,,56,84.3,87.3,70.3,,76,
194,Deion Branch\BranDe00,SEA,WR,30,14,5,0,0,0,0,0,1,-8,-8.00,0,79,45,437,9.71,2,0,,2,,,55,99.9,102.9,77.4,,79,
195,Greg Camarillo\CamaGr00,MIA,WR,27,16,16,0,0,0,0,0,0,0,,0,72,50,552,11.04,0,0,,0,,,55,105.2,108.2,80.2,,77,
196,Kelley Washington\WashKe00,BAL,WR,30,15,2,0,0,0,0,0,1,1,1.00,0,48,34,431,12.68,2,0,,2,,,55,89.2,92.2,72.2,,78,
197,Devin Aromashodu\AromDe00,CHI,WR,25,10,2,0,0,0,0,0,0,0,,0,43,24,298,12.42,4,0,,4,,,54,77.8,80.8,65.8,,80,
198,Tony Scheffler\ScheTo00,DEN,TE,26,15,9,0,0,0,0,0,0,0,,0,50,31,416,13.42,2,0,,2,,,54,84.6,87.6,69.1,,22,
199,Rock Cartwright\CartRo01,WAS,RB,30,16,2,0,0,0,0,0,64,228,3.56,0,32,27,242,8.96,1,0,,1,,,53,80.0,86.0,66.5,,61,
200,Ladell Betts\BettLa00,WAS,RB,30,10,2,0,0,0,0,0,56,210,3.75,2,21,17,179,10.53,0,0,,2,,,51,67.9,73.9,59.4,,63,
201,Arian Foster\FostAr00,HOU,RB,23,6,1,0,0,0,0,0,54,257,4.76,3,9,8,93,11.63,0,1,1,3,,,51,59.0,63.0,55.0,,62,
202,Fred Taylor\TaylFr00,NWE,RB,33,6,1,0,0,0,0,0,63,269,4.27,4,3,2,17,8.50,0,1,1,4,,,51,52.6,56.6,51.6,,64,
203,Brandon Jackson\JackBr00,GNB,RB,24,12,0,0,0,0,0,0,37,111,3.00,2,26,21,187,8.90,1,1,,3,1,,50,70.8,76.8,60.3,,65,
204,Devin Thomas\ThomDe02,WAS,WR,23,14,10,0,0,0,0,0,3,-2,-0.67,0,47,25,325,13.00,3,0,,3,,,50,75.3,78.3,62.8,,81,
205,Willie Parker\ParkWi00,PIT,RB,29,14,3,0,0,0,0,0,98,389,3.97,0,7,6,64,10.67,1,2,1,1,,,49,55.3,59.3,52.3,,66,
206,Antwaan Randle El\RandAn00,WAS,WR,30,16,3,0,0,0,0,0,0,0,,0,77,50,530,10.60,0,4,2,0,,,49,99.0,104.0,74.0,,82,
207,Chaz Schilens\SchiCh00,OAK,WR,24,8,8,0,0,0,0,0,0,0,,0,52,29,365,12.59,2,0,,2,,,49,77.5,80.5,63.0,,83,
208,Chris Brown\BrowCh03,HOU,RB,28,14,4,0,1,0,0,1,79,267,3.38,3,21,16,74,4.63,0,1,1,3,,,48,64.1,69.1,57.1,,67,
209,Quinton Ganther\GantQu00,WAS,RB,25,8,4,0,0,0,0,0,62,201,3.24,3,10,9,99,11.00,0,0,,3,,,48,57.0,60.0,52.5,,68,
210,Will Heller\HellWi00,DET,TE,28,16,9,0,0,0,0,0,0,0,,0,50,29,296,10.21,3,0,,3,,,48,76.6,79.6,62.1,,24,
211,Jerious Norwood\NorwJe00,ATL,RB,26,10,4,0,0,0,0,0,76,252,3.32,0,22,19,186,9.79,1,1,1,1,,,48,66.8,73.8,57.3,,69,
212,Bo Scaife\ScaiBo00,TEN,TE,28,14,10,0,0,0,0,0,0,0,,0,70,45,440,9.78,1,1,1,1,,,48,93.0,97.0,70.5,,23,
213,Bobby Wade\WadeBo00,KAN,WR,28,12,6,0,0,0,0,0,3,11,3.67,0,74,36,367,10.19,2,3,1,2,,,48,83.8,87.8,65.8,,84,
214,Mark Bradley\BradMa00,KAN,WR,27,13,6,1,1,26,0,0,2,20,10.00,0,57,24,320,13.33,2,0,,2,,,47,71.0,74.0,59.0,,85,
215,Daunte Culpepper\CulpDa00,DET,QB,32,8,5,89,157,945,3,6,18,91,5.06,0,0,0,0,,0,4,,0,,,47,46.9,55.9,52.9,,37,
216,Brandon Pettigrew\PettBr00,DET,TE,24,11,11,0,0,0,0,0,0,0,,0,54,30,346,11.53,2,1,,2,,,47,76.6,79.6,61.6,,25,
217,Sam Aiken\AikeSa00,NWE,WR,29,14,7,0,0,0,0,0,0,0,,0,41,20,326,16.30,2,0,,2,,,45,64.6,67.6,54.6,,88,
218,Chris Cooley\CoolCh00,WAS,TE,27,7,7,0,0,0,0,0,0,0,,0,45,29,332,11.45,2,1,,2,,,45,74.2,77.2,59.7,,26,
219,Eddie Royal\RoyaEd00,DEN,WR,23,14,12,0,0,0,0,0,1,1,1.00,0,79,37,345,9.32,0,1,1,2,,,45,81.6,85.6,63.1,,87,
220,Sammie Stroughter\StroSa00,TAM,WR,23,13,0,0,0,0,0,0,0,0,,0,60,31,334,10.77,1,0,,2,,,45,76.4,79.4,60.9,,86,
221,Anthony Fasano\FasaAn00,MIA,TE,25,14,14,0,0,0,0,0,0,0,,0,53,31,339,10.94,2,2,1,2,,,44,74.9,78.9,59.4,,27,
222,Kevin Kolb\KolbKe00,PHI,QB,25,5,2,62,96,741,4,3,5,-1,-0.20,1,0,0,0,,0,2,1,1,,,44,43.5,50.5,46.5,,38,
223,Le'Ron McClain*\McClLe00,BAL,RB,25,16,14,0,0,0,0,0,46,180,3.91,2,27,21,141,6.71,0,0,,2,,,44,65.1,71.1,54.6,,71,
224,Jordy Nelson\NelsJo00,GNB,WR,24,13,0,0,0,0,0,0,0,0,,0,31,22,320,14.55,2,3,,2,,,44,66.0,69.0,55.0,,90,
225,Chansi Stuckey\StucCh20,2TM,WR,26,15,3,0,0,0,0,0,2,6,3.00,0,66,30,318,10.60,2,0,,2,,,44,74.4,77.4,59.4,,89,
226,Leon Washington\WashLe00,NYJ,RB,27,7,0,0,0,0,0,0,72,331,4.60,0,26,15,131,8.73,0,1,1,0,,,44,59.2,66.2,51.7,,70,
227,Daniel Fells\FellDa00,STL,TE,26,14,4,0,0,0,0,0,0,0,,0,35,21,273,13.00,3,1,1,3,,,43,64.3,68.3,53.8,,28,
228,Lex Hilliard\HillLe00,MIA,RB,25,16,0,0,0,0,0,0,23,89,3.87,1,20,20,158,7.90,2,0,,3,,,43,62.7,65.7,52.7,,73,
229,Mewelde Moore\MoorMe00,PIT,RB,27,16,0,1,1,6,1,0,35,118,3.37,0,31,21,153,7.29,2,0,,2,,,43,64.3,70.3,53.8,,72,
230,Dante Rosario\RosaDa00,CAR,TE,25,14,8,0,0,0,0,0,0,0,,0,48,26,313,12.04,2,0,,2,,,43,69.3,72.3,56.3,,29,
231,Maurice Stovall\StovMa00,TAM,WR,24,15,7,0,0,0,0,0,0,0,,0,47,24,366,15.25,1,0,,1,,,43,66.6,69.6,54.6,,91,
232,Julian Edelman\EdelJu00,NWE,WR,23,11,7,0,0,0,0,0,2,5,2.50,0,54,37,359,9.70,1,1,,1,,,42,79.4,82.4,60.9,,92,
233,Chris Redman\RedmCh00,ATL,QB,32,6,2,69,119,781,4,3,6,4,0.67,0,0,0,0,,0,1,,0,,,42,41.6,47.6,44.6,,39,
234,David Thomas\ThomDa02,NOR,TE,26,15,8,0,0,0,0,0,0,0,,0,48,35,356,10.17,1,0,,1,,,42,76.6,79.6,59.1,,30,
235,Seneca Wallace\WallSe00,SEA,QB,29,13,2,78,120,700,3,2,16,2,0.13,1,3,2,29,14.50,0,5,2,1,,,41,43.1,50.1,44.1,,40,
236,Kyle Boller\BollKy00,STL,QB,28,7,4,98,176,899,3,6,13,76,5.85,0,0,0,0,,0,2,2,0,,,40,39.6,50.6,45.6,,42,
237,Josh Johnson\JohnJo05,TAM,QB,23,6,4,63,125,685,4,8,22,148,6.73,0,0,0,0,,0,7,1,0,,,40,40.2,55.2,48.2,,41,
238,Brad Smith\SmitBr01,NYJ,WR,26,13,2,1,1,27,0,0,18,207,11.50,1,12,7,63,9.00,0,0,,2,,,40,47.1,50.1,43.6,,93,
239,Brandon Gibson\GibsBr00,2TM,WR,22,10,4,0,0,0,0,0,0,0,,0,69,34,348,10.24,1,2,1,1,,,39,72.8,76.8,55.8,,94,
240,Randy McMichael\McMiRa01,STL,TE,30,16,16,0,0,0,0,0,0,0,,0,62,34,332,9.76,1,0,,1,,,39,73.2,76.2,56.2,,31,
241,Joel Dreessen\DreeJo00,HOU,TE,27,16,11,0,0,0,0,0,0,0,,0,39,26,320,12.31,1,0,,1,,,38,64.0,67.0,51.0,,32,
242,Jeff King\KingJe00,CAR,TE,26,16,15,0,0,0,0,0,0,0,,0,33,25,200,8.00,3,1,,3,,,38,63.0,66.0,50.5,,33,
243,Legedu Naanee\NaanLe00,SDG,WR,26,15,1,1,1,21,0,0,3,7,2.33,0,29,24,242,10.08,2,0,,2,,,38,61.7,64.7,49.7,,95,
244,David Anderson\AndeDa01,HOU,TE,26,16,8,0,0,0,0,0,0,0,,0,53,38,370,9.74,0,0,,0,,,37,75.0,78.0,56.0,,34,
245,Danny Amendola\AmenDa00,STL,WR,24,14,2,0,0,0,0,0,3,-2,-0.67,0,63,43,326,7.58,1,4,1,1,,,36,79.4,83.4,57.9,,96,
246,Glen Coffee\CoffGl00,SFO,RB,22,14,2,0,0,0,0,0,83,226,2.72,1,18,11,76,6.91,0,0,,1,,,36,47.2,50.2,41.7,,75,
247,J.P. Foschi\FoscJo00,CIN,TE,27,15,10,0,0,0,0,0,0,0,,0,37,27,260,9.63,2,1,1,2,,,36,63.0,67.0,49.5,,35,
248,Chris Henry\HenrCh00,CIN,WR,26,8,0,0,0,0,0,0,0,0,,0,23,12,236,19.67,2,0,,2,,,36,47.6,50.6,41.6,,97,
249,Rashad Jennings\JennRa00,JAX,RB,24,15,0,0,0,0,0,0,39,202,5.18,1,18,16,101,6.31,0,0,,1,,,36,52.3,58.3,44.3,,74,
250,Daniel Graham\GrahDa00,DEN,TE,31,16,14,0,0,0,0,0,0,0,,0,43,28,289,10.32,1,0,,1,,,35,62.9,65.9,48.9,,36,
251,Malcolm Kelly\KellMa01,WAS,WR,23,16,10,0,0,0,0,0,0,0,,0,41,25,347,13.88,0,0,,0,,,35,59.7,62.7,47.2,,98,
252,Derek Anderson\AndeDe00,CLE,QB,26,8,7,81,182,888,3,10,10,8,0.80,2,0,0,0,,0,5,3,2,,,34,34.3,50.3,44.3,,44,
253,Chris Jennings\JennCh00,CLE,RB,24,9,1,0,0,0,0,0,63,220,3.49,1,13,9,56,6.22,0,0,,1,,,34,42.6,45.6,38.1,,76,
254,Byron Leftwich\LeftBy00,TAM,QB,29,3,3,58,107,594,4,3,6,6,1.00,0,0,0,0,,0,2,,0,,,34,34.4,40.4,37.4,,43,
255,Zach Miller\MillZa02,JAX,TE,25,14,0,0,0,0,0,0,1,3,3.00,0,27,21,212,10.10,2,0,,2,,,34,54.5,57.5,44.0,,37,
256,JaMarcus Russell\RussJa00,OAK,QB,24,12,9,120,246,1287,3,11,18,44,2.44,0,0,0,0,,0,9,6,0,,,34,33.9,53.9,44.9,,45,
257,LenDale White\WhitLe01,TEN,RB,25,13,0,0,0,0,0,0,64,222,3.47,2,5,3,14,4.67,0,1,1,2,,,34,36.6,40.6,35.1,,77,
258,Josh Reed\ReedJo01,BUF,WR,29,14,4,0,0,0,0,0,0,0,,0,45,27,291,10.78,1,3,1,1,,,33,60.1,64.1,46.6,,99,
259,Donald Lee\LeexDo00,GNB,TE,29,16,10,0,0,0,0,0,0,0,,0,54,37,260,7.03,1,0,,1,,,32,69.0,72.0,50.5,,38,
260,Michael Clayton\ClayMi00,TAM,WR,27,13,11,0,1,0,0,0,0,0,,0,48,16,230,14.38,1,0,,1,1,,31,47.0,50.0,39.0,,100,
261,Brian Leonard\LeonBr00,CIN,RB,25,14,1,0,0,0,0,0,27,84,3.11,0,35,30,217,7.23,0,1,1,0,1,,30,60.1,64.1,45.1,,78,
262,Lynell Hamilton\HamiLy20,NOR,RB,24,9,1,0,0,0,0,0,35,125,3.57,2,7,5,48,9.60,0,0,,2,,,29,34.3,37.3,31.8,,79,
263,Michael Vick\VickMi00,PHI,QB,29,12,1,6,13,86,1,0,24,95,3.96,2,0,0,0,,0,0,,2,,,29,28.9,28.9,28.9,,46,
264,Aaron Brown\BrowAa00,DET,RB,24,15,2,0,0,0,0,0,27,131,4.85,0,15,9,84,9.33,1,0,,1,,,28,36.5,39.5,32.0,,82,
265,Joey Haynos\HaynJo00,MIA,TE,25,16,8,0,0,0,0,0,0,0,,0,37,19,162,8.53,2,1,,2,,,28,47.2,50.2,37.7,,39,
266,Mike Sellers\SellMi00,WAS,RB,34,15,7,0,0,0,0,0,0,0,,0,26,17,176,10.35,2,1,1,2,,,28,44.6,48.6,36.1,,81,
267,Chad Simpson\SimpCh00,IND,RB,24,14,0,0,0,0,0,0,15,102,6.80,2,4,3,1,0.33,0,0,,3,,,28,31.3,34.3,29.8,,80,
268,Desmond Clark\ClarDe00,CHI,TE,32,11,7,0,0,0,0,0,0,0,,0,34,19,145,7.63,2,0,,2,,,27,45.5,48.5,36.0,,41,
269,Early Doucet\DoucEa00,ARI,WR,24,9,0,0,0,0,0,0,0,0,,0,24,17,214,12.59,1,0,,1,,,27,44.4,47.4,35.9,,101,
270,Heath Evans\EvanHe00,NOR,RB,31,6,5,0,0,0,0,0,5,16,3.20,1,13,10,70,7.00,2,0,,3,,,27,36.6,36.6,31.6,,83,
271,Domenik Hixon\HixoDo00,NYG,WR,25,14,2,0,0,0,0,0,0,0,,0,28,15,187,12.47,1,3,2,2,,,27,41.7,46.7,34.2,,103,
272,Lance Moore\MoorLa00,NOR,WR,26,7,0,0,0,0,0,0,0,0,,0,19,14,153,10.93,2,0,,2,,,27,41.3,44.3,34.3,,102,
273,Ben Patrick\PatrBe00,ARI,TE,25,9,7,0,0,0,0,0,0,0,,0,16,12,146,12.17,2,0,,2,,,27,38.6,41.6,32.6,,40,
274,Chris Baker\BakeCh00,NWE,TE,30,16,7,0,0,0,0,0,0,0,,0,19,14,142,10.14,2,0,,2,,,26,40.2,43.2,33.2,,42,
275,Isaac Bruce\BrucIs00,SFO,WR,37,10,7,0,0,0,0,0,1,-8,-8.00,0,49,21,264,12.57,0,0,,0,,,26,46.6,49.6,36.1,,106,
276,Alge Crumpler\CrumAl00,TEN,TE,32,16,14,0,0,0,0,0,0,0,,0,37,27,222,8.22,1,1,1,1,,,26,53.2,57.2,39.7,,43,
277,Kellen Davis\DaviKe01,CHI,TE,24,16,2,0,0,0,0,0,0,0,,0,14,9,75,8.33,3,0,,3,,,26,34.5,34.5,30.0,,44,
278,Johnnie Lee Higgins\HiggJo00,OAK,WR,26,15,5,0,0,0,0,0,2,21,10.50,0,45,19,263,13.84,0,4,1,0,,,26,45.4,49.4,35.9,,104,
279,Dwayne Jarrett\JarrDw00,CAR,WR,23,13,2,0,0,0,0,0,0,0,,0,31,17,196,11.53,1,0,,1,,,26,42.6,45.6,34.1,,105,
280,Sean Ryan\RyanSe00,KAN,TE,29,10,8,0,0,0,0,0,0,0,,0,27,14,135,9.64,2,0,,2,,,26,39.5,42.5,32.5,,45,
281,Marty Booker\BookMa00,ATL,WR,33,16,1,0,0,0,0,0,1,7,7.00,0,31,16,181,11.31,1,0,,1,,,25,40.8,43.8,32.8,,109,
282,Keenan Burton\BurtKe00,STL,WR,25,9,6,0,0,0,0,0,0,0,,0,45,25,253,10.12,0,0,,0,,,25,50.3,53.3,37.8,,107,
283,David Clowney\ClowDa00,NYJ,WR,24,13,3,0,0,0,0,0,3,1,0.33,0,22,14,191,13.64,1,1,,1,,,25,39.2,42.2,32.2,,108,
284,Kenneth Darby\DarbKe00,STL,RB,27,16,1,0,0,0,0,0,27,152,5.63,0,24,18,96,5.33,0,0,,0,,,25,42.8,45.8,33.8,,84,
285,John Kuhn\KuhnJo00,GNB,RB,27,14,6,0,0,0,0,0,8,18,2.25,1,7,7,47,6.71,2,0,,3,,,25,31.5,31.5,28.0,,85,
286,Gary Barnidge\BarnGa01,CAR,TE,24,16,3,0,0,0,0,0,0,0,,0,21,12,242,20.17,0,1,,0,,,24,36.2,39.2,30.2,,46,
287,Ahman Green\GreeAh00,GNB,RB,32,8,0,0,0,0,0,0,41,160,3.90,1,5,3,18,6.00,0,0,,1,,,24,26.8,29.8,25.3,,86,
288,Justin Peelle\PeelJu00,ATL,TE,30,15,8,0,0,0,0,0,0,0,,0,15,12,115,9.58,2,0,,2,,,24,35.5,38.5,29.5,,47,
289,Charlie Frye\FryeCh00,OAK,QB,28,3,3,53,87,581,1,4,4,41,10.25,0,0,0,0,,0,0,,0,,,23,23.3,30.3,27.3,,47,
290,Leonard Pope\PopeLe00,KAN,TE,26,13,8,0,0,0,0,0,0,0,,0,30,20,174,8.70,1,0,,1,,,23,43.4,46.4,33.4,,48,
291,Laurent Robinson\RobiLa01,STL,WR,24,3,3,0,0,0,0,0,0,0,,0,23,13,167,12.85,1,0,,1,,,23,35.7,38.7,29.2,,110,
292,Delanie Walker\WalkHu00,SFO,RB,25,16,8,0,0,0,0,0,3,34,11.33,0,33,21,233,11.10,0,2,2,0,,,23,43.7,48.7,33.2,,87,
293,Kahlil Bell\BellKa00,CHI,RB,23,7,0,0,0,0,0,0,40,220,5.50,0,3,1,4,4.00,0,0,,0,,,22,23.4,26.4,22.9,,88,
294,David Carr\CarrDa00,NYG,QB,30,6,0,21,33,225,1,0,9,27,3.00,1,0,0,0,,0,1,,1,,,22,21.7,21.7,21.7,,48,
295,Vonta Leach\LeacVo00,HOU,RB,28,16,4,0,0,0,0,0,0,0,,0,26,20,155,7.75,1,0,,1,,,22,41.5,44.5,31.5,,89,
296,Jason Hill\HillJa00,SFO,WR,24,11,0,0,0,0,0,0,0,0,,0,16,9,90,10.00,2,0,,2,,,21,30.0,30.0,25.5,,111,
297,Darrius Heyward-Bey\HeywDa00,OAK,WR,22,11,11,0,0,0,0,0,2,19,9.50,0,40,9,124,13.78,1,0,,1,,,20,29.3,32.3,24.8,,112,
298,Brad Hoover\HoovBr00,CAR,RB,33,11,4,0,0,0,0,0,20,52,2.60,1,9,4,23,5.75,1,1,,2,,,20,23.5,23.5,21.5,,90,
299,Shawn Nelson\NelsSh00,BUF,TE,24,12,12,0,0,0,0,0,0,0,,0,29,17,156,9.18,1,2,1,1,,,20,36.6,40.6,28.1,,49,
300,Demetrius Williams\WillDe03,BAL,WR,26,12,0,0,0,0,0,0,0,0,,0,17,8,142,17.75,1,0,,1,,,20,28.2,31.2,24.2,,113,
301,Marcus Mason\MasoMa00,WAS,RB,25,10,0,0,0,0,0,0,32,127,3.97,0,7,6,58,9.67,0,0,,0,,,19,24.5,27.5,21.5,,93,
302,Robert Royal\RoyaRo00,CLE,TE,30,13,11,0,0,0,0,0,0,0,,0,26,11,134,12.18,1,0,,1,,,19,30.4,33.4,24.9,,50,
303,Jerramy Stevens\StevJe00,TAM,TE,30,16,8,0,0,0,0,0,0,0,,0,32,15,130,8.67,1,0,,1,,,19,34.0,37.0,26.5,,51,
304,Jerheme Urban\UrbaJe00,ARI,WR,29,10,0,0,0,0,0,0,0,0,,0,29,18,186,10.33,0,0,,0,,,19,36.6,39.6,27.6,,114,
305,Garrett Wolfe\WolfGa00,CHI,RB,25,8,0,0,0,0,0,0,22,120,5.45,1,3,2,12,6.00,0,0,,1,,,19,21.2,24.2,20.2,,91,
306,Jason Wright\WrigJa01,ARI,RB,27,16,0,0,0,0,0,0,3,17,5.67,0,11,9,53,5.89,2,0,,2,,,19,28.0,28.0,23.5,,92,
307,Todd Yoder\YodeTo00,WAS,TE,31,16,1,0,0,0,0,0,0,0,,0,5,4,9,2.25,3,0,,3,,,19,22.9,22.9,20.9,,52,
308,Deon Butler\ButlDe00,SEA,WR,23,16,0,0,0,0,0,0,0,0,,0,42,15,175,11.67,0,0,,0,,,18,32.5,35.5,25.0,,119,
309,Jeff Dugan\DugaJe00,MIN,TE,28,16,4,0,0,0,0,0,3,7,2.33,0,6,6,52,8.67,2,0,,2,,,18,23.9,23.9,20.9,,53,
310,Jerome Felton\FeltJe00,DET,RB,23,13,8,0,0,0,0,0,15,46,3.07,0,17,13,133,10.23,0,0,,0,,,18,30.9,33.9,24.4,,95,
311,Earnest Graham\GrahEa00,TAM,RB,29,13,6,0,0,0,0,0,14,66,4.71,0,22,14,109,7.79,0,0,,0,,,18,31.5,34.5,24.5,,96,
312,Mike Hart\HartMi00,IND,RB,23,9,0,0,0,0,0,0,26,70,2.69,1,8,5,54,10.80,0,0,,1,,,18,23.4,23.4,20.9,,94,
313,Sam Hurd\HurdSa00,DAL,WR,24,16,1,0,0,0,0,0,0,0,,0,12,7,121,17.29,1,0,,1,,,18,25.1,28.1,21.6,,117,
314,Lance Long\LongLa00,2TM,WR,24,8,1,0,0,0,0,0,1,-1,-1.00,0,38,20,178,8.90,0,1,,0,,,18,37.7,40.7,27.7,,118,
315,Eric Weems\WeemEr00,ATL,WR,24,16,0,0,0,0,0,0,8,53,6.63,0,6,6,50,8.33,2,3,2,2,,,18,24.3,26.3,21.3,,116,
316,Ernest Wilford\WilfEr00,JAX,WR,30,15,7,0,0,0,0,0,0,0,,0,21,11,123,11.18,1,0,,1,,,18,29.3,32.3,23.8,,115,
317,Brodie Croyle\CroyBr00,KAN,QB,26,3,1,23,40,230,2,0,0,0,,0,0,0,0,,0,1,,0,,,17,17.2,17.2,17.2,,49,
318,Dennis Dixon\DixoDe00,PIT,QB,24,1,1,12,26,145,1,1,3,27,9.00,1,0,0,0,,0,0,,1,,,17,16.5,17.5,17.5,,50,
319,Lousaka Polite\PoliLo00,MIA,RB,28,16,9,0,0,0,0,0,37,123,3.32,0,23,11,51,4.64,0,1,,0,,,17,28.4,31.4,22.9,,97,
320,Martellus Bennett\BennMa00,DAL,TE,22,14,6,0,0,0,0,0,0,0,,0,30,15,159,10.60,0,0,,0,,,16,30.9,33.9,23.4,,54,
321,Justin Griffith\GrifJu00,SEA,RB,29,13,11,0,0,0,0,0,4,6,1.50,0,26,19,118,6.21,1,1,1,1,,,16,35.4,39.4,25.9,,98,
322,Derek Hagan\HagaDe00,NYG,WR,25,16,0,0,0,0,0,0,0,0,,0,8,8,101,12.63,1,0,,1,,,16,24.1,27.1,20.1,,120,
323,Greg Lewis\LewiGr01,MIN,WR,29,13,1,0,0,0,0,0,0,0,,0,11,8,96,12.00,1,0,,1,,,16,23.6,23.6,19.6,,121,
324,Evan Moore\MoorEv00,CLE,TE,24,5,0,0,0,0,0,0,0,0,,0,23,12,158,13.17,0,0,,0,,,16,27.8,30.8,21.8,,55,
325,Reggie Brown\BrowRe01,PHI,WR,28,14,2,0,0,0,0,0,1,-3,-3.00,0,24,9,155,17.22,0,0,,0,,,15,24.2,27.2,19.7,,122,
326,Keith Null\NullKe00,STL,QB,24,4,4,73,119,566,3,9,5,6,1.20,0,0,0,0,,0,3,1,0,,,15,15.2,28.2,24.2,,51,
327,Chad Pennington\PennCh01,MIA,QB,33,3,3,51,74,413,1,2,3,7,2.33,0,0,0,0,,0,3,1,0,,,15,15.2,21.2,17.2,,52,
328,Danny Woodhead\WoodDa02,NYJ,WR,24,10,0,0,0,0,0,0,15,64,4.27,0,14,8,87,10.88,0,0,,0,,,15,23.1,23.1,19.1,,123,
329,Mike Cox\Cox_Mi20,KAN,RB,24,16,10,0,0,0,0,0,3,5,1.67,1,13,10,79,7.90,0,0,,1,,,14,24.4,24.4,19.4,,99,
330,Jacob Hester\HestJa00,SDG,RB,24,15,10,0,0,0,0,0,21,74,3.52,0,11,9,24,2.67,0,1,1,1,,,14,22.8,23.8,18.3,,101,
331,Brian Hoyer\HoyeBr00,NWE,QB,24,5,0,19,27,142,0,0,10,25,2.50,1,0,0,0,,0,0,,1,,,14,14.2,14.2,14.2,,53,
332,Edgerrin James\JameEd00,SEA,RB,31,7,0,0,0,0,0,0,46,125,2.72,0,3,3,19,6.33,0,1,,0,,,14,17.4,20.4,15.9,,100,
333,Michael Bennett\BennMi00,SDG,RB,31,6,0,0,0,0,0,0,23,65,2.83,0,7,6,65,10.83,0,0,,0,,,13,19.0,19.0,16.0,,104,
334,Daniel Coats\CoatDa00,CIN,TE,25,16,11,0,0,0,0,0,0,0,,0,31,16,150,9.38,0,2,1,0,,,13,29.0,33.0,21.0,,56,
335,BenJarvus Green-Ellis\GreeBe00,NWE,RB,24,12,0,0,0,0,0,0,26,114,4.38,0,5,2,11,5.50,0,0,,0,,,13,14.5,17.5,13.5,,106,
336,Nate Hughes\HughNa00,JAX,WR,24,8,0,0,0,0,0,0,0,0,,0,12,5,70,14.00,1,0,,1,,,13,18.0,18.0,15.5,,124,
337,Tyrell Sutton\SuttTy00,CAR,RB,23,7,1,0,0,0,0,0,12,68,5.67,0,11,6,62,10.33,0,0,,0,,,13,19.0,19.0,16.0,,103,
338,Naufahu Tahi\TahiNa00,MIN,RB,28,15,2,0,0,0,0,0,3,5,1.67,0,12,10,67,6.70,1,0,,1,,,13,23.2,23.2,18.2,,102,
339,Danny Ware\WareDa00,NYG,RB,24,8,0,0,0,0,0,0,13,73,5.62,1,4,3,15,5.00,0,1,1,1,,,13,15.8,16.8,14.3,,105,
340,Brad Cottam\CottBr00,KAN,TE,25,8,1,0,0,0,0,0,0,0,,0,15,9,120,13.33,0,0,,0,,,12,21.0,24.0,16.5,,57,
341,Michael Gaines\GainMi00,2TM,TE,29,10,7,0,0,0,0,0,0,0,,0,9,5,59,11.80,1,0,,1,,,12,16.9,16.9,14.4,,58,
342,Brandon Lloyd\LloyBr00,DEN,WR,28,2,1,0,0,0,0,0,0,0,,0,18,8,117,14.63,0,0,,0,,,12,19.7,22.7,15.7,,125,
343,Ovie Mughelli\MughOv00,ATL,RB,29,14,7,0,0,0,0,0,4,10,2.50,0,10,7,51,7.29,1,0,,1,,,12,19.1,19.1,15.6,,107,
344,Tim Castille\CastTi20,KAN,RB,25,7,0,0,1,0,0,1,14,55,3.93,0,6,4,37,9.25,1,1,1,1,,,11,15.2,17.2,14.2,,109,
345,Jarett Dillard\DillJa00,JAX,WR,24,7,0,0,0,0,0,0,0,0,,0,8,6,106,17.67,0,0,,0,,,11,16.6,19.6,13.6,,129,
346,Brian Finneran\FinnBr00,ATL,WR,33,10,2,0,0,0,0,0,0,0,,0,16,11,111,10.09,0,0,,0,,,11,22.1,25.1,16.6,,126,
347,Casey Fitzsimmons\FitzCa00,DET,TE,29,12,1,0,0,0,0,0,0,0,,0,27,18,128,7.11,0,1,1,0,,,11,28.8,32.8,19.8,,60,
348,Lavelle Hawkins\HawkLa00,TEN,WR,23,10,0,0,0,0,0,0,0,0,,0,14,7,110,15.71,0,0,,0,,,11,18.0,21.0,14.5,,127,
349,Steve Heiden\HeidSt00,CLE,TE,33,7,6,0,0,0,0,0,0,0,,0,17,10,73,7.30,1,1,1,1,,,11,21.3,22.3,16.3,,59,
350,Peyton Hillis\HillPe00,DEN,RB,23,14,2,0,0,0,0,0,13,54,4.15,1,6,4,19,4.75,0,1,1,1,,,11,15.3,16.3,13.3,,108,
351,Tarvaris Jackson\JackTa00,MIN,QB,26,8,0,14,21,201,1,0,17,-10,-0.59,0,0,0,0,,0,0,,0,,,11,11.0,11.0,11.0,,54,
352,Matt Leinart\LeinMa00,ARI,QB,26,8,1,51,77,435,0,3,9,-6,-0.67,0,0,0,0,,0,1,,0,,,11,10.8,16.8,13.8,,55,
353,Moran Norris\NorrMo00,SFO,RB,31,16,7,0,0,0,0,0,14,41,2.93,1,11,7,31,4.43,0,1,1,1,,,11,18.2,19.2,14.7,,110,
354,Brian Robiskie\RobiBr00,CLE,WR,22,11,1,0,0,0,0,0,0,0,,0,20,7,106,15.14,0,0,,0,,,11,17.6,20.6,14.1,,128,
355,Anthony Becht\BechAn00,ARI,TE,32,16,10,0,0,0,0,0,0,0,,0,12,7,61,8.71,1,1,1,1,,,10,17.1,18.1,13.6,,62,
356,Eldra Buckley\BuckEl00,PHI,RB,24,16,0,0,0,0,0,0,15,44,2.93,1,0,0,0,,0,0,,1,,,10,10.4,10.4,10.4,,111,
357,Ruvell Martin\MartRu00,STL,WR,27,8,0,0,0,0,0,0,0,0,,0,12,6,99,16.50,0,0,,0,,,10,15.9,15.9,12.9,,131,
358,Kevin Ogletree\OgleKe00,DAL,WR,22,11,0,0,0,0,0,0,1,6,6.00,0,8,7,96,13.71,0,2,,0,,,10,17.2,17.2,13.7,,130,
359,Gary Russell\RussGa00,OAK,RB,23,12,4,0,0,0,0,0,3,0,0.00,0,15,12,96,8.00,0,1,,0,,,10,21.6,21.6,15.6,,112,
360,Derek Schouman\SchoDe00,BUF,TE,24,2,2,0,0,0,0,0,0,0,,0,11,9,103,11.44,0,0,,0,,,10,19.3,22.3,14.8,,61,
361,Billy Volek\VoleBi00,SDG,QB,33,4,0,20,31,231,1,1,9,-9,-1.00,0,0,0,0,,0,0,,0,,,10,10.3,11.3,11.3,,56,
362,Billy Bajema\BajeBi00,STL,TE,27,16,5,0,0,0,0,0,0,0,,0,11,8,94,11.75,0,0,,0,,,9,17.4,17.4,13.4,,63,
363,LaMont Jordan\JordLa00,DEN,RB,31,9,0,0,0,0,0,0,25,86,3.44,0,4,0,0,,0,0,,0,,,9,8.6,8.6,8.6,,115,
364,Corey McIntyre\McInCo00,BUF,RB,30,15,4,0,0,0,0,0,5,34,6.80,0,8,7,55,7.86,0,0,,0,,,9,15.9,15.9,12.4,,113,
365,Tom Santi\SantTo00,IND,TE,24,3,2,0,0,0,0,0,0,0,,0,11,8,107,13.38,0,1,1,0,,,9,16.7,20.7,12.7,,66,
366,Matt Spaeth\SpaeMa00,PIT,TE,26,16,8,0,0,0,0,0,0,0,,0,7,5,25,5.00,1,1,,1,,,9,13.5,13.5,11.0,,67,
367,Kory Sperry\SperKo00,MIA,TE,24,8,1,0,0,0,0,0,0,0,,0,6,3,31,10.33,1,0,,1,,,9,12.1,12.1,10.6,,64,
368,Lawrence Vickers\VickLa00,CLE,RB,26,16,9,0,0,0,0,0,0,0,,0,18,8,27,3.38,1,1,,1,,,9,16.7,16.7,12.7,,114,
369,Todd Watkins\WatkTo20,OAK,WR,26,13,1,0,0,0,0,0,0,0,,0,19,8,90,11.25,0,0,,0,,,9,17.0,17.0,13.0,,132,
370,Kris Wilson\WilsKr00,SDG,TE,28,16,0,0,0,0,0,0,0,0,,0,6,4,28,7.00,1,0,,1,,,9,12.8,12.8,10.8,,65,
371,Kevin Curtis\CurtKe00,PHI,WR,31,3,1,0,0,0,0,0,0,0,,0,15,6,77,12.83,0,0,,0,,,8,13.7,13.7,10.7,,133,
372,Darnell Dinkins\DinkDa00,NOR,TE,32,11,3,0,0,0,0,0,0,0,,0,7,5,22,4.40,1,0,,1,,,8,13.2,13.2,10.7,,68,
373,Madison Hedgecock\HedgMa00,NYG,RB,28,16,9,0,0,0,0,0,0,0,,0,9,4,23,5.75,1,0,,1,,,8,12.3,12.3,10.3,,116,
374,Owen Schmitt\SchmOw00,SEA,RB,24,15,1,0,0,0,0,0,0,0,,0,11,6,21,3.50,1,0,,1,,,8,14.1,14.1,11.1,,117,
375,Troy Smith\SmitTr02,BAL,QB,25,4,0,5,9,24,0,1,8,31,3.88,1,0,0,0,,0,0,,1,,,8,8.1,9.1,9.1,,58,
376,Tony Stewart\StewTo00,OAK,TE,30,15,4,0,0,0,0,0,0,0,,0,15,10,78,7.80,0,0,,0,,,8,17.8,17.8,12.8,,69,
377,Pat White\WhitPa01,MIA,QB,23,13,0,0,5,0,0,0,21,81,3.86,0,0,0,0,,0,1,,0,,,8,8.1,8.1,8.1,,57,
378,Brian Clark\ClarBr00,TAM,WR,26,14,0,0,0,0,0,0,0,0,,0,18,6,65,10.83,0,0,,0,,,7,12.5,12.5,9.5,,136,
379,Jared Cook\CookJa02,TEN,TE,22,14,0,0,0,0,0,0,0,0,,0,15,9,74,8.22,0,0,,0,,,7,16.4,16.4,11.9,,70,
380,Terrance Copper\CoppTe00,KAN,WR,27,15,2,0,0,0,0,0,0,0,,0,6,4,68,17.00,0,0,,0,,,7,10.8,10.8,8.8,,134,
381,Joey Galloway\GallJo00,NWE,WR,38,3,2,0,0,0,0,0,0,0,,0,20,7,67,9.57,0,0,,0,,,7,13.7,13.7,10.2,,135,
382,Jim Kleinsasser\KleiJi00,MIN,TE,32,16,8,0,0,0,0,0,0,0,,0,16,10,70,7.00,0,0,,0,,,7,17.0,17.0,12.0,,71,
383,Chris Ogbonnaya\OgboCh00,STL,RB,23,2,0,0,0,0,0,0,11,50,4.55,0,2,1,19,19.00,0,0,,0,,,7,7.9,7.9,7.4,,118,
384,Travis Beckum\BeckTr00,NYG,TE,22,15,2,0,0,0,0,0,0,0,,0,10,8,55,6.88,0,0,,0,,,6,13.5,13.5,9.5,,76,
385,James Casey\CaseJa00,HOU,RB,25,15,0,0,0,0,0,0,0,0,,0,12,6,64,10.67,0,0,,0,,,6,12.4,12.4,9.4,,119,
386,Patrick Cobbs\CobbPa00,MIA,RB,26,5,0,0,0,0,0,0,6,36,6.00,0,4,3,23,7.67,0,0,,0,,,6,8.9,8.9,7.4,,121,
387,Todd Collins\CollTo00,WAS,QB,38,3,0,12,23,144,0,0,1,0,0.00,0,0,0,0,,0,2,,0,,,6,5.8,5.8,5.8,,59,
388,Andre' Davis\DaviAn01,HOU,WR,30,14,1,0,0,0,0,0,0,0,,0,11,6,59,9.83,0,0,,0,,,6,11.9,11.9,8.9,,139,
389,Craig Davis\DaviCr00,SDG,WR,24,1,0,0,0,0,0,0,1,4,4.00,0,7,6,52,8.67,0,0,,0,,,6,11.6,11.6,8.6,,141,
390,Bobby Engram\EngrBo00,KAN,WR,36,5,0,0,0,0,0,0,0,0,,0,10,5,61,12.20,0,0,,0,,,6,11.1,11.1,8.6,,138,
391,Derek Fine\FineDe00,BUF,TE,26,8,6,0,0,0,0,0,0,0,,0,18,9,64,7.11,0,0,,0,,,6,15.4,15.4,10.9,,72,
392,Ben Hartsock\HartBe00,NYJ,TE,29,16,7,0,0,0,0,0,0,0,,0,4,1,2,2.00,1,0,,1,,,6,7.2,7.2,6.7,,74,
393,Sinorice Moss\MossSi00,NYG,WR,26,8,0,0,0,0,0,0,0,0,,0,4,1,18,18.00,1,1,1,1,,,6,6.8,7.8,6.3,,140,
394,Adrian Peterson\PeteAd00,CHI,RB,30,14,0,0,0,0,0,0,7,51,7.29,0,2,2,11,5.50,0,0,,0,,,6,8.2,8.2,7.2,,120,
395,John Phillips\PhilJo00,DAL,TE,22,16,4,0,0,0,0,0,0,0,,0,9,7,62,8.86,0,0,,0,,,6,13.2,13.2,9.7,,73,
396,Tony Richardson\RichTo00,NYJ,RB,38,16,10,0,0,0,0,0,7,48,6.86,0,5,3,10,3.33,0,0,,0,,,6,8.8,8.8,7.3,,122,
397,Gijon Robinson\RobiGi21,IND,TE,25,13,10,0,0,0,0,0,0,0,,0,15,9,62,6.89,0,0,,0,,,6,15.2,15.2,10.7,,75,
398,Micheal Spurlock\SpurMi00,2TM,WR,26,6,0,0,1,0,0,0,1,3,3.00,0,0,0,0,,0,1,,1,,,6,6.3,6.3,6.3,,137,
399,Drew Stanton\StanDr00,DET,QB,25,3,1,26,51,259,0,6,9,33,3.67,1,0,0,0,,0,1,1,1,,,6,5.7,12.7,11.7,,60,
400,Kellen Clemens\ClemKe00,NYJ,QB,26,10,1,13,26,125,0,0,12,1,0.08,0,0,0,0,,0,2,,0,,,5,5.1,5.1,5.1,,61,
401,Greg Estandia\EstaGr01,2TM,TE,27,6,1,0,0,0,0,0,0,0,,0,13,4,45,11.25,0,0,,0,,,5,8.5,8.5,6.5,,77,
402,Samkon Gado\GadoSa00,STL,RB,27,15,0,0,0,0,0,0,14,26,1.86,0,3,3,25,8.33,0,0,,0,,,5,8.1,8.1,6.6,,124,
403,Quinten Lawrence\LawrQu00,KAN,WR,25,6,1,0,0,0,0,0,2,42,21.00,0,2,1,9,9.00,0,0,,0,,,5,6.1,6.1,5.6,,142,
404,Louis Rankin\RankLo00,2TM,RB,24,9,0,0,0,0,0,0,8,36,4.50,0,7,5,33,6.60,0,1,1,0,,,5,9.9,10.9,7.4,,126,
405,Javon Ringer\RingJa00,TEN,RB,22,7,0,0,0,0,0,0,8,48,6.00,0,0,0,0,,0,0,,0,,,5,4.8,4.8,4.8,,127,
406,Courtney Roby\RobyCo00,NOR,WR,26,15,0,0,0,0,0,0,0,0,,0,1,1,6,6.00,0,2,1,1,,,5,5.6,6.6,5.1,,143,
407,Aaron Stecker\StecAa00,ATL,RB,34,9,0,0,0,0,0,0,5,15,3.00,0,5,5,34,6.80,0,0,,0,,,5,9.9,9.9,7.4,,125,
408,Albert Young\YounAl01,MIN,RB,24,7,0,0,0,0,0,0,12,53,4.42,0,0,0,0,,0,0,,0,,,5,5.3,5.3,5.3,,123,
409,Ahmard Hall\HallAh00,TEN,RB,30,16,7,0,0,0,0,0,1,5,5.00,0,16,12,79,6.58,0,2,2,0,,,4,16.4,18.4,10.4,,128,
410,Korey Hall\HallKo99,GNB,RB,26,11,5,0,0,0,0,0,0,0,,0,7,5,41,8.20,0,0,,0,,,4,9.1,9.1,6.6,,131,
411,Gartrell Johnson\JohnGa01,NYG,RB,23,10,0,0,0,0,0,0,13,43,3.31,0,1,0,0,,0,0,,0,,,4,4.3,4.3,4.3,,129,
412,Greg Jones\JoneGr01,JAX,RB,28,13,7,0,0,0,0,0,4,23,5.75,0,10,5,14,2.80,0,0,,0,,,4,8.7,8.7,6.2,,133,
413,Kenny Moore\MoorKe00,CAR,WR,24,12,1,0,0,0,0,0,0,0,,0,11,6,59,9.83,0,1,1,0,,,4,9.9,10.9,6.9,,144,
414,Kolby Smith\SmitKo00,KAN,RB,25,4,0,0,0,0,0,0,15,33,2.20,0,2,2,9,4.50,0,0,,0,,,4,6.2,6.2,5.2,,130,
415,Stephen Spach\SpacSt00,ARI,TE,27,7,5,0,0,0,0,0,0,0,,0,10,4,38,9.50,0,0,,0,,,4,7.8,7.8,5.8,,79,
416,Jonathan Stupar\StupJo00,BUF,TE,25,14,2,0,0,0,0,0,0,0,,0,11,6,40,6.67,0,0,,0,,,4,10.0,10.0,7.0,,78,
417,Jacob Tamme\TammJa00,IND,TE,24,16,1,0,0,0,0,0,0,0,,0,10,3,35,11.67,0,0,,0,,,4,6.5,6.5,5.0,,80,
418,Tyler Thigpen\ThigTy00,2TM,QB,25,2,0,4,8,83,1,2,2,3,1.50,0,0,0,0,,0,0,,0,,,4,3.6,5.6,5.6,,62,
419,Derrick Williams\WillDe05,DET,WR,23,11,0,0,0,0,0,0,1,4,4.00,0,13,6,52,8.67,0,2,1,0,,,4,9.6,10.6,6.6,,145,
420,DeShawn Wynn\WynnDe00,GNB,RB,26,4,0,0,0,0,0,0,6,19,3.17,0,7,2,19,9.50,0,0,,0,,,4,5.8,5.8,4.8,,132,
421,Hank Baskett\BaskHa00,2TM,WR,27,12,0,0,0,0,0,0,0,0,,0,12,5,34,6.80,0,0,,0,,,3,8.4,8.4,5.9,,146,
422,Darcy Johnson\JohnDa03,NYG,TE,26,13,4,0,0,0,0,0,0,0,,0,7,5,32,6.40,0,1,,0,,,3,8.2,8.2,5.7,,81,
423,Jeremi Johnson\JohnJe00,CIN,RB,29,16,8,0,0,0,0,0,4,8,2.00,0,12,6,41,6.83,0,1,1,0,,,3,8.9,9.9,5.9,,135,
424,Luke Lawton\LawtLu00,OAK,RB,29,13,3,0,0,0,0,0,0,0,,0,10,7,31,4.43,0,0,,0,,,3,10.1,10.1,6.6,,134,
425,Marko Mitchell\MitcMa00,WAS,WR,24,10,0,0,0,0,0,0,0,0,,0,7,4,32,8.00,0,0,,0,,,3,7.2,7.2,5.2,,147,
426,Jake Nordin\NordJa00,DET,TE,25,4,1,0,0,0,0,0,0,0,,0,3,2,26,13.00,0,0,,0,,,3,4.6,4.6,3.6,,83,
427,Michael Robinson\RobiMi00,SFO,RB,26,15,0,0,0,0,0,0,3,2,0.67,0,11,6,24,4.00,0,0,,0,,,3,8.6,8.6,5.6,,136,
428,Alex Smith\SmitAl02,PHI,TE,27,16,5,0,0,0,0,0,0,0,,0,8,3,25,8.33,0,0,,0,,,3,5.5,5.5,4.0,,84,
429,L.J. Smith\SmitL.00,BAL,TE,29,12,0,0,0,0,0,0,0,0,,0,3,2,31,15.50,0,0,,0,,,3,5.1,5.1,4.1,,82,
430,Brian St. Pierre\St.PBr20,ARI,QB,30,1,0,2,4,12,1,1,1,2,2.00,0,0,0,0,,0,1,,0,,,3,2.7,3.7,3.7,,63,
431,Ramses Barden\BardRa00,NYG,WR,23,3,0,0,0,0,0,0,0,0,,0,1,1,16,16.00,0,0,,0,,,2,2.6,2.6,2.1,,153,
432,Arnaz Battle\BattAr00,SFO,WR,29,15,0,0,0,0,0,0,0,0,,0,5,5,40,8.00,0,6,1,0,,,2,7.0,8.0,4.5,,150,
433,Jackie Battle\BattJa00,KAN,RB,26,5,0,0,0,0,0,0,7,21,3.00,0,2,2,-3,-1.50,0,0,,0,,,2,3.8,3.8,2.8,,144,
434,Brian Brohm\BrohBr00,BUF,QB,24,2,1,17,29,146,0,2,3,-3,-1.00,0,0,0,0,,0,0,,0,,,2,1.5,3.5,3.5,,65,
435,Carey Davis\DaviCa00,PIT,RB,28,6,0,0,0,0,0,0,2,15,7.50,0,0,0,0,,0,0,,0,,,2,1.5,1.5,1.5,,146,
436,James Davis\DaviJa03,CLE,RB,23,2,0,0,0,0,0,0,9,15,1.67,0,5,4,5,1.25,0,0,,0,,,2,6.0,6.0,4.0,,139,
437,Kyle Eckel\EckeKy00,NOR,RB,28,7,2,0,0,0,0,0,2,6,3.00,0,3,2,14,7.00,0,0,,0,,,2,4.0,4.0,3.0,,143,
438,John Gilmore\GilmJo00,TAM,TE,30,13,2,0,0,0,0,0,0,0,,0,7,3,23,7.67,0,0,,0,,,2,5.3,5.3,3.8,,85,
439,Verron Haynes\HaynVe00,ATL,RB,30,7,2,0,0,0,0,0,0,0,,0,4,3,20,6.67,0,0,,0,,,2,5.0,5.0,3.5,,140,
440,Brandon Jones\JoneBr02,SFO,WR,27,8,0,0,0,0,0,0,0,0,,0,5,1,18,18.00,0,0,,0,,,2,2.8,2.8,2.3,,151,
441,Mike Karney\KarnMi00,STL,RB,28,14,8,0,0,0,0,0,2,8,4.00,0,9,6,16,2.67,0,0,,0,,,2,8.4,8.4,5.4,,137,
442,Dan Kreider\KreiDa00,ARI,RB,32,14,3,0,0,0,0,0,0,0,,0,6,4,20,5.00,0,0,,0,,,2,6.0,6.0,4.0,,142,
443,Brandon Myers\MyerBr00,OAK,TE,24,11,2,0,0,0,0,0,0,0,,0,6,4,19,4.75,0,0,,0,,,2,5.9,5.9,3.9,,86,
444,Ben Obomanu\ObomBe00,SEA,WR,26,14,0,0,0,0,0,0,0,0,,0,5,4,41,10.25,0,1,1,0,,,2,6.1,7.1,4.1,,148,
445,Xavier Omon\OmonXa00,BUF,RB,24,5,0,0,0,0,0,0,5,22,4.40,0,1,0,0,,0,0,,0,,,2,2.2,2.2,2.2,,138,
446,Kassim Osgood*\OsgoKa00,SDG,WR,29,16,0,0,0,0,0,0,0,0,,0,5,1,17,17.00,0,0,,0,,,2,2.7,2.7,2.2,,152,
447,John Owens\OwenJo00,SEA,TE,29,16,3,0,0,0,0,0,0,0,,0,6,3,16,5.33,0,0,,0,,,2,4.6,4.6,3.1,,87,
448,Jalen Parmele\ParmJa00,BAL,RB,24,7,0,0,0,0,0,0,5,17,3.40,0,0,0,0,,0,0,,0,,,2,1.7,1.7,1.7,,145,
449,Marcel Reece\ReecMa00,OAK,RB,24,2,0,0,0,0,0,0,0,0,,0,4,2,20,10.00,0,0,,0,,,2,4.0,4.0,3.0,,141,
450,Isaiah Stanback\StanIs00,NWE,QB,25,6,2,0,0,0,0,0,0,0,,0,7,3,22,7.33,0,0,,0,,,2,5.2,5.2,3.7,,64,
451,Wallace Wright\WrigWa00,NYJ,WR,25,16,0,0,0,0,0,0,0,0,,0,3,2,21,10.50,0,0,,0,,,2,4.1,4.1,3.1,,149,
452,Deon Anderson\AndeDe01,DAL,RB,26,16,9,0,0,0,0,0,0,0,,0,3,1,5,5.00,0,0,,0,,,1,1.5,1.5,1.0,,150,
453,Charlie Batch\BatcCh00,PIT,QB,35,1,0,1,2,17,0,0,0,0,,0,0,0,0,,0,0,,0,,,1,0.7,0.7,0.7,,67,
454,Mark Brunell\BrunMa00,NOR,QB,39,16,1,15,30,102,0,1,4,-12,-3.00,0,0,0,0,,0,0,,0,,,1,0.9,1.9,1.9,,66,
455,Tim Carter\CartTi00,STL,WR,30,2,0,0,0,0,0,0,0,0,,0,5,1,6,6.00,0,0,,0,,,1,1.6,1.6,1.1,,160,
456,Yamon Figurs\FiguYa00,2TM,WR,26,6,0,0,0,0,0,0,1,-2,-2.00,0,2,1,7,7.00,0,0,,0,,,1,1.5,1.5,1.0,,164,
457,Tyler Grisham\GrisTy00,PIT,WR,22,4,0,0,0,0,0,0,0,0,,0,2,1,14,14.00,0,0,,0,,,1,2.4,2.4,1.9,,154,
458,James Hardy\HardJa00,BUF,WR,24,2,0,0,0,0,0,0,0,0,,0,1,1,9,9.00,0,0,,0,,,1,1.9,1.9,1.4,,159,
459,Anthony Hill\HillAn00,HOU,TE,24,5,0,0,0,0,0,0,0,0,,0,2,1,9,9.00,0,0,,0,,,1,1.9,1.9,1.4,,90,
460,Tory Humphrey\HumpTo00,NOR,TE,26,1,0,0,0,0,0,0,0,0,,0,1,1,7,7.00,0,0,,0,,,1,1.7,1.7,1.2,,94,
461,David Johnson\JohnDa05,PIT,TE,22,15,3,0,0,0,0,0,0,0,,0,4,2,9,4.50,0,0,,0,,,1,2.9,2.9,1.9,,91,
462,Jaymar Johnson\JohnJa01,MIN,WR,25,6,0,0,0,0,0,0,0,0,,0,1,1,9,9.00,0,0,,0,,,1,1.9,1.9,1.4,,158,
463,Steve Johnson\JohnSt00,BUF,WR,23,5,0,0,0,0,0,0,0,0,,0,3,2,10,5.00,0,0,,0,,,1,3.0,3.0,2.0,,157,
464,Jordan Kent\KentJo20,STL,WR,25,5,0,0,0,0,0,0,0,0,,0,3,1,5,5.00,0,0,,0,,,1,1.5,1.5,1.0,,163,
465,Joe Klopfenstein\KlopJo00,BUF,TE,26,1,1,0,0,0,0,0,0,0,,0,2,1,11,11.00,0,0,,0,,,1,2.1,2.1,1.6,,89,
466,Brandon Manumaleuna\ManuBr00,SDG,TE,29,16,5,0,0,0,0,0,0,0,,0,7,5,13,2.60,0,0,,0,,,1,6.3,6.3,3.8,,88,
467,Charly Martin\MartCh00,CAR,WR,25,7,0,0,0,0,0,0,0,0,,0,2,1,6,6.00,0,0,,0,,,1,1.6,1.6,1.1,,161,
468,Jason McKie\McKiJa00,CHI,RB,29,16,11,0,0,0,0,0,0,0,,0,10,5,13,2.60,0,0,,0,,,1,6.3,6.3,3.8,,147,
469,Jake O'Connell\OConJa00,KAN,TE,24,4,2,0,0,0,0,0,0,0,,0,10,2,7,3.50,0,0,,0,,,1,2.7,2.7,1.7,,93,
470,Bear Pascoe\PascBe00,NYG,TE,23,4,1,0,0,0,0,0,0,0,,0,1,1,9,9.00,0,0,,0,,,1,1.9,1.9,1.4,,92,
471,Kory Sheets\SheeKo00,MIA,RB,24,2,0,0,0,0,0,0,1,5,5.00,0,0,0,0,,0,0,,0,,,1,0.5,0.5,0.5,,151,
472,Matthew Slater\SlatMa00,NWE,WR,24,14,0,0,0,0,0,0,1,6,6.00,0,0,0,0,,0,0,,0,,,1,0.6,0.6,0.6,,162,
473,Terrelle Smith\SmitTe00,DET,RB,31,8,0,0,0,0,0,0,0,0,,0,4,2,7,3.50,0,0,,0,,,1,2.7,2.7,1.7,,148,
474,John Standeford\StanJo00,DET,WR,27,2,0,0,0,0,0,0,0,0,,0,3,1,5,5.00,0,0,,0,,,1,1.5,1.5,1.0,,165,
475,Limas Sweed\SweeLi00,PIT,WR,25,9,0,0,0,0,0,0,0,0,,0,5,1,5,5.00,0,0,,0,,,1,1.5,1.5,1.0,,166,
476,Brandon Tate\TateBr00,NWE,WR,22,2,1,0,0,0,0,0,1,11,11.00,0,2,0,0,,0,0,,0,,,1,1.1,1.1,1.1,,156,
477,Javarris Williams\WillJa05,KAN,RB,23,4,0,0,0,0,0,0,6,6,1.00,0,1,0,0,,0,0,,0,,,1,0.6,0.6,0.6,,149,
478,Troy Williamson\WillTr01,JAX,WR,26,2,1,0,0,0,0,0,0,0,,0,4,3,34,11.33,0,1,1,0,,,1,4.4,5.4,2.9,,155,
479,Jake Allen\AlleJa24,2TM,,24,3,0,0,0,0,0,0,0,0,,0,1,0,0,,0,0,,0,,,,,,,,173,
480,B.J. Askew\AskeB.00,TAM,RB,29,5,2,0,0,0,0,0,1,0,0.00,0,2,2,3,1.50,0,0,,0,,,,2.3,2.3,1.3,,154,
481,Brock Bolen\BoleBr00,JAX,,24,3,0,0,0,0,0,0,0,0,,0,3,0,0,,0,0,,0,,,,,,,,158,
482,Colin Cloherty\ClohCo00,IND,TE,22,1,0,0,0,0,0,0,0,0,,0,1,1,2,2.00,0,0,,0,,,,1.2,1.2,0.7,,98,
483,Andre Coleman\ColeAn21,SDG,,25,2,0,0,0,0,0,0,0,0,,0,,0,0,,0,0,,0,,,,,,,,105,
484,James Dearth\DearJa00,NYJ,,33,16,0,0,0,0,0,0,0,0,,0,,0,0,,0,0,,0,,,,,,,,112,
485,Biren Ealy\EalyBi00,GNB,,25,1,0,0,0,0,0,0,0,0,,0,,0,0,,0,0,,0,,,,,,,,176,
486,Dominique Edison\EdisDo00,TEN,,23,5,0,0,0,0,0,0,0,0,,0,,0,0,,0,0,,0,,,,,,,,191,
487,Tony Fiammetta\FiamTo00,CAR,,23,10,2,0,0,0,0,0,0,0,,0,3,0,0,,0,0,,0,,,,,,,,162,
488,Matt Flynn\FlynMa00,GNB,QB,24,15,0,7,12,58,0,1,5,-5,-1.00,0,0,0,0,,0,0,,0,,,,-0.2,0.8,0.8,,74,
489,Eric Fowler\FowlEr20,DET,,25,3,0,0,0,0,0,0,0,0,,0,,0,0,,0,0,,0,,,,,,,,180,
490,Sam Giguere\GiguSa00,IND,,24,1,0,0,0,0,0,0,0,0,,0,2,0,0,,0,0,,0,,,,,,,,174,
491,Anthony Gonzalez\GonzAn00,IND,,25,1,1,0,0,0,0,0,0,0,,0,,0,0,,0,0,,0,,,,,,,,175,
492,Dan Gronkowski\GronDa00,DET,TE,24,2,0,0,0,0,0,0,0,0,,0,3,1,4,4.00,0,0,,0,,,,1.4,1.4,0.9,,95,
493,Rex Grossman\GrosRe00,HOU,QB,29,1,0,3,9,33,0,1,3,9,3.00,0,0,0,0,,0,1,,0,,,,0.2,1.2,1.2,,68,
494,Matt Gutierrez\GutiMa00,KAN,QB,25,1,0,1,1,3,0,0,0,0,,0,0,0,0,,0,0,,0,,,,0.1,0.1,0.1,,69,
495,Justin Harper\HarpJu01,BAL,,24,2,0,0,0,0,0,0,0,0,,0,1,0,0,,0,0,,0,,,,,,,,169,
496,Clark Harris\HarrCl20,CIN,,25,11,0,0,0,0,0,0,0,0,,0,,0,0,,0,0,,0,,,,,,,,106,
497,Mike Hass\HassMi00,SEA,,26,1,0,0,0,0,0,0,0,0,,0,,0,0,,0,0,,0,,,,,,,,190,
498,Chris Henry\HenrCh01,TEN,,24,2,0,0,0,0,0,0,0,0,,0,,0,0,,0,0,,0,,,,,,,,157,
499,Darius Hill\HillDa03,CIN,,24,1,0,0,0,0,0,0,0,0,,0,,0,0,,0,0,,0,,,,,,,,108,
500,Nathan Hodel\HodeNa20,DET,,32,1,0,0,0,0,0,0,0,0,,0,,0,0,,0,0,,0,,,,,,,,114,
501,Kareem Huggins\HuggKa00,TAM,,23,3,0,0,0,0,0,0,0,0,,0,0,0,0,,0,0,,0,,,,,,,,165,
502,Juaquin Iglesias\IgleJu00,CHI,,22,1,0,0,0,0,0,0,0,0,,0,0,0,0,,0,0,,0,,,,,,,,192,
503,Justin Jenkins\JenkJu00,BUF,WR,29,12,0,0,0,0,0,0,1,-3,-3.00,0,0,0,0,,0,0,,0,,,,-0.3,-0.3,-0.3,,194,
504,Adam Jennings\JennAd00,DET,,27,1,0,0,0,0,0,0,0,0,,0,,0,0,,0,0,,0,,,,,,,,172,
505,Brian Jennings\JennBr00,SFO,,33,16,0,0,0,0,0,0,0,0,,0,0,0,0,,0,0,,0,,,,,,,,104,
506,Quinn Johnson\JohnQu00,GNB,RB,23,9,0,0,0,0,0,0,0,0,,0,4,2,4,2.00,0,0,,0,,,,2.4,2.4,1.4,,153,
507,Nate Jones\JoneNa21,STL,,24,1,0,0,0,0,0,0,0,0,,0,,0,0,,0,0,,0,,,,,,,,168,
508,Matt Lawrence\LawrMa00,BAL,RB,24,8,0,0,0,0,0,0,4,0,0.00,0,1,1,4,4.00,0,0,,0,,,,1.4,1.4,0.9,,152,
509,Mike Leach\LeacMi00,ARI,,33,16,0,0,0,0,0,0,0,0,,0,,0,0,,0,0,,0,,,,,,,,111,
510,J.P. Losman\LosmJ.00,OAK,QB,28,1,0,0,1,0,0,0,0,0,,0,0,0,0,,0,0,,0,,,,,,,,72,
511,Marcus Mailei\MailMa00,NOR,,23,2,0,0,0,0,0,0,0,0,,0,0,0,0,,0,0,,0,,,,,,,,164,
512,Glenn Martinez\MartGl00,HOU,,28,7,0,0,0,0,0,0,0,0,,0,0,0,0,,0,0,,0,,,,,,,,185,
513,Michael Matthews\MattMi00,2TM,,26,7,0,0,0,0,0,0,0,0,,0,1,0,0,,0,0,,0,,,,,,,,102,
514,Josh McCown\McCoJo01,CAR,QB,30,1,0,1,6,2,0,0,0,0,,0,0,0,0,,0,0,,0,,,,0.1,0.1,0.1,,71,
515,Luke McCown\McCoLu00,JAX,QB,28,3,0,1,3,2,0,0,0,0,,0,0,0,0,,0,0,,0,,,,0.1,0.1,0.1,,70,
516,Shaun McDonald\McDoSh00,PIT,,28,4,0,0,0,0,0,0,0,0,,0,,0,0,,0,0,,0,,,,,,,,188,
517,Kenny McKinley\McKiKe00,DEN,,22,8,0,0,0,0,0,0,0,0,,0,0,0,0,,0,0,,0,,,,,,,,177,
518,Sean Morey\MoreSe00,ARI,,33,13,0,0,0,0,0,0,0,0,,0,1,0,0,,0,0,,0,,,,,,,,167,
519,Cameron Morrah\MorrCa00,SEA,TE,22,3,0,0,0,0,0,0,0,0,,0,1,1,3,3.00,0,0,,0,,,,1.3,1.3,0.8,,96,
520,Matthew Mulligan\MullMa00,NYJ,TE,24,5,1,0,0,0,0,0,0,0,,0,1,1,2,2.00,0,0,,0,,,,1.2,1.2,0.7,,99,
521,Jordan Norwood\NorwJo00,PHI,,23,1,0,0,0,0,0,0,0,0,,0,,0,0,,0,0,,0,,,,,,,,187,
522,Oren O'Neal\ONeaOr00,OAK,RB,26,4,0,0,0,0,0,0,1,0,0.00,0,0,0,0,,0,0,,0,,,,,,,,166,
523,Buck Ortega\OrteBu00,NOR,,28,1,0,0,0,0,0,0,0,0,,0,,0,0,,0,0,,0,,,,,,,,103,
524,Montell Owens\OwenMo01,JAX,RB,25,16,0,0,0,0,0,0,2,1,0.50,0,1,0,0,,0,0,,0,,,,0.1,0.1,0.1,,156,
525,Cedric Peerman\PeerCe00,DET,,23,2,0,0,0,0,0,0,0,0,,0,,0,0,,0,0,,0,,,,,,,,161,
526,Zach Potter\PottZa99,JAX,TE,23,1,1,0,0,0,0,0,0,0,,0,1,1,3,3.00,0,0,,0,,,,1.3,1.3,0.8,,97,
527,Chris Pressley\PresCh00,TAM,RB,23,7,3,0,0,0,0,0,1,0,0.00,0,1,1,2,2.00,0,0,,0,,,,1.2,1.2,0.7,,155,
528,Maurice Purify\PuriMa00,CIN,,23,5,0,0,0,0,0,0,0,0,,0,1,0,0,,0,0,,0,,,,,,,,184,
529,Richard Quinn\QuinRi00,DEN,,23,15,0,0,0,0,0,0,0,0,,0,1,0,0,,0,0,,0,,,,,,,,100,
530,Isaac Redman\RedmIs20,PIT,,25,1,0,0,0,0,0,0,0,0,,0,,0,0,,0,0,,0,,,,,,,,159,
531,Jeff Robinson\RobiJe00,SEA,,39,2,0,0,0,0,0,0,0,0,,0,,0,0,,0,0,,0,,,,,,,,113,
532,Jerome Simpson\SimpJe00,CIN,,23,2,0,0,0,0,0,0,0,0,,0,1,0,0,,0,0,,0,,,,,,,,178,
533,Justin Snow\SnowJu00,IND,,33,16,0,0,0,0,0,0,0,0,,0,,0,0,,0,0,,0,,,,,,,,115,
534,Jim Sorgi\SorgJi00,IND,,29,1,0,0,0,0,0,0,0,0,,0,,0,0,,0,0,,0,,,,,,,,73,
535,Derek Stanley\StanDe00,STL,,24,2,0,0,0,0,0,0,0,0,,0,0,0,0,,0,0,,0,,,,,,,,179,
536,Craig Stevens\StevCr00,TEN,,25,12,2,0,0,0,0,0,0,0,,0,1,0,0,,0,0,,0,,,,,,,,110,
537,Brad St. Louis\StLoBr00,CIN,,33,5,0,0,0,0,0,0,0,0,,0,,0,0,,0,0,,0,,,,,,,,107,
538,Frank Summers\SummFr00,PIT,,24,2,1,0,0,0,0,0,0,0,,0,,0,0,,0,0,,0,,,,,,,,163,
539,Brett Swain\SwaiBr00,GNB,,24,6,0,0,0,0,0,0,0,0,,0,1,0,0,,0,0,,0,,,,,,,,193,
540,Patrick Turner\TurnPa00,MIA,,22,2,0,0,0,0,0,0,0,0,,0,0,0,0,,0,0,,0,,,,,,,,171,
541,David Tyree\TyreDa00,BAL,,29,10,0,0,0,0,0,0,0,0,,0,0,0,0,,0,0,,0,,,,,,,,170,
542,Tiquan Underwood\UndeTi00,JAX,,22,3,0,0,0,0,0,0,0,0,,0,0,0,0,,0,0,,0,,,,,,,,183,
543,Javon Walker\WalkJa00,OAK,,31,3,0,0,0,0,0,0,0,0,,0,0,0,0,,0,1,,0,,,,,,,,186,
544,Chauncey Washington\WashCh00,DAL,,24,2,0,0,0,0,0,0,0,0,,0,0,0,0,,0,0,,0,,,,,,,,160,
545,Chris Williams\WillCh03,CHI,,24,16,16,0,0,0,0,0,0,0,,0,0,0,0,,0,0,,0,,,,,,,,181,
546,Matt Willis\WillMa00,DEN,,25,1,1,0,0,0,0,0,0,0,,0,0,0,0,,0,0,,0,,,,,,,,182,
547,George Wilson\WilsGe01,BUF,,28,16,12,0,0,0,0,0,0,0,,0,0,0,0,,0,0,,0,,,,,,,,189,
548,Joe Zelenka\ZeleJo00,ATL,,33,5,0,0,0,0,0,0,0,0,,0,,0,0,,0,0,,0,,,,,,,,109,
549,Keith Zinger\ZingKe20,ATL,,25,15,2,0,0,0,0,0,0,0,,0,1,0,0,,0,0,,0,,,,,,,,101,
550,J.T. O'Sullivan\OSulJ.00,CIN,QB,30,3,0,4,11,40,0,0,3,12,4.00,0,0,0,0,,0,2,2,0,,,-1,-1.2,0.8,-1.2,,75,
551,Jeff Garcia\GarcJe00,PHI,QB,39,1,0,0,0,0,0,0,3,-2,-0.67,0,0,0,0,,0,1,1,0,,,-2,-2.2,-1.2,-2.2,,77,
552,Caleb Hanie\HaniCa00,CHI,QB,24,2,0,3,7,11,0,1,0,0,,0,0,0,0,,0,0,,0,,,-2,-1.6,-0.6,-0.6,,76,
553,Chris Simms\SimmCh00,DEN,QB,29,3,1,5,17,23,0,1,3,-4,-1.33,0,0,0,0,,0,1,1,0,,,-3,-3.5,-1.5,-2.5,,78,
554,Curtis Painter\PainCu00,IND,QB,24,2,0,8,28,83,0,2,3,4,1.33,0,0,0,0,,0,2,2,0,,,-4,-4.3,-0.3,-2.3,,79,