,,,,,Games,Games,Passing,Passing,Passing,Passing,Passing,Rushing,Rushing,Rushing,Rushing,Receiving,Receiving,Receiving,Receiving,Receiving,Fumbles,Fumbles,Scoring,Scoring,Scoring,Fantasy,Fantasy,Fantasy,Fantasy,Fantasy,Fantasy,Fantasy
Rk,Player,Tm,FantPos,Age,G,GS,Cmp,Att,Yds,TD,Int,Att,Yds,Y/A,TD,Tgt,Rec,Yds,Y/R,TD,Fmb,FL,TD,2PM,2PP,FantPt,PPR,DKPt,FDPt,VBD,PosRank,OvRank
1,Arian Foster *+\FostAr00,HOU,RB,24,16,13,0,0,0,0,0,327,1616,4.94,16,84,66,604,9.15,2,3,2,18,,,326,392.0,400.0,359.0,190,1,1
2,Adrian Peterson*\PeteAd01,MIN,RB,25,15,15,0,0,0,0,0,283,1298,4.59,12,50,36,341,9.47,1,1,1,13,,,240,275.9,282.9,257.9,104,2,2
3,Jamaal Charles*+\CharJa00,KAN,RB,24,16,6,0,0,0,0,0,230,1467,6.38,5,64,45,468,10.40,3,3,2,8,,,238,282.5,290.5,260.0,102,3,3
4,Peyton Hillis\HillPe00,CLE,RB,24,16,14,1,2,13,0,0,270,1177,4.36,11,77,61,477,7.82,2,8,5,13,,,234,294.9,305.9,264.4,98,4,4
5,Chris Johnson *\JohnCh04,TEN,RB,25,16,16,0,0,0,0,0,316,1364,4.32,11,57,44,245,5.57,1,3,2,12,,,229,272.9,280.9,250.9,93,5,5
6,Brandon Lloyd*\LloyBr00,DEN,WR,29,16,11,0,0,0,0,0,1,-18,-18.00,0,153,77,1448,18.81,11,0,,11,,,209,286.0,289.0,247.5,91,1,6
7,Dwayne Bowe*\BoweDw00,KAN,WR,26,16,16,0,0,0,0,0,1,4,4.00,0,133,72,1162,16.14,15,1,,15,,,207,278.6,281.6,242.6,89,2,7
8,Darren McFadden\McFaDa00,OAK,RB,23,13,13,0,1,0,0,0,223,1157,5.19,7,61,47,507,10.79,3,4,3,10,,,220,267.4,276.4,243.9,85,6,8
9,Roddy White*+\WhitRo00,ATL,WR,29,16,16,0,0,0,0,0,1,3,3.00,0,179,115,1389,12.08,10,1,1,10,2,,201,316.2,320.2,258.7,83,3,9
10,LeSean McCoy\McCoLe01,PHI,RB,22,15,13,0,0,0,0,0,207,1080,5.22,7,91,78,592,7.59,2,2,1,9,,,219,297.2,304.2,258.2,83,7,10
11,Rashard Mendenhall\MendRa00,PIT,RB,23,16,16,0,0,0,0,0,324,1273,3.93,13,34,23,167,7.26,0,2,2,13,,,218,241.0,249.0,229.5,82,8,11
12,Michael Vick*\VickMi00,PHI,QB,30,12,12,233,372,3018,21,6,100,676,6.76,9,0,0,0,,0,11,3,9,,1,310,310.3,325.3,316.3,81,1,12
13,Greg Jennings*\JennGr00,GNB,WR,27,16,16,0,0,0,0,0,1,-1,-1.00,0,125,76,1265,16.64,12,2,,12,,,198,274.4,277.4,236.4,81,4,13
14,Matt Forte\FortMa00,CHI,RB,25,16,16,0,0,0,0,0,237,1069,4.51,6,70,51,547,10.73,3,3,2,9,1,,214,264.6,272.6,239.1,78,10,14
15,Ray Rice\RiceRa00,BAL,RB,23,16,14,0,0,0,0,0,307,1220,3.97,5,83,63,556,8.83,1,0,,6,,,214,276.6,282.6,245.1,78,11,15
16,Michael Turner*\TurnMi00,ATL,RB,28,16,15,0,0,0,0,0,334,1371,4.10,12,20,12,85,7.08,0,2,2,12,,,214,225.6,230.6,219.6,78,9,16
17,Aaron Rodgers\RodgAa00,GNB,QB,27,15,15,312,475,3922,28,11,64,356,5.56,4,0,0,0,,0,4,1,4,,,304,304.5,322.5,315.5,75,2,17
18,Mike Wallace\WallMi00,PIT,WR,24,16,16,0,0,0,0,0,5,39,7.80,0,98,60,1257,20.95,10,1,,10,,,190,249.6,252.6,219.6,72,5,18
19,Calvin Johnson *\JohnCa00,DET,WR,25,15,15,0,0,0,0,0,4,32,8.00,0,137,77,1120,14.55,12,1,,12,1,,189,266.2,269.2,227.7,71,6,19
20,Tom Brady *+\BradTo00,NWE,QB,33,16,16,324,492,3900,36,4,31,30,0.97,1,0,0,0,,0,3,1,1,,,299,299.0,307.0,303.0,70,3,20
21,Maurice Jones-Drew*\DrewMa00,JAX,RB,25,14,14,0,1,0,0,1,299,1324,4.43,5,44,34,317,9.32,2,2,2,7,,,200,234.1,243.1,218.1,64,12,21
22,Steven Jackson*\JackSt00,STL,RB,27,16,16,0,0,0,0,0,330,1241,3.76,6,62,46,383,8.33,0,1,1,6,,,196,242.4,249.4,219.4,61,13,22
23,Jason Witten*+\WittJa00,DAL,TE,28,16,16,0,0,0,0,0,0,0,,0,128,94,1002,10.66,9,1,1,9,1,,154,248.2,252.2,201.2,58,1,23
24,Ahmad Bradshaw\BradAh00,NYG,RB,24,16,11,0,0,0,0,0,276,1235,4.47,8,58,47,314,6.68,0,7,6,8,1,,193,239.9,251.9,216.4,57,14,24
25,Peyton Manning *\MannPe00,IND,QB,34,16,16,450,679,4700,33,17,18,18,1.00,0,0,0,0,,0,3,1,0,,,286,285.8,306.8,302.8,57,4,25
26,Hakeem Nicks\NickHa01,NYG,WR,22,13,12,0,0,0,0,0,0,0,,0,128,79,1052,13.32,11,1,,11,,,171,250.2,253.2,210.7,53,7,26
27,Andre Johnson *\JohnAn02,HOU,WR,29,13,13,0,0,0,0,0,2,10,5.00,0,138,86,1216,14.14,8,1,,8,,,171,256.6,259.6,213.6,53,8,27
28,Philip Rivers*\RivePh00,SDG,QB,29,16,16,357,541,4710,30,13,29,52,1.79,0,0,0,0,,0,7,4,0,,1,282,281.6,301.6,294.6,53,5,28
29,Reggie Wayne*+\WaynRe00,IND,WR,32,16,16,0,0,0,0,0,0,0,,0,175,111,1355,12.21,6,1,1,6,,,170,280.5,284.5,225.0,52,9,29
30,BenJarvus Green-Ellis\GreeBe00,NWE,RB,25,16,11,0,0,0,0,0,229,1008,4.40,13,16,12,85,7.08,0,0,,13,,,187,199.3,202.3,193.3,52,15,30
31,Steve Johnson\JohnSt00,BUF,WR,24,16,13,0,0,0,0,0,0,0,,0,141,82,1073,13.09,10,1,1,10,,,165,247.3,251.3,206.3,48,10,31
32,DeSean Jackson*\JackDe00,PHI,WR,24,14,14,0,0,0,0,0,16,104,6.50,1,95,47,1056,22.47,6,4,1,8,,,162,209.0,216.0,185.5,44,11,32
33,Antonio Gates*\GateAn00,SDG,TE,30,10,10,0,0,0,0,0,0,0,,0,65,50,782,15.64,10,0,,10,,,138,188.2,191.2,163.2,42,2,33
34,Miles Austin*\AustMi00,DAL,WR,26,16,16,0,0,0,0,0,7,93,13.29,1,119,69,1041,15.09,7,1,1,8,,,159,228.4,232.4,193.9,42,12,34
35,Mike Williams\WillMi04,TAM,WR,23,16,16,0,0,0,0,0,0,0,,0,129,65,964,14.83,11,3,2,11,,,158,223.4,228.4,190.9,41,13,35
36,Jeremy Maclin\MaclJe00,PHI,WR,22,16,16,0,0,0,0,0,3,36,12.00,0,115,70,964,13.77,10,1,1,10,,,158,228.0,232.0,193.0,40,14,36
37,Drew Brees*\BreeDr00,NOR,QB,31,16,16,448,658,4620,33,22,18,-3,-0.17,0,1,1,7,7.00,0,9,2,0,,,269,270.2,297.2,291.7,40,6,37
38,Vernon Davis\DaviVe00,SFO,TE,26,16,16,0,0,0,0,0,0,0,,0,93,56,914,16.32,7,0,,7,1,,135,191.4,194.4,163.4,39,3,38
39,Terrell Owens\OwenTe00,CIN,WR,37,14,11,0,0,0,0,0,0,0,,0,139,72,983,13.65,9,0,,9,,,152,224.3,227.3,188.3,35,15,39
40,Larry Fitzgerald*\FitzLa00,ARI,WR,27,16,15,0,0,0,0,0,0,0,,0,173,90,1137,12.63,6,0,,6,1,,152,241.7,244.7,196.7,34,16,40
41,Cedric Benson\BensCe00,CIN,RB,28,16,16,0,0,0,0,0,321,1111,3.46,7,37,28,178,6.36,1,7,5,8,1,,169,196.9,207.9,182.9,33,16,41
42,Marcedes Lewis*\LewiMa00,JAX,TE,26,16,16,0,0,0,0,0,0,0,,0,89,58,700,12.07,10,2,2,10,,,126,184.0,189.0,155.0,30,4,42
43,Josh Freeman\FreeJo00,TAM,QB,22,16,16,291,474,3451,25,6,68,364,5.35,0,0,0,0,,0,7,3,0,1,,258,258.4,273.4,264.4,29,7,43
44,Mario Manningham\MannMa01,NYG,WR,24,16,8,0,0,0,0,0,1,2,2.00,0,93,60,944,15.73,9,1,1,9,,,147,206.6,210.6,176.6,29,17,44
45,LaDainian Tomlinson\TomlLa00,NYJ,RB,31,15,13,0,0,0,0,0,219,914,4.17,6,79,52,368,7.08,0,3,,6,,,164,216.2,222.2,190.2,28,17,45
46,Marques Colston\ColsMa00,NOR,WR,27,15,11,0,0,0,0,0,1,1,1.00,0,131,84,1023,12.18,7,0,,7,,,144,228.4,231.4,186.4,27,18,46
47,Santana Moss\MossSa00,WAS,WR,31,16,16,0,0,0,0,0,5,-6,-1.20,0,145,93,1115,11.99,6,3,2,6,,,143,235.9,240.9,189.4,25,19,47
48,Knowshon Moreno\MoreKn00,DEN,RB,23,13,13,0,0,0,0,0,182,779,4.28,5,48,37,372,10.05,3,3,2,8,,,159,196.1,204.1,177.6,23,18,48
49,Percy Harvin\HarvPe00,MIN,WR,22,14,13,0,0,0,0,0,18,107,5.94,1,109,71,868,12.23,5,1,1,7,1,,140,210.5,217.5,175.0,22,20,49
50,Matt Ryan*\RyanMa00,ATL,QB,25,16,16,357,571,3705,28,9,46,122,2.65,0,0,0,0,,0,4,4,0,,2,250,250.4,269.4,259.4,21,8,50
51,Mike Tolbert\TolbMi00,SDG,RB,25,15,4,0,0,0,0,0,182,735,4.04,11,29,25,216,8.64,0,5,3,11,1,,157,182.1,191.1,169.6,21,19,51
52,Frank Gore\GoreFr00,SFO,RB,27,11,11,0,0,0,0,0,203,853,4.20,3,72,46,452,9.83,2,4,2,5,,,157,202.5,210.5,179.5,21,20,52
53,Matt Schaub\SchaMa00,HOU,QB,29,16,16,365,574,4370,24,12,22,28,1.27,0,0,0,0,,0,9,3,0,,1,246,245.6,263.6,257.6,17,9,53
54,Rob Gronkowski\GronRo00,NWE,TE,21,16,11,0,0,0,0,0,0,0,,0,59,42,546,13.00,10,1,1,10,,,113,154.6,158.6,133.6,16,5,54
55,Fred Jackson\JackFr02,BUF,RB,29,16,13,0,0,0,0,0,222,927,4.18,5,54,31,215,6.94,2,5,2,7,,,152,183.2,191.2,167.7,16,21,55
56,Braylon Edwards\EdwaBr00,NYJ,WR,27,16,15,0,0,0,0,0,1,4,4.00,0,101,53,904,17.06,7,1,1,7,1,,133,185.8,189.8,159.3,15,21,56
57,Kenny Britt\BritKe00,TEN,WR,22,12,7,0,0,0,0,0,0,0,,0,73,42,775,18.45,9,1,1,9,1,,132,173.5,177.5,152.5,14,22,57
58,Wes Welker*\WelkWe00,NWE,WR,29,15,11,0,0,0,0,0,0,0,,0,123,86,848,9.86,7,1,,7,,,128,213.8,215.8,170.8,10,23,58
59,Danny Woodhead\WoodDa02,2TM,WR,25,15,3,0,0,0,0,0,97,547,5.64,5,44,34,379,11.15,1,1,1,6,,,127,160.6,167.6,143.6,9,24,59
60,Kellen Winslow\WinsKe01,TAM,TE,27,16,11,0,0,0,0,0,0,0,,0,98,66,730,11.06,5,1,,5,,,103,169.0,172.0,136.0,7,6,60
61,Chris Cooley\CoolCh00,WAS,TE,28,16,16,0,0,0,0,0,0,0,,0,126,77,849,11.03,3,3,1,3,1,,103,179.9,183.9,141.4,7,7,61
62,Johnny Knox\KnoxJo00,CHI,WR,24,16,16,0,0,0,0,0,1,2,2.00,0,100,51,960,18.82,5,1,1,5,,,124,175.2,179.2,149.7,6,25,62
63,Anquan Boldin\BoldAn00,BAL,WR,30,16,16,1,1,-6,0,0,2,2,1.00,0,109,64,837,13.08,7,1,1,7,,,124,187.7,191.7,155.7,6,26,63
64,Tony Gonzalez*\GonzTo00,ATL,TE,34,16,16,0,0,0,0,0,0,0,,0,108,70,656,9.37,6,0,,6,,,102,171.6,174.6,136.6,5,8,64
65,Derrick Mason\MasoDe00,BAL,WR,36,16,15,0,0,0,0,0,0,0,,0,100,61,802,13.15,7,0,,7,,,122,183.2,186.2,152.7,4,27,65
66,Mike Thomas\ThomMi01,JAX,WR,23,16,11,0,0,0,0,0,12,114,9.50,0,102,66,820,12.42,4,3,1,5,,,121,187.4,194.4,154.4,4,28,66
67,Lance Moore\MoorLa00,NOR,WR,27,16,1,0,0,0,0,0,0,0,,0,94,66,763,11.56,8,2,2,8,,,120,186.3,191.3,153.3,3,29,67
68,Dustin Keller\KellDu00,NYJ,TE,26,16,13,0,0,0,0,0,0,0,,0,100,55,687,12.49,5,0,,5,,,99,153.7,156.7,126.2,3,9,68
69,Jahvid Best\BestJa00,DET,RB,21,16,9,0,1,0,0,0,171,555,3.25,4,80,58,487,8.40,2,1,1,6,,,138,196.2,203.2,167.2,2,22,69
70,Brandon Jacobs\JacoBr00,NYG,RB,28,16,5,0,0,0,0,0,147,823,5.60,9,13,7,59,8.43,0,2,2,9,,,138,145.2,150.2,141.7,2,23,70
71,Zach Miller*\MillZa01,OAK,TE,25,15,15,0,0,0,0,0,0,0,,0,92,60,685,11.42,5,1,,5,,,99,158.5,161.5,128.5,2,10,71
72,Joe Flacco\FlacJo00,BAL,QB,25,16,16,306,489,3622,25,10,43,84,1.95,1,0,0,0,,0,9,4,1,,,231,231.3,248.3,241.3,2,10,72
73,Aaron Hernandez\HernAa00,NWE,TE,21,14,7,0,0,0,0,0,3,47,15.67,0,64,45,563,12.51,6,0,,6,,,97,142.0,145.0,119.5,1,11,73
74,Matt Cassel*\CassMa00,KAN,QB,28,15,15,262,450,3116,27,7,33,125,3.79,0,0,0,0,,0,3,1,0,,,229,229.1,243.1,236.1,,11,74
75,Eli Manning\MannEl00,NYG,QB,29,16,16,339,539,4002,31,25,32,70,2.19,0,0,0,0,,0,7,6,0,,,229,229.1,263.1,254.1,,12,75
76,Deion Branch\BranDe00,2TM,WR,31,15,12,0,0,0,0,0,0,0,,0,92,61,818,13.41,6,1,,6,,,118,178.8,181.8,148.3,,30,76
77,Marquis Johnson\JohnMa99,STL,,22,2,0,0,0,0,0,0,0,0,,0,,0,0,,0,0,,0,,,,,,,,1,77
78,J.P. Foschi\FoscJo00,CIN,,28,2,1,0,0,0,0,0,0,0,,0,,0,0,,0,0,,0,,,,,,,,2,78
79,Carson Palmer\PalmCa00,CIN,QB,31,16,16,362,586,3970,26,20,32,50,1.56,0,0,0,0,,0,7,3,0,,1,224,223.8,249.8,243.8,,13,
80,David Garrard\GarrDa00,JAX,QB,32,14,14,236,366,2734,23,15,66,279,4.23,5,0,0,0,,0,11,4,5,,,221,221.3,246.3,236.3,,14,
81,Jay Cutler\CutlJa00,CHI,QB,27,15,15,261,432,3274,23,16,50,232,4.64,1,0,0,0,,0,10,6,1,,1,210,210.2,238.2,226.2,,15,
82,Ben Roethlisberger\RoetBe00,PIT,QB,28,12,12,240,389,3200,17,5,34,176,5.18,2,0,0,0,,0,6,3,2,,,210,209.6,223.6,214.6,,16,
83,Kyle Orton\OrtoKy00,DEN,QB,28,13,13,293,498,3653,20,9,22,98,4.45,0,0,0,0,,0,4,5,0,,,208,207.9,224.9,216.9,,17,
84,Mark Sanchez\SancMa00,NYJ,QB,24,16,16,278,507,3291,17,13,30,105,3.50,3,0,0,0,,0,9,1,3,,1,202,202.1,222.1,215.1,,18,
85,Ryan Fitzpatrick\FitzRy00,BUF,QB,28,13,13,255,441,3000,23,15,40,269,6.73,0,0,0,0,,0,8,5,0,,,199,198.9,224.9,213.9,,19,
86,Sam Bradford\BradSa00,STL,QB,23,16,16,354,590,3512,18,15,27,63,2.33,1,0,0,0,,0,7,2,1,,,191,190.8,210.8,205.8,,20,
87,Donovan McNabb\McNaDo00,WAS,QB,34,13,13,275,472,3377,14,15,29,151,5.21,0,0,0,0,,0,10,1,0,,,174,174.2,196.2,189.2,,21,
88,Shaun Hill\HillSh00,DET,QB,30,11,10,257,416,2686,16,12,22,123,5.59,0,0,0,0,,0,3,1,0,,1,160,159.7,178.7,171.7,,22,
89,Jason Campbell\CampJa00,OAK,QB,29,13,12,194,329,2387,13,8,47,222,4.72,1,0,0,0,,0,9,1,1,,,158,157.7,172.7,165.7,,23,
90,Jon Kitna\KitnJo00,DAL,QB,38,10,9,209,318,2365,16,12,31,147,4.74,1,0,0,0,,0,6,1,1,,2,157,157.3,176.3,169.3,,24,
91,Chad Henne\HennCh01,MIA,QB,25,15,14,301,490,3301,15,19,35,52,1.49,0,0,0,0,,0,5,2,0,,,155,155.2,179.2,174.2,,25,
92,Matt Hasselbeck\HassMa00,SEA,QB,35,14,14,266,444,3001,12,17,23,60,2.61,3,0,0,0,,0,7,5,3,,,148,148.0,173.0,165.0,,26,
93,Thomas Jones\JoneTh00,KAN,RB,32,16,10,0,0,0,0,0,245,896,3.66,6,20,14,122,8.71,0,3,1,6,,,136,149.8,156.8,142.8,,24,
94,Felix Jones\JoneFe00,DAL,RB,23,16,7,0,0,0,0,0,185,800,4.32,1,52,48,450,9.38,1,2,1,2,,,135,183.0,190.0,159.0,,25,
95,Alex Smith\SmitAl03,SFO,QB,26,11,10,204,342,2370,14,10,18,60,3.33,0,0,0,0,,0,4,2,0,,1,135,134.8,149.8,144.8,,27,
96,Michael Bush\BushMi00,OAK,RB,26,14,3,0,0,0,0,0,158,655,4.15,8,24,18,194,10.78,0,0,,8,,,133,150.9,156.9,141.9,,26,
97,LeGarrette Blount\BlouLe00,TAM,RB,24,13,7,0,0,0,0,0,201,1007,5.01,6,7,5,14,2.80,0,4,3,6,,,132,137.1,143.1,134.6,,27,
98,Brandon Jackson\JackBr00,GNB,RB,25,16,13,0,0,0,0,0,190,703,3.70,3,50,43,342,7.95,1,1,,4,,,129,171.5,177.5,150.0,,28,
99,Ronnie Brown\BrowRo05,MIA,RB,29,16,16,0,2,0,0,0,200,734,3.67,5,43,33,242,7.33,0,3,2,5,,,124,156.6,164.6,140.1,,29,
100,Ryan Torain\ToraRy00,WAS,RB,24,10,8,0,0,0,0,0,164,742,4.52,4,27,18,125,6.94,2,2,1,6,,,121,138.7,145.7,129.7,,30,
101,Brandon Marshall\MarsBr00,MIA,WR,26,14,14,0,1,0,0,0,2,3,1.50,0,146,86,1014,11.79,3,2,1,3,,,118,203.7,207.7,160.7,,31,
102,Ryan Mathews\MathRy00,SDG,RB,23,12,9,0,0,0,0,0,158,678,4.29,7,26,22,145,6.59,0,5,3,7,,,118,140.3,149.3,129.3,,31,
103,Marshawn Lynch\LyncMa00,2TM,RB,24,16,14,0,0,0,0,0,202,737,3.65,6,26,22,145,6.59,0,4,4,6,,,116,138.2,148.2,127.2,,32,
104,Pierre Garcon\GarcPi00,IND,WR,24,14,14,0,0,0,0,0,2,6,3.00,0,119,67,784,11.70,6,0,,6,,,115,182.0,185.0,148.5,,32,
105,Austin Collie\CollAu00,IND,WR,25,9,6,0,0,0,0,0,0,0,,0,71,58,649,11.19,8,1,1,8,,,111,168.9,172.9,139.9,,33,
106,Davone Bess\BessDa00,MIA,WR,25,16,8,0,0,0,0,0,2,-3,-1.50,0,125,79,820,10.38,5,3,1,5,,,110,188.7,192.7,149.2,,35,
107,Michael Crabtree\CrabMi00,SFO,WR,23,16,15,0,0,0,0,0,0,0,,0,101,55,741,13.47,6,0,,6,,,110,165.1,168.1,137.6,,34,
108,Kerry Collins\CollKe00,TEN,QB,38,10,7,160,278,1823,14,8,10,1,0.10,0,0,0,0,,0,5,3,0,,1,109,109.0,123.0,117.0,,28,
109,Tim Hightower\HighTi00,ARI,RB,24,16,13,0,0,0,0,0,153,736,4.81,5,42,21,136,6.48,0,5,4,5,,,109,130.2,140.2,119.7,,33,
110,Malcom Floyd\FloyMa00,SDG,WR,29,11,9,0,0,0,0,0,0,0,,0,77,37,717,19.38,6,1,,6,,,108,144.7,147.7,126.2,,37,
111,Santonio Holmes\HolmSa00,NYJ,WR,26,12,10,0,0,0,0,0,2,17,8.50,0,96,52,746,14.35,6,2,2,6,,,108,160.3,165.3,134.3,,36,
112,Chad Johnson\JohnCh01,CIN,WR,32,14,12,0,1,0,0,0,0,0,,0,126,67,831,12.40,4,0,,4,,,107,174.1,177.1,140.6,,38,
113,Nate Washington\WashNa00,TEN,WR,27,16,16,0,0,0,0,0,1,-8,-8.00,0,94,42,687,16.36,6,0,,6,,,104,145.9,148.9,124.9,,39,
114,Anthony Armstrong\ArmsAn00,WAS,WR,27,15,11,0,0,0,0,0,0,0,,0,86,44,871,19.80,3,1,1,3,,,103,147.1,151.1,125.1,,41,
115,Nate Burleson\BurlNa00,DET,WR,29,14,14,0,0,0,0,0,7,81,11.57,0,86,55,625,11.36,6,2,2,6,,,103,157.6,162.6,130.1,,42,
116,Hines Ward\WardHi00,PIT,WR,34,16,15,0,0,0,0,0,1,-2,-2.00,0,95,59,755,12.80,5,1,1,5,,,103,162.3,166.3,132.8,,40,
117,Dez Bryant\BryaDe01,DAL,WR,22,12,2,0,0,0,0,0,1,0,0.00,0,73,45,561,12.47,6,2,1,8,,,102,147.1,151.1,124.6,,43,
118,Jacoby Ford\FordJa01,OAK,WR,23,16,9,0,0,0,0,0,10,155,15.50,2,54,25,470,18.80,2,3,2,7,,,101,125.5,133.5,113.0,,44,
119,Jabar Gaffney\GaffJa00,DEN,WR,30,16,11,0,0,0,0,0,0,0,,0,112,65,875,13.46,2,1,,2,,,100,164.5,167.5,132.0,,45,
120,Chris Ivory\IvorCh00,NOR,RB,22,12,4,0,0,0,0,0,137,716,5.23,5,1,1,17,17.00,0,4,2,5,,,99,100.3,105.3,99.8,,34,
121,Tony Romo\RomoTo00,DAL,QB,30,6,6,148,213,1605,11,7,6,38,6.33,0,0,0,11,,0,0,,0,,,99,99.1,109.1,106.1,,29,
122,Tim Tebow\TeboTi00,DEN,QB,23,9,3,41,82,654,5,3,43,227,5.28,6,0,0,0,,0,1,,6,,,99,98.9,107.9,101.9,,30,
123,Brett Favre\FavrBr00,MIN,QB,41,13,13,217,358,2509,11,19,17,8,0.47,0,0,0,0,,0,7,5,0,,,97,97.2,124.2,116.2,,31,
124,Shonn Greene\GreeSh00,NYJ,RB,25,15,2,0,0,0,0,0,185,766,4.14,2,24,16,120,7.50,0,3,2,2,,,97,112.6,120.6,104.6,,36,
125,Jonathan Stewart\StewJo00,CAR,RB,23,14,7,0,0,0,0,0,178,770,4.33,2,14,8,103,12.88,1,4,4,3,,,97,105.3,115.3,101.3,,35,
126,James Jones\JoneJa04,GNB,WR,26,16,3,0,0,0,0,0,0,0,,0,87,50,679,13.58,5,3,1,5,,,96,145.9,149.9,120.9,,47,
127,Brandon Pettigrew\PettBr00,DET,TE,25,16,16,0,0,0,0,0,0,0,,0,111,71,722,10.17,4,0,,4,,,96,167.2,170.2,131.7,,12,
128,Mike Sims-Walker\WalkMi01,JAX,WR,26,14,13,0,0,0,0,0,0,0,,0,80,43,562,13.07,7,1,1,7,,,96,139.2,143.2,117.7,,46,
129,Danny Amendola\AmenDa00,STL,WR,25,16,6,0,0,0,0,0,7,81,11.57,0,123,85,689,8.11,3,2,,3,,,95,180.0,183.0,137.5,,49,
130,Robert Meachem\MeacRo00,NOR,WR,26,16,7,0,0,0,0,0,4,14,3.50,0,66,44,638,14.50,5,0,,5,,,95,139.2,142.2,117.2,,48,
131,Cadillac Williams\WillCa02,TAM,RB,28,16,9,0,0,0,0,0,125,437,3.50,2,64,46,355,7.72,1,1,1,3,,,95,141.2,148.2,118.2,,38,
132,Ricky Williams\WillRi00,MIA,RB,33,16,0,0,0,0,0,0,159,673,4.23,2,30,19,141,7.42,1,4,2,3,,,95,114.4,122.4,104.9,,37,
133,Ben Watson\WatsBe00,CLE,TE,30,16,16,0,0,0,0,0,1,-1,-1.00,0,102,68,763,11.22,3,0,,3,,,94,162.2,165.2,128.2,,13,
134,Devin Hester*+\HestDe99,CHI,WR,28,16,13,0,0,0,0,0,7,30,4.29,0,73,40,475,11.88,4,0,,7,,,93,132.5,135.5,112.5,,50,
135,Jason Snelling\SnelJa00,ATL,RB,27,14,0,0,0,0,0,0,87,324,3.72,2,51,44,303,6.89,3,2,,5,,,93,136.7,142.7,114.7,,39,
136,Rashad Jennings\JennRa00,JAX,RB,25,13,3,0,0,0,0,0,84,459,5.46,4,35,26,223,8.58,0,0,,4,,,92,118.2,124.2,105.2,,40,
137,Kevin Walter\WaltKe00,HOU,WR,29,16,16,0,0,0,0,0,0,0,,0,80,51,621,12.18,5,0,,5,,,92,143.1,146.1,117.6,,51,
138,Derek Anderson\AndeDe00,ARI,QB,27,12,9,169,327,2065,7,10,5,25,5.00,0,0,0,0,,0,6,2,0,,1,91,91.1,106.1,101.1,,32,
139,Justin Forsett\ForsJu00,SEA,RB,25,16,5,0,0,0,0,0,118,523,4.43,2,51,33,252,7.64,0,0,,2,,,90,122.5,128.5,106.0,,41,
140,Todd Heap\HeapTo00,BAL,TE,30,13,13,0,0,0,0,0,0,0,,0,64,40,599,14.98,5,1,,5,,,90,129.9,132.9,109.9,,14,
141,Colt McCoy\McCoCo00,CLE,QB,24,8,8,135,222,1576,6,9,28,136,4.86,1,1,1,13,13.00,0,1,,1,,,90,90.9,105.9,99.4,,33,
142,Vince Young\YounVi00,TEN,QB,27,9,8,93,156,1255,10,3,25,125,5.00,0,0,0,0,,0,6,4,0,,,89,88.7,101.7,91.7,,34,
143,Steve Breaston\BreaSt00,ARI,WR,27,13,11,1,2,17,0,0,3,35,11.67,0,87,47,718,15.28,1,0,,2,,,88,135.0,138.0,111.5,,52,
144,Jacob Tamme\TammJa00,IND,TE,25,16,8,0,0,0,0,0,0,0,,0,93,67,631,9.42,4,0,,4,,,87,154.1,157.1,120.6,,15,
145,Mike Williams\WillMi03,SEA,WR,26,14,13,0,0,0,0,0,1,0,0.00,0,110,65,751,11.55,2,0,,2,,,87,152.1,155.1,119.6,,53,
146,Keiland Williams\WillKe03,WAS,RB,24,15,3,0,0,0,0,0,65,261,4.02,3,58,39,309,7.92,2,1,1,5,,,85,124.0,131.0,104.5,,42,
147,Joseph Addai\AddaJo00,IND,RB,27,8,7,0,0,0,0,0,116,495,4.27,4,26,19,124,6.53,0,2,1,4,,,84,102.9,109.9,93.4,,43,
148,Eddie Royal\RoyaEd00,DEN,WR,24,16,10,0,0,0,0,0,6,61,10.17,0,105,59,627,10.63,3,4,2,3,,,83,141.8,146.8,112.3,,54,
149,Donald Brown\BrowDo00,IND,RB,23,13,8,0,0,0,0,0,129,497,3.85,2,28,20,205,10.25,0,0,,2,,,82,102.2,108.2,92.2,,44,
150,Josh Morgan\MorgJo00,SFO,WR,25,16,11,0,0,0,0,0,2,17,8.50,0,80,44,698,15.86,2,2,1,2,,,82,125.5,129.5,103.5,,55,
151,Kevin Boss\BossKe00,NYG,TE,26,15,13,0,0,0,0,0,0,0,,0,70,35,531,15.17,5,1,1,5,,,81,116.1,120.1,98.6,,16,
152,Maurice Morris\MorrMa00,DET,RB,31,14,7,0,0,0,0,0,90,336,3.73,5,31,25,170,6.80,0,1,,5,,,81,105.6,111.6,93.1,,45,
153,Roy Williams\WillRo04,DAL,WR,29,15,9,0,0,0,0,0,0,0,,0,64,37,530,14.32,5,3,2,5,1,,81,118.0,123.0,99.5,,56,
154,Lee Evans\EvanLe00,BUF,WR,29,13,13,0,0,0,0,0,0,0,,0,84,37,578,15.62,4,2,1,4,,,80,116.8,120.8,98.3,,57,
155,Donald Driver\DrivDo00,GNB,WR,35,15,15,0,0,0,0,0,0,0,,0,85,51,565,11.08,4,1,1,4,,,79,129.5,133.5,104.0,,59,
156,Ben Obomanu\ObomBe00,SEA,WR,27,15,6,0,0,0,0,0,2,17,8.50,0,49,30,494,16.47,4,0,,4,2,,79,109.1,112.1,94.1,,58,
157,Brian Westbrook\WestBr00,SFO,RB,31,14,5,0,0,0,0,0,77,340,4.42,4,24,16,150,9.38,1,0,,5,,,79,95.0,101.0,87.0,,46,
158,Jordan Shipley\ShipJo00,CIN,WR,25,15,4,0,0,0,0,0,0,0,,0,74,52,600,11.54,3,0,,3,,,78,130.0,133.0,104.0,,60,
159,Anthony Fasano\FasaAn00,MIA,TE,26,15,15,0,0,0,0,0,0,0,,0,60,39,528,13.54,4,0,,4,,,77,115.8,118.8,96.3,,17,
160,Brandon Gibson\GibsBr00,STL,WR,23,14,12,0,0,0,0,0,3,28,9.33,0,91,53,620,11.70,2,0,,2,,,77,129.8,132.8,103.3,,63,
161,Jacoby Jones\JoneJa03,HOU,WR,26,15,7,0,0,0,0,0,2,7,3.50,0,78,51,562,11.02,3,1,,3,1,,77,127.9,130.9,102.4,,62,
162,Troy Smith\SmitTr02,SFO,QB,26,6,6,73,145,1176,5,4,23,121,5.26,1,0,0,0,,0,6,,1,,,77,77.1,87.1,81.1,,35,
163,Brandon Tate\TateBr00,NWE,WR,23,16,10,0,0,0,0,0,5,62,12.40,0,46,24,432,18.00,3,1,1,5,,,77,101.4,105.4,89.4,,61,
164,Willis McGahee\McGaWi00,BAL,RB,29,15,2,0,0,0,0,0,100,380,3.80,5,17,14,55,3.93,1,2,2,6,,,76,89.5,94.5,82.5,,47,
165,Earl Bennett\BennEa00,CHI,WR,23,14,3,0,0,0,0,0,2,9,4.50,0,71,46,561,12.20,3,1,,3,,,75,121.0,124.0,98.0,,65,
166,Brent Celek\CeleBr00,PHI,TE,25,16,15,0,0,0,0,0,0,0,,0,79,42,511,12.17,4,0,,4,,,75,117.1,120.1,96.1,,18,
167,Louis Murphy\MurpLo00,OAK,WR,23,14,9,0,0,0,0,0,1,43,43.00,0,78,41,609,14.85,2,2,1,2,,,75,116.2,120.2,95.7,,64,
168,Joel Dreessen\DreeJo00,HOU,TE,28,16,10,0,0,0,0,0,0,0,,0,55,36,518,14.39,4,1,1,4,,,74,109.8,113.8,91.8,,19,
169,John Kuhn\KuhnJo00,GNB,RB,28,16,2,0,0,0,0,0,84,281,3.35,4,18,15,97,6.47,2,1,,6,,,74,88.8,91.8,81.3,,48,
170,Tony Moeaki\MoeaTo00,KAN,TE,23,15,15,0,0,0,0,0,0,0,,0,73,47,556,11.83,3,0,,3,,,74,120.6,123.6,97.1,,20,
171,Jermaine Gresham\GresJe00,CIN,TE,22,15,10,0,0,0,0,0,0,0,,0,83,52,471,9.06,4,2,1,4,1,,71,123.1,127.1,97.1,,21,
172,Steve Smith\SmitSt02,NYG,WR,25,9,7,0,0,0,0,0,0,0,,0,75,48,529,11.02,3,0,,3,,,71,118.9,121.9,94.9,,66,
173,David Gettis\GettDa00,CAR,WR,23,15,13,0,0,0,0,0,3,2,0.67,0,67,37,508,13.73,3,1,,3,,,69,106.0,109.0,87.5,,68,
174,Randy Moss\MossRa00,3TM,WR,33,16,11,0,0,0,0,0,0,0,,0,63,28,393,14.04,5,0,,5,,,69,97.3,100.3,83.3,,67,
175,Brian Hartline\HartBr00,MIA,WR,24,12,11,0,0,0,0,0,2,27,13.50,0,73,43,615,14.30,1,1,1,1,,,68,111.2,115.2,89.7,,69,
176,Greg Olsen\OlseGr00,CHI,TE,25,16,13,0,0,0,0,0,0,0,,0,70,41,404,9.85,5,2,1,5,,,68,109.4,113.4,88.9,,22,
177,Marcel Reece\ReecMa00,OAK,RB,25,16,10,0,0,0,0,0,30,122,4.07,1,43,25,333,13.32,3,1,1,4,,,68,92.5,99.5,80.0,,49,
178,Marion Barber III\BarbMa01,DAL,RB,27,13,10,0,1,0,0,0,113,374,3.31,4,16,11,49,4.45,0,0,,4,,,66,77.3,80.3,71.8,,50,
179,Jimmy Graham\GrahJi00,NOR,TE,24,15,5,0,0,0,0,0,1,3,3.00,0,44,31,356,11.48,5,1,,5,,,66,96.9,99.9,81.4,,23,
180,Jason Avant\AvanJa00,PHI,WR,27,16,3,0,0,0,0,0,0,0,,0,76,51,573,11.24,1,0,,1,1,,65,116.3,119.3,90.8,,70,
181,Visanthe Shiancoe\ShiaVi00,MIN,TE,30,16,9,0,0,0,0,0,0,0,,0,79,47,530,11.28,2,0,,2,,,65,112.0,115.0,88.5,,24,
182,Jordy Nelson\NelsJo00,GNB,WR,25,16,4,0,0,0,0,0,0,0,,0,64,45,582,12.93,2,3,3,2,,,64,109.2,115.2,86.7,,72,
183,Steve Smith\SmitSt01,CAR,WR,31,14,14,0,0,0,0,0,1,9,9.00,0,100,46,554,12.04,2,3,2,2,,,64,110.3,115.3,87.3,,71,
184,Deon Butler\ButlDe00,SEA,WR,24,13,8,0,0,0,0,0,2,6,3.00,0,70,36,385,10.69,4,0,,4,,,63,99.1,102.1,81.1,,74,
185,Michael Jenkins\JenkMi00,ATL,WR,28,11,9,0,0,0,0,0,0,0,,0,73,41,505,12.32,2,0,,2,,,63,103.5,106.5,83.0,,75,
186,Mohamed Massaquoi\MassMo00,CLE,WR,24,15,14,1,1,29,1,0,1,-3,-3.00,0,73,36,483,13.42,2,1,1,2,,,63,99.2,103.2,81.2,,73,
187,Kevin Kolb\KolbKe00,PHI,QB,26,7,5,115,189,1197,7,7,15,65,4.33,0,0,0,0,,0,6,3,0,,,62,62.4,75.4,69.4,,36,
188,Derrick Ward\WardDe01,HOU,RB,30,16,0,0,0,0,0,0,50,315,6.30,4,11,7,61,8.71,0,0,,4,,,62,68.6,71.6,65.1,,51,
189,Correll Buckhalter\BuckCo00,DEN,RB,32,15,0,0,0,0,0,0,59,147,2.49,2,39,28,240,8.57,2,1,1,4,,,61,88.7,95.7,74.7,,52,
190,Heath Miller\MillHe00,PIT,TE,28,14,14,0,0,0,0,0,0,0,,0,67,42,512,12.19,2,1,1,2,,,61,103.2,107.2,82.2,,25,
191,Owen Daniels\DaniOw00,HOU,TE,28,11,10,0,0,0,0,0,0,0,,0,68,38,471,12.39,2,0,,2,,,59,97.1,100.1,78.1,,26,
192,Brandon LaFell\LaFeBr00,CAR,WR,24,14,2,0,1,0,0,0,1,60,60.00,0,77,38,468,12.32,1,0,,1,,,59,96.8,99.8,77.8,,76,
193,Jeremy Shockey\ShocJe00,NOR,TE,30,13,11,0,0,0,0,0,0,0,,0,59,41,408,9.95,3,0,,3,,,59,99.8,102.8,79.3,,27,
194,Chester Taylor\TaylCh01,CHI,RB,31,16,1,0,0,0,0,0,112,267,2.38,3,26,20,139,6.95,0,0,,3,,,59,78.6,84.6,68.6,,55,
195,Pierre Thomas\ThomPi00,NOR,RB,26,6,3,0,0,0,0,0,83,269,3.24,2,29,29,201,6.93,0,0,,2,,,59,88.0,94.0,73.5,,54,
196,Beanie Wells\WellCh00,ARI,RB,22,13,2,0,0,0,0,0,116,397,3.42,2,8,5,74,14.80,0,1,,2,,,59,64.1,67.1,61.6,,53,
197,Jimmy Clausen\ClauJi00,CAR,QB,23,13,10,157,299,1558,3,9,23,57,2.48,0,0,0,0,,0,9,2,0,,,58,58.0,72.0,67.0,,37,
198,T.J. Houshmandzadeh\HousTJ00,BAL,WR,33,16,2,0,0,0,0,0,0,0,,0,57,30,398,13.27,3,1,,3,,,58,87.8,90.8,72.8,,77,
199,Patrick Crayton\CrayPa00,SDG,WR,31,9,2,0,1,0,0,0,0,0,,0,42,28,514,18.36,1,0,,1,,,57,85.4,88.4,71.4,,78,
200,Drew Stanton\StanDr00,DET,QB,26,6,3,69,119,780,4,3,18,113,6.28,1,0,0,0,,0,3,1,1,,,57,56.5,66.5,59.5,,38,
201,Arrelious Benn\BennAr00,TAM,WR,22,15,9,0,0,0,0,0,6,35,5.83,0,38,25,395,15.80,2,1,,2,,,55,80.0,83.0,67.5,,79,
202,Jerricho Cotchery\CotcJe00,NYJ,WR,28,14,5,0,0,0,0,0,4,-3,-0.75,0,86,41,433,10.56,2,1,,2,,,55,96.0,99.0,75.5,,80,
203,Brad Smith\SmitBr01,NYJ,WR,27,16,2,2,3,6,1,0,38,299,7.87,1,7,4,44,11.00,0,1,1,3,,,55,58.5,62.5,56.5,,81,
204,Roscoe Parrish\ParrRo00,BUF,WR,28,8,6,0,0,0,0,0,3,23,7.67,0,53,33,400,12.12,2,1,,2,,,54,87.3,90.3,70.8,,82,
205,Bo Scaife\ScaiBo00,TEN,TE,29,14,13,0,0,0,0,0,0,0,,0,52,36,318,8.83,4,2,1,4,,,54,89.8,93.8,71.8,,28,
206,Dallas Clark\ClarDa00,IND,TE,31,6,6,0,0,0,0,0,0,0,,0,53,37,347,9.38,3,0,,3,,,53,89.7,92.7,71.2,,30,
207,Devery Henderson\HendDe00,NOR,WR,28,16,11,0,0,0,0,0,3,8,2.67,0,59,34,464,13.65,1,0,,1,,,53,87.2,90.2,70.2,,83,
208,David Nelson\NelsDa01,BUF,TE,24,15,3,0,0,0,0,0,0,0,,0,47,31,353,11.39,3,0,,3,,,53,84.3,87.3,68.8,,29,
209,Rex Grossman\GrosRe00,WAS,QB,30,4,3,74,133,884,7,4,3,6,2.00,0,0,0,0,,0,4,4,0,,2,52,52.0,63.0,56.0,,39,
210,Javarris James\JameJa00,IND,RB,23,10,0,0,0,0,0,0,46,112,2.43,6,11,9,63,7.00,0,1,1,6,,,52,60.5,64.5,56.0,,56,
211,Tashard Choice\ChoiTa00,DAL,RB,26,16,0,0,0,0,0,0,66,243,3.68,3,22,17,109,6.41,0,1,1,3,,,51,68.2,75.2,59.7,,57,
212,Daniel Fells\FellDa00,STL,TE,27,16,6,0,0,0,0,0,0,0,,0,65,41,391,9.54,2,0,,2,,,51,92.1,95.1,71.6,,31,
213,Matthew Stafford\StafMa00,DET,QB,22,3,3,57,96,535,6,1,4,11,2.75,1,0,0,0,,0,2,1,1,,1,51,50.5,55.5,51.5,,40,
214,Fred Davis\DaviFr01,WAS,TE,24,16,9,0,0,0,0,0,0,0,,0,30,21,316,15.05,3,0,,3,,,50,70.6,73.6,60.1,,32,
215,Bruce Gradkowski\GradBr00,OAK,QB,27,6,4,83,157,1059,5,7,12,41,3.42,0,0,0,0,,0,3,1,0,,,50,50.5,61.5,57.5,,41,
216,C.J. Spiller\SpilC.00,BUF,RB,23,14,1,0,0,0,0,0,74,283,3.82,0,30,24,157,6.54,1,5,3,2,,,50,74.0,83.0,62.0,,58,
217,Toby Gerhart\GerhTo00,MIN,RB,23,15,1,0,0,0,0,0,81,322,3.98,1,29,21,167,7.95,0,3,3,1,,,49,69.9,78.9,59.4,,59,
218,Brian Robiskie\RobiBr00,CLE,WR,23,14,11,0,0,0,0,0,0,0,,0,49,29,310,10.69,3,0,,3,,,49,78.0,81.0,63.5,,84,
219,Emmanuel Sanders\SandEm00,PIT,WR,23,13,1,0,0,0,0,0,0,0,,0,50,28,376,13.43,2,2,1,2,,,48,75.6,79.6,61.6,,85,
220,Jerome Harrison\HarrJe00,2TM,RB,27,12,2,0,0,0,0,0,71,330,4.65,1,13,12,85,7.08,0,2,1,1,,,46,57.5,61.5,51.5,,61,
221,DeAngelo Williams\WillDe02,CAR,RB,27,6,6,0,0,0,0,0,87,361,4.15,1,13,11,61,5.55,0,1,1,1,,,46,57.2,61.2,51.7,,60,
222,Darrius Heyward-Bey\HeywDa00,OAK,WR,23,15,14,0,0,0,0,0,4,48,12.00,0,65,26,366,14.08,1,1,1,1,,,45,71.4,75.4,58.4,,86,
223,Laurent Robinson\RobiLa01,STL,WR,25,14,11,0,0,0,0,0,2,-14,-7.00,0,75,34,344,10.12,2,0,,2,,,45,79.0,82.0,62.0,,87,
224,Vincent Jackson\JackVi00,SDG,WR,27,5,5,0,0,0,0,0,1,14,14.00,0,24,14,248,17.71,3,0,,3,,,44,58.2,61.2,51.2,,88,
225,Isaac Redman\RedmIs20,PIT,RB,26,16,0,0,0,0,0,0,52,247,4.75,0,10,9,72,8.00,2,2,,2,,,44,52.9,55.9,48.4,,62,
226,Mark Clayton\ClayMa01,STL,WR,28,5,5,0,0,0,0,0,1,6,6.00,0,42,23,306,13.30,2,0,,2,,,43,66.2,69.2,54.7,,89,
227,Legedu Naanee\NaanLe00,SDG,WR,27,10,9,0,0,0,0,0,3,-2,-0.67,0,46,23,371,16.13,1,1,1,1,1,,43,65.9,69.9,54.4,,90,
228,Reggie Bush\BushRe00,NOR,RB,25,8,6,0,0,0,0,0,36,150,4.17,0,42,34,208,6.12,1,2,,1,,,42,75.8,81.8,58.8,,63,
229,Jared Cook\CookJa02,TEN,TE,23,16,1,0,0,0,0,0,0,0,,0,45,29,361,12.45,1,0,,1,,,42,71.1,74.1,56.6,,33,
230,Tony Scheffler\ScheTo00,DET,TE,27,15,4,0,0,0,0,0,0,0,,0,72,45,378,8.40,1,1,1,1,,,42,86.8,90.8,64.3,,34,
231,Jerome Simpson\SimpJe00,CIN,WR,24,5,3,0,0,0,0,0,1,2,2.00,0,25,20,277,13.85,3,2,2,3,,,42,61.9,66.9,51.9,,91,
232,Seneca Wallace\WallSe00,CLE,QB,30,8,4,64,101,694,4,2,7,9,1.29,0,1,1,9,9.00,0,1,,0,,,42,42.6,47.6,44.1,,42,
233,Josh Cribbs\CribJo01,CLE,WR,27,15,5,2,3,19,0,0,20,66,3.30,0,39,23,292,12.70,1,7,1,1,,,41,63.6,67.6,52.1,,93,
234,Micheal Spurlock\SpurMi00,TAM,WR,27,16,1,0,3,0,0,0,0,0,,0,33,17,250,14.71,2,2,1,3,,,41,58.0,62.0,49.5,,92,
235,Clinton Portis\PortCl00,WAS,RB,29,5,5,0,0,0,0,0,54,227,4.20,2,9,5,55,11.00,0,0,,2,,,40,45.2,48.2,42.7,,65,
236,Sidney Rice\RiceSi01,MIN,WR,24,6,5,0,0,0,0,0,0,0,,0,42,17,280,16.47,2,0,,2,,,40,57.0,60.0,48.5,,94,
237,Javon Ringer\RingJa00,TEN,RB,23,16,0,0,0,0,0,0,51,239,4.69,2,8,7,44,6.29,0,0,,2,,,40,47.3,50.3,43.8,,64,
238,Ladell Betts\BettLa00,NOR,RB,31,8,1,0,0,0,0,0,45,150,3.33,2,31,23,141,6.13,0,1,1,2,,,39,62.1,69.1,50.6,,66,
239,Seyi Ajirotutu\AjirSe00,SDG,WR,23,10,0,0,0,0,0,0,0,0,,0,23,13,262,20.15,2,0,,2,,,38,51.2,54.2,44.7,,95,
240,John Carlson\CarlJo00,SEA,TE,26,15,13,0,0,0,0,0,0,0,,0,58,31,318,10.26,1,0,,1,,,38,68.8,71.8,53.3,,35,
241,Dexter McCluster\McClDe00,KAN,WR,21,11,7,0,0,0,0,0,18,71,3.94,0,39,21,209,9.95,1,2,1,2,,,38,59.0,63.0,48.5,,96,
242,Chansi Stuckey\StucCh20,CLE,WR,27,16,5,0,0,0,0,0,3,9,3.00,1,63,40,346,8.65,0,3,2,1,,,38,77.5,82.5,57.5,,97,
243,Danario Alexander\AlexDa00,STL,WR,24,8,2,0,0,0,0,0,0,0,,0,37,20,306,15.30,1,0,,1,,,37,56.6,59.6,46.6,,99,
244,Anthony Dixon\DixoAn00,SFO,RB,23,16,0,0,0,0,0,0,70,237,3.39,2,5,5,11,2.20,0,0,,2,,,37,41.8,44.8,39.3,,68,
245,Earnest Graham\GrahEa00,TAM,RB,30,12,7,1,1,2,1,0,20,99,4.95,1,19,16,130,8.13,1,1,1,2,,,37,53.0,57.0,45.0,,67,
246,Joe Webb\WebbJo00,MIN,WR,24,5,2,54,89,477,0,3,18,120,6.67,2,0,0,0,,0,1,,2,,,37,37.1,46.1,40.1,,98,
247,Charlie Whitehurst\WhitCh02,SEA,QB,28,6,2,57,99,507,2,3,20,43,2.15,1,0,0,0,,0,2,,1,,2,37,36.6,42.6,39.6,,43,
248,Early Doucet\DoucEa00,ARI,WR,25,10,5,0,0,0,0,0,2,5,2.50,0,59,26,291,11.19,1,0,,1,,,36,61.6,64.6,48.6,,101,
249,Jermichael Finley\FinlJe00,GNB,TE,23,5,5,0,0,0,0,0,0,0,,0,26,21,301,14.33,1,0,,1,,,36,57.1,60.1,46.6,,37,
250,Evan Moore\MoorEv00,CLE,TE,25,12,4,0,0,0,0,0,0,0,,0,26,16,322,20.13,1,1,1,1,,,36,52.2,56.2,44.2,,36,
251,Demaryius Thomas\ThomDe03,DEN,WR,23,10,2,0,0,0,0,0,2,1,0.50,0,39,22,283,12.86,2,3,2,2,,,36,58.4,63.4,47.4,,100,
252,Kenneth Darby\DarbKe00,STL,RB,28,14,0,0,0,0,0,0,34,107,3.15,2,13,10,61,6.10,1,0,,3,,,35,44.8,47.8,39.8,,69,
253,Harry Douglas\DougHa00,ATL,WR,26,16,4,0,0,0,0,0,2,-5,-2.50,0,53,22,294,13.36,1,0,,1,,,35,56.9,59.9,45.9,,103,
254,Brian Finneran\FinnBr00,ATL,WR,34,16,1,0,0,0,0,0,0,0,,0,32,19,166,8.74,3,0,,3,,,35,53.6,56.6,44.1,,104,
255,Brandon Stokley\StokBr00,SEA,WR,34,11,0,0,0,0,0,0,0,0,,0,43,31,354,11.42,0,0,,0,,,35,66.4,69.4,50.9,,102,
256,Randy McMichael\McMiRa01,SDG,TE,31,16,11,0,0,0,0,0,0,0,,0,27,20,221,11.05,2,0,,2,,,34,54.1,57.1,44.1,,38,
257,Mewelde Moore\MoorMe00,PIT,RB,28,15,0,0,0,0,0,0,33,99,3.00,0,31,26,205,7.88,0,0,,0,2,,34,60.4,63.4,47.4,,70,
258,David Thomas\ThomDa02,NOR,TE,27,13,8,0,0,0,0,0,0,0,,0,46,30,219,7.30,2,0,,2,,,34,63.9,66.9,48.9,,39,
259,Justin Gage\GageJu00,TEN,WR,29,11,4,0,0,0,0,0,0,0,,0,43,20,266,13.30,1,0,,1,,,33,52.6,55.6,42.6,,105,
260,Michael Hoomanawanui\HoomMi00,STL,TE,22,8,3,0,0,0,0,0,0,0,,0,22,13,146,11.23,3,0,,3,,,33,45.6,48.6,39.1,,41,
261,Matt Moore\MoorMa01,CAR,QB,26,6,5,79,143,857,5,10,5,25,5.00,0,0,0,0,,0,4,2,0,,,33,32.8,47.8,42.8,,45,
262,John Skelton\SkelJo00,ARI,QB,22,5,4,60,126,662,2,2,10,49,4.90,0,0,0,0,,0,3,1,0,,,33,33.4,39.4,35.4,,44,
263,Delanie Walker\WalkHu00,SFO,TE,26,14,8,0,0,0,0,0,3,18,6.00,0,45,29,331,11.41,0,1,1,0,,,33,61.9,65.9,47.4,,40,
264,Andre Caldwell\CaldAn00,CIN,WR,25,15,5,0,0,0,0,0,1,-2,-2.00,0,37,25,345,13.80,0,1,1,0,,,32,57.3,61.3,44.8,,106,
265,Craig Davis\DaviCr00,SDG,WR,25,7,1,0,0,0,0,0,0,0,,0,39,21,259,12.33,1,0,,1,,,32,52.9,55.9,42.4,,107,
266,Jason Hill\HillJa00,2TM,WR,25,8,1,0,0,0,0,0,0,0,,0,21,11,248,22.55,1,0,,1,,,31,41.8,44.8,36.3,,108,
267,Greg Camarillo\CamaGr00,MIN,WR,28,16,1,0,0,0,0,0,0,0,,0,34,20,240,12.00,1,0,,1,,,30,50.0,53.0,40.0,,109,
268,Zach Miller\MillZa02,JAX,TE,26,15,5,0,0,0,0,0,2,9,4.50,0,26,20,216,10.80,1,0,,1,,,29,48.5,51.5,38.5,,42,
269,Tyler Thigpen\ThigTy00,MIA,QB,26,5,1,33,62,435,2,2,13,73,5.62,0,0,0,0,,0,1,,0,,,29,28.7,33.7,30.7,,46,
270,Derek Hagan\HagaDe00,NYG,WR,26,7,4,0,0,0,0,0,0,0,,0,43,24,223,9.29,1,0,,1,,,28,52.3,55.3,40.3,,110,
271,Andrew Quarless\QuarAn00,GNB,TE,22,13,3,0,0,0,0,0,0,0,,0,33,21,238,11.33,1,1,1,1,,,28,48.8,52.8,38.3,,43,
272,Billy Bajema\BajeBi00,STL,TE,28,13,8,0,0,0,0,0,0,0,,0,24,14,145,10.36,2,1,,2,,,27,40.5,43.5,33.5,,44,
273,Chris Chambers\ChamCh00,KAN,WR,32,13,7,0,0,0,0,0,0,0,,0,43,22,213,9.68,1,0,,1,,,27,49.3,52.3,38.3,,112,
274,Jake Delhomme\DelhJa00,CLE,QB,35,5,4,93,149,872,2,7,8,-2,-0.25,0,0,0,0,,0,3,1,0,,,27,26.7,37.7,33.7,,47,
275,Mike Hart\HartMi00,IND,RB,24,7,1,0,0,0,0,0,43,185,4.30,1,6,6,25,4.17,0,0,,1,,,27,33.0,36.0,30.0,,71,
276,Jacob Hester\HestJa00,SDG,RB,25,15,7,0,0,0,0,0,26,60,2.31,0,26,22,145,6.59,1,0,,1,,,27,48.5,51.5,37.5,,72,
277,Donald Jones\JoneDo00,BUF,WR,23,15,5,0,0,0,0,0,3,1,0.33,0,41,18,213,11.83,1,0,,1,,,27,45.4,48.4,36.4,,111,
278,Martellus Bennett\BennMa00,DAL,TE,23,16,11,0,0,0,0,0,0,0,,0,47,33,260,7.88,0,1,,0,,,26,59.0,62.0,42.5,,46,
279,Matt Flynn\FlynMa00,GNB,QB,25,7,1,40,66,433,3,2,9,26,2.89,0,0,0,0,,0,1,1,0,,,26,25.9,31.9,27.9,,49,
280,Tarvaris Jackson\JackTa00,MIN,QB,27,3,1,34,58,341,3,4,7,63,9.00,0,0,0,0,,0,1,,0,,1,26,25.9,32.9,29.9,,48,
281,Julius Jones\JoneJu01,2TM,RB,29,12,2,0,0,0,0,0,60,223,3.72,0,22,17,59,3.47,0,1,1,0,,,26,43.2,47.2,34.7,,73,
282,Brian Leonard\LeonBr00,CIN,RB,26,11,0,0,0,0,0,0,9,61,6.78,0,26,20,137,6.85,1,0,,1,,,26,45.8,48.8,35.8,,74,
283,Dante Rosario\RosaDa00,CAR,TE,26,16,6,0,0,0,0,0,1,-2,-2.00,0,58,32,264,8.25,0,0,,0,,,26,58.2,61.2,42.2,,45,
284,Kevin Smith\SmitKe02,DET,RB,24,6,0,0,0,0,0,0,34,133,3.91,0,16,11,123,11.18,0,0,,0,,,26,36.6,42.6,31.1,,75,
285,Trent Edwards\EdwaTr01,2TM,QB,27,5,3,55,101,521,2,5,14,58,4.14,0,0,0,0,,0,0,,0,,,25,24.6,32.6,29.6,,51,
286,Stephen McGee\McGeSt00,DAL,QB,25,2,1,22,44,238,2,0,13,74,5.69,0,0,0,0,,0,1,,0,,,25,24.9,24.9,24.9,,50,
287,Mike Sellers\SellMi00,WAS,RB,35,16,8,0,0,0,0,0,4,2,0.50,0,40,20,224,11.20,0,0,,0,1,,25,44.6,47.6,34.6,,76,
288,Travis Beckum\BeckTr00,NYG,TE,23,16,2,0,0,0,0,0,0,0,,0,18,13,116,8.92,2,0,,2,,,24,36.6,39.6,30.1,,49,
289,Bernard Berrian\BerrBe00,MIN,WR,30,14,9,0,0,0,0,0,1,-8,-8.00,0,54,28,252,9.00,0,2,,0,,,24,52.4,55.4,38.4,,113,
290,Jeff King\KingJe00,CAR,TE,27,16,16,0,0,0,0,0,0,0,,0,32,19,121,6.37,2,0,,2,,,24,43.1,46.1,33.6,,48,
291,Craig Stevens\StevCr00,TEN,TE,26,15,13,0,0,0,0,0,0,0,,0,23,11,122,11.09,2,0,,2,,,24,35.2,38.2,29.7,,47,
292,Charlie Batch\BatcCh00,PIT,QB,36,3,2,29,49,352,3,3,7,30,4.29,0,0,0,0,,0,2,,0,,,23,23.1,29.1,26.1,,52,
293,Bryant Johnson\JohnBr02,DET,WR,29,14,7,0,0,0,0,0,0,0,,0,49,18,210,11.67,0,0,,0,1,,23,41.0,44.0,32.0,,116,
294,Donald Lee\LeexDo00,GNB,TE,30,15,6,0,0,0,0,0,0,0,,0,12,11,73,6.64,3,1,1,3,,,23,34.3,35.3,28.8,,50,
295,Golden Tate\TateGo00,SEA,WR,22,11,0,0,0,0,0,0,2,4,2.00,0,39,21,227,10.81,0,1,,0,,,23,44.1,47.1,33.6,,115,
296,Kelley Washington\WashKe00,SDG,WR,31,8,0,0,0,0,0,0,0,0,,0,14,13,173,13.31,1,0,,1,,,23,36.3,39.3,29.8,,114,
297,John Gilmore\GilmJo00,TAM,TE,31,16,11,0,0,0,0,0,0,0,,0,18,13,160,12.31,1,0,,1,,,22,35.0,38.0,28.5,,51,
298,Ruvell Martin\MartRu00,SEA,WR,28,5,0,0,0,0,0,0,0,0,,0,9,7,158,22.57,1,0,,1,,,22,28.8,31.8,25.3,,119,
299,Le'Ron McClain\McClLe00,BAL,RB,26,15,13,0,0,0,0,0,28,85,3.04,0,26,21,134,6.38,0,0,,0,,,22,42.9,45.9,32.4,,78,
300,Ovie Mughelli*\MughOv00,ATL,RB,30,16,6,0,0,0,0,0,13,36,2.77,0,18,13,126,9.69,1,0,,1,,,22,35.2,38.2,28.7,,77,
301,Sammie Stroughter\StroSa00,TAM,WR,24,12,4,0,0,0,0,0,1,2,2.00,0,38,24,239,9.96,0,1,1,0,,,22,46.1,50.1,34.1,,118,
302,Damian Williams\WillDa04,TEN,WR,22,16,1,0,0,0,0,0,1,5,5.00,0,28,16,219,13.69,0,0,,0,,,22,38.4,41.4,30.4,,117,
303,Antonio Brown\BrowAn04,PIT,WR,22,9,0,0,0,0,0,0,0,0,,0,19,16,167,10.44,0,1,1,1,,,21,36.7,40.7,28.7,,120,
304,Patrick Cobbs\CobbPa00,MIA,RB,27,16,1,0,0,0,0,0,4,0,0.00,0,18,8,91,11.38,2,1,,2,,,21,29.1,29.1,25.1,,79,
305,Ed Dickson\DickEd00,BAL,TE,23,15,3,0,0,0,0,0,0,0,,0,23,11,152,13.82,1,0,,1,,,21,32.2,35.2,26.7,,52,
306,Joe McKnight\McKnJo00,NYJ,RB,22,9,1,0,0,0,0,0,39,189,4.85,0,4,3,20,6.67,0,0,,0,,,21,23.9,26.9,22.4,,80,
307,Chad Hall\HallCh00,PHI,WR,24,8,1,0,0,0,0,0,9,29,3.22,0,18,11,115,10.45,1,0,,1,,,20,31.4,34.4,25.9,,122,
308,Greg Lewis\LewiGr01,MIN,WR,30,13,5,0,0,0,0,0,0,0,,0,37,17,197,11.59,0,0,,0,,,20,36.7,39.7,28.2,,123,
309,Marlon Moore\MoorMa02,MIA,WR,23,9,0,0,0,0,0,0,1,16,16.00,0,19,6,128,21.33,1,0,,1,,,20,26.4,29.4,23.4,,121,
310,Leonard Pope\PopeLe00,KAN,TE,27,16,6,0,0,0,0,0,0,0,,0,19,10,76,7.60,2,0,,2,,,20,29.6,29.6,24.6,,53,
311,Owen Schmitt\SchmOw00,PHI,RB,25,15,5,0,0,0,0,0,0,0,,0,24,19,136,7.16,1,0,,1,,,20,38.6,41.6,29.1,,81,
312,Chris Baker\BakeCh00,SEA,TE,31,16,13,0,0,0,0,0,0,0,,0,19,9,116,12.89,1,0,,1,,,18,26.6,29.6,22.1,,54,
313,Riley Cooper\CoopRi00,PHI,WR,23,13,2,0,0,0,0,0,0,0,,0,18,7,116,16.57,1,0,,1,,,18,24.6,27.6,21.1,,125,
314,Lousaka Polite\PoliLo00,MIA,RB,29,16,10,0,0,0,0,0,26,62,2.38,1,17,12,61,5.08,0,0,,1,,,18,30.3,30.3,24.3,,82,
315,Eric Weems*\WeemEr00,ATL,WR,25,16,4,0,0,0,0,0,0,0,,0,6,6,61,10.17,0,0,,2,,,18,24.1,24.1,21.1,,124,
316,Lance Ball\BallLa00,DEN,RB,25,10,0,0,0,0,0,0,41,158,3.85,0,6,3,16,5.33,0,1,,0,,,17,20.4,23.4,18.9,,83,
317,Mike Bell\BellMi00,2TM,RB,27,16,1,0,0,0,0,0,47,99,2.11,0,10,7,67,9.57,0,2,,0,,,17,23.6,23.6,20.1,,84,
318,Alge Crumpler\CrumAl00,NWE,TE,33,16,10,0,0,0,0,0,0,0,,0,10,6,52,8.67,2,0,,2,,,17,23.2,23.2,20.2,,55,
319,Joey Galloway\GallJo00,WAS,WR,39,10,4,0,0,0,0,0,0,0,,0,38,12,173,14.42,0,0,,0,,,17,29.3,32.3,23.3,,127,
320,Verran Tucker\TuckVe00,KAN,WR,22,11,2,0,0,0,0,0,0,0,,0,19,6,114,19.00,1,0,,1,,,17,23.4,26.4,20.4,,126,
321,Terrance Copper\CoppTe00,KAN,WR,28,16,3,0,0,0,0,0,0,0,,0,28,18,157,8.72,0,0,,0,,,16,33.7,36.7,24.7,,129,
322,Julian Edelman\EdelJu00,NWE,WR,24,15,3,0,0,0,0,0,2,14,7.00,0,14,7,86,12.29,0,1,,1,,,16,23.0,23.0,19.5,,128,
323,Justin Peelle\PeelJu00,ATL,TE,31,13,8,0,0,0,0,0,0,0,,0,15,10,96,9.60,1,0,,1,,,16,25.6,25.6,20.6,,56,
324,Dominic Rhodes\RhodDo00,IND,RB,31,3,0,0,0,0,0,0,37,172,4.65,0,4,1,4,4.00,0,1,1,0,,,16,16.6,20.6,16.1,,86,
325,Fred Taylor\TaylFr00,NWE,RB,34,7,0,0,0,0,0,0,43,155,3.60,0,3,2,6,3.00,0,0,,0,,,16,18.1,21.1,17.1,,85,
326,Devin Aromashodu\AromDe00,CHI,WR,26,14,2,0,0,0,0,0,0,0,,0,24,10,149,14.90,0,0,,0,,,15,24.9,27.9,19.9,,131,
327,Dezmon Briscoe\BrisDe00,TAM,WR,21,2,0,0,0,0,0,0,0,0,,0,7,6,93,15.50,1,0,,1,,,15,21.3,21.3,18.3,,130,
328,Eric Decker\DeckEr00,DEN,WR,23,14,0,0,0,0,0,0,0,0,,0,8,6,106,17.67,1,3,1,1,,,15,20.6,24.6,17.6,,132,
329,Daniel Graham\GrahDa00,DEN,TE,32,16,16,0,0,0,0,0,0,0,,0,37,18,148,8.22,0,1,,0,,,15,32.8,35.8,23.8,,57,
330,Jim Kleinsasser\KleiJi00,MIN,TE,33,16,7,0,0,0,0,0,0,0,,0,21,17,148,8.71,0,0,,0,,,15,31.8,34.8,23.3,,58,
331,Todd Bouman\BoumTo00,JAX,QB,38,1,1,18,34,222,2,2,2,8,4.00,0,0,0,0,,0,0,,0,,,14,13.7,15.7,15.7,,53,
332,Naaman Roosevelt\RoosNa00,BUF,WR,23,6,1,0,0,0,0,0,1,3,3.00,0,17,9,139,15.44,0,0,,0,,,14,23.2,26.2,18.7,,133,
333,Matt Spaeth\SpaeMa00,PIT,TE,27,14,13,0,0,0,0,0,0,0,,0,18,9,80,8.89,1,0,,1,,,14,23.0,23.0,18.5,,59,
334,Maurice Stovall\StovMa00,TAM,WR,25,12,1,0,0,0,0,0,0,0,,0,9,7,81,11.57,1,0,,1,,,14,21.1,21.1,17.6,,134,
335,Tyrell Sutton\SuttTy00,CAR,RB,24,9,0,0,0,0,0,0,13,71,5.46,0,12,12,70,5.83,0,0,,0,,,14,26.1,26.1,20.1,,87,
336,Danny Ware\WareDa00,NYG,RB,25,14,0,0,0,0,0,0,20,73,3.65,0,9,7,67,9.57,0,0,,0,,,14,21.0,21.0,17.5,,88,
337,Clay Harbor\HarbCl00,PHI,TE,23,9,6,0,0,0,0,0,0,0,,0,15,9,72,8.00,1,0,,1,,,13,22.2,22.2,17.7,,60,
338,Spencer Larsen\LarsSp99,DEN,RB,26,11,5,0,0,0,0,0,3,18,6.00,0,5,5,51,10.20,1,0,,1,,,13,17.9,17.9,15.4,,90,
339,Sammy Morris\MorrSa00,NWE,RB,33,16,0,0,0,0,0,0,20,56,2.80,0,12,7,77,11.00,0,1,,0,,,13,20.3,20.3,16.8,,89,
340,Dimitri Nance\NancDi00,GNB,RB,22,12,0,0,0,0,0,0,36,95,2.64,0,4,3,30,10.00,0,0,,0,,,13,15.5,15.5,14.0,,92,
341,Michael Robinson\RobiMi00,SEA,RB,27,11,4,1,1,28,0,0,12,77,6.42,0,13,8,37,4.63,0,0,,0,,,13,20.5,20.5,16.5,,91,
342,David Anderson\AndeDa01,HOU,WR,27,12,1,0,0,0,0,0,0,0,,0,18,11,117,10.64,0,0,,0,,,12,22.7,25.7,17.2,,138,
343,Jackie Battle\BattJa00,KAN,RB,27,16,0,0,0,0,0,0,20,50,2.50,1,3,1,9,9.00,0,0,,1,,,12,12.9,12.9,12.4,,94,
344,David Clowney\ClowDa00,2TM,WR,25,13,0,0,0,0,0,0,0,0,,0,16,7,124,17.71,0,0,,0,,,12,19.4,22.4,15.9,,135,
345,Sam Hurd\HurdSa00,DAL,WR,25,15,1,0,0,0,0,0,0,0,,0,23,14,120,8.57,0,0,,0,,,12,26.0,29.0,19.0,,137,
346,Laurence Maroney\MaroLa00,DEN,RB,25,4,3,0,0,0,0,0,36,74,2.06,0,7,4,50,12.50,0,1,,0,,,12,16.4,16.4,14.4,,93,
347,Cameron Morrah\MorrCa00,SEA,TE,23,15,3,0,0,0,0,0,0,0,,0,18,9,117,13.00,0,0,,0,,,12,20.7,23.7,16.2,,62,
348,Kassim Osgood\OsgoKa00,JAX,WR,30,16,3,0,0,0,0,0,0,0,,0,16,6,60,10.00,1,0,,1,,,12,18.0,18.0,15.0,,136,
349,Ben Patrick\PatrBe00,ARI,TE,26,15,7,0,0,0,0,0,0,0,,0,18,15,123,8.20,0,1,,0,,,12,27.3,30.3,19.8,,61,
350,Robert Royal\RoyaRo00,CLE,TE,31,15,4,0,0,0,0,0,0,0,,0,12,5,56,11.20,1,0,,1,,,12,16.6,16.6,14.1,,63,
351,James Starks\StarJa00,GNB,RB,24,3,0,0,0,0,0,0,29,101,3.48,0,4,2,15,7.50,0,0,,0,,,12,13.6,16.6,12.6,,95,
352,Mark Brunell\BrunMa00,NYJ,QB,40,2,0,7,13,117,2,1,0,0,,0,0,0,0,,0,0,,0,,,11,10.7,11.7,11.7,,54,
353,John Conner\ConnJo00,NYJ,RB,23,16,0,0,0,0,0,0,8,44,5.50,1,4,2,9,4.50,0,0,,1,,,11,13.3,13.3,12.3,,96,
354,James Davis\DaviJa03,2TM,RB,24,7,0,0,0,0,0,0,19,60,3.16,0,5,4,45,11.25,0,0,,0,,,11,14.5,14.5,12.5,,100,
355,Kevin Faulk\FaulKe00,NWE,RB,34,2,2,0,0,0,0,0,8,45,5.63,0,10,6,62,10.33,0,0,,0,,,11,16.7,16.7,13.7,,99,
356,Jerome Felton\FeltJe00,DET,RB,24,16,2,0,0,0,0,0,22,76,3.45,0,15,8,54,6.75,0,1,1,0,,,11,19.0,20.0,15.0,,98,
357,Chris Gronkowski\GronCh00,DAL,RB,24,14,7,0,0,0,0,0,5,17,3.40,0,14,7,35,5.00,1,0,,1,,,11,18.2,18.2,14.7,,97,
358,Donte' Stallworth\StalDo00,BAL,WR,30,8,0,0,0,0,0,0,5,45,9.00,0,5,2,82,41.00,0,1,1,0,,,11,12.7,13.7,11.7,,141,
359,Jonathan Stupar\StupJo00,BUF,TE,26,16,3,0,0,0,0,0,0,0,,0,13,12,111,9.25,0,1,,0,,,11,23.1,26.1,17.1,,64,
360,Tiquan Underwood\UndeTi00,JAX,WR,23,10,0,0,0,0,0,0,0,0,,0,22,8,111,13.88,0,0,,0,,,11,19.1,22.1,15.1,,139,
361,Roydell Williams\WillRo05,WAS,WR,29,16,0,0,0,0,0,0,0,0,,0,18,8,109,13.63,0,0,,0,,,11,18.9,21.9,14.9,,140,
362,Aaron Brown\BrowAa00,DET,RB,25,6,0,0,0,0,0,0,17,58,3.41,0,13,8,45,5.63,0,0,,0,,,10,18.3,18.3,14.3,,102,
363,James Casey\CaseJa00,HOU,RB,26,16,4,0,0,0,0,0,0,0,,0,14,8,98,12.25,0,0,,0,,,10,17.8,17.8,13.8,,106,
364,Heath Evans\EvanHe00,NOR,RB,32,16,6,0,0,0,0,0,2,2,1.00,0,11,7,41,5.86,1,0,,1,,,10,17.3,17.3,13.8,,103,
365,Ahmard Hall\HallAh00,TEN,RB,31,16,4,0,0,0,0,0,1,1,1.00,0,20,15,100,6.67,0,0,,0,,,10,25.1,28.1,17.6,,104,
366,Will Heller\HellWi00,DET,TE,29,16,5,0,0,0,0,0,0,0,,0,5,4,37,9.25,1,0,,1,,,10,13.7,13.7,11.7,,67,
367,Max Komar\KomaMa00,ARI,WR,23,8,0,0,0,0,0,0,0,0,,0,22,12,117,9.75,0,3,1,0,,,10,21.7,25.7,15.7,,145,
368,Brandon Manumaleuna\ManuBr00,CHI,TE,30,16,13,0,0,0,0,0,0,0,,0,7,5,43,8.60,1,0,,1,,,10,15.3,15.3,12.8,,66,
369,David Martin\MartDa00,BUF,TE,31,16,9,0,0,0,0,0,0,0,,0,8,7,43,6.14,1,0,,1,,,10,17.3,17.3,13.8,,65,
370,Chaz Schilens\SchiCh00,OAK,WR,25,5,0,0,0,0,0,0,0,0,,0,9,5,40,8.00,1,0,,1,,,10,15.0,15.0,12.5,,143,
371,Steve Slaton\SlatSt00,HOU,RB,24,12,1,0,0,0,0,0,19,93,4.89,0,4,3,11,3.67,0,0,,0,,,10,13.4,13.4,11.9,,101,
372,Naufahu Tahi\TahiNa00,MIN,RB,29,15,7,0,0,0,0,0,1,1,1.00,0,6,6,39,6.50,1,0,,1,,,10,16.0,16.0,13.0,,105,
373,Stephen Williams\WillSt01,ARI,WR,24,11,3,0,0,0,0,0,0,0,,0,23,9,101,11.22,0,0,,0,,,10,19.1,22.1,14.6,,142,
374,Dominique Zeigler\ZiegDo00,SFO,WR,26,11,0,0,0,0,0,0,0,0,,0,15,9,98,10.89,0,0,,0,,,10,18.8,18.8,14.3,,144,
375,Dennis Dixon\DixoDe00,PIT,QB,25,2,2,22,32,254,0,1,5,32,6.40,0,0,0,0,,0,2,1,0,,,9,9.4,11.4,10.4,,55,
376,Vonta Leach*+\LeacVo00,HOU,RB,29,16,5,0,0,0,0,0,0,0,,0,15,8,91,11.38,0,0,,0,,,9,17.1,17.1,13.1,,107,
377,Michael Palmer\PalmMi00,ATL,TE,22,14,1,0,0,0,0,0,0,0,,0,8,5,29,5.80,1,0,,1,,,9,13.9,13.9,11.4,,68,
378,Adrian Arrington\ArriAd00,NOR,WR,25,1,0,0,0,0,0,0,0,0,,0,9,7,79,11.29,0,0,,0,,,8,14.9,14.9,11.4,,146,
379,Kellen Davis\DaviKe01,CHI,TE,25,16,3,0,0,0,0,0,0,0,,0,2,1,19,19.00,1,0,,1,,,8,8.9,8.9,8.4,,70,
380,Josh Johnson\JohnJo05,TAM,QB,24,11,0,14,16,111,0,0,4,39,9.75,0,1,0,0,,0,0,,0,,,8,8.3,8.3,8.3,,56,
381,Corey McIntyre\McInCo00,BUF,RB,31,16,7,0,0,0,0,0,4,5,1.25,1,8,4,32,8.00,0,1,1,1,,,8,11.7,12.7,9.7,,110,
382,Brandon Myers\MyerBr00,OAK,TE,25,15,3,0,0,0,0,0,0,0,,0,16,12,80,6.67,0,1,,0,,,8,20.0,20.0,14.0,,69,
383,David Reed\ReedDa00,BAL,WR,23,13,0,0,0,0,0,0,1,15,15.00,0,1,0,0,,0,0,,1,,,8,7.5,7.5,7.5,,147,
384,Keith Toston\TostKe00,STL,RB,23,16,0,0,0,0,0,0,19,54,2.84,0,2,2,29,14.50,0,0,,0,,,8,10.3,10.3,9.3,,108,
385,Darrel Young\YounDa01,WAS,RB,23,16,0,0,0,0,0,0,4,19,4.75,0,1,1,3,3.00,1,0,,1,,,8,9.2,9.2,8.7,,109,
386,Kellen Clemens\ClemKe00,NYJ,QB,27,1,0,1,2,6,0,0,2,9,4.50,1,0,0,0,,0,0,,1,,,7,7.1,7.1,7.1,,57,
387,Anthony Gonzalez\GonzAn00,IND,WR,26,2,0,0,0,0,0,0,0,0,,0,9,5,67,13.40,0,0,,0,,,7,11.7,11.7,9.2,,149,
388,Dan Gronkowski\GronDa00,DEN,TE,25,12,4,0,0,0,0,0,0,0,,0,13,8,65,8.13,0,0,,0,,,7,14.5,14.5,10.5,,76,
389,Bear Pascoe\PascBe00,NYG,TE,24,15,11,0,0,0,0,0,0,0,,0,13,9,72,8.00,0,0,,0,,,7,16.2,16.2,11.7,,73,
390,Logan Paulsen\PaulLo00,WAS,TE,23,11,0,0,0,0,0,0,0,0,,0,2,2,10,5.00,1,0,,1,,,7,9.0,9.0,8.0,,75,
391,Gijon Robinson\RobiGi21,IND,TE,26,11,2,0,0,0,0,0,0,0,,0,7,3,12,4.00,1,0,,1,,,7,10.2,10.2,8.7,,74,
392,Kory Sperry\SperKo00,SDG,TE,25,7,1,0,0,0,0,0,0,0,,0,4,4,73,18.25,0,0,,0,,,7,11.3,11.3,9.3,,71,
393,Brian St. Pierre\St.PBr20,CAR,QB,31,1,1,13,28,173,1,2,0,0,,0,0,0,0,,0,0,,0,,,7,6.9,8.9,8.9,,58,
394,Brett Swain\SwaiBr00,GNB,WR,25,16,1,0,0,0,0,0,0,0,,0,9,6,72,12.00,0,0,,0,,,7,13.2,13.2,10.2,,148,
395,Josh Vaughan\VaugJo01,CAR,RB,24,3,0,0,0,0,0,0,3,7,2.33,1,0,0,0,,0,0,,1,,,7,6.7,6.7,6.7,,112,
396,Kris Wilson\WilsKr00,SDG,TE,29,14,7,0,0,0,0,0,0,0,,0,,6,73,12.17,0,1,,0,,,7,13.3,13.3,10.3,,72,
397,Jason Wright\WrigJa01,ARI,RB,28,15,1,0,0,0,0,0,6,28,4.67,0,16,8,42,5.25,0,1,,0,,,7,15.0,15.0,11.0,,111,
398,Ramses Barden\BardRa00,NYG,WR,24,6,0,0,0,0,0,0,0,0,,0,7,5,64,12.80,0,0,,0,,,6,11.4,11.4,8.9,,150,
399,Tom Crabtree\CrabTo00,GNB,TE,25,16,1,0,0,0,0,0,0,0,,0,7,4,61,15.25,0,0,,0,,,6,10.1,10.1,8.1,,77,
400,Tony Fiammetta\FiamTo00,CAR,RB,24,14,9,0,0,0,0,0,7,22,3.14,0,10,5,34,6.80,0,0,,0,,,6,10.6,10.6,8.1,,113,
401,Lavelle Hawkins\HawkLa00,TEN,WR,24,6,0,0,0,0,0,0,0,0,,0,6,5,61,12.20,0,0,,0,,,6,11.1,11.1,8.6,,152,
402,Brian Hoyer\HoyeBr00,NWE,QB,25,5,0,7,15,122,1,1,10,-8,-0.80,0,0,0,0,,0,0,,0,,,6,6.1,7.1,7.1,,59,
403,Roberto Wallace\WallRo01,MIA,WR,24,12,0,0,0,0,0,0,0,0,,0,10,6,62,10.33,0,0,,0,,,6,12.2,12.2,9.2,,151,
404,Terrence Austin\AustTe00,WAS,WR,22,5,0,0,0,0,0,0,0,0,,0,5,3,47,15.67,0,0,,0,,,5,7.7,7.7,6.2,,154,
405,Tim Castille\CastTi20,KAN,RB,26,10,4,0,0,0,0,0,5,3,0.60,0,12,10,43,4.30,0,0,,0,,,5,14.6,14.6,9.6,,115,
406,Jim Dray\DrayJi00,ARI,TE,24,16,3,0,0,0,0,0,0,0,,0,9,3,47,15.67,0,0,,0,,,5,7.7,7.7,6.2,,78,
407,Ryan Grant\GranRy00,GNB,RB,28,1,1,0,0,0,0,0,8,45,5.63,0,0,0,0,,0,0,,0,,,5,4.5,4.5,4.5,,116,
408,David Johnson\JohnDa05,PIT,TE,23,16,5,0,0,0,0,0,0,0,,0,6,4,46,11.50,0,0,,0,,,5,8.6,8.6,6.6,,79,
409,Greg Jones\JoneGr01,JAX,RB,29,16,13,0,0,0,0,0,2,4,2.00,0,11,11,47,4.27,0,0,,0,,,5,16.1,16.1,10.6,,114,
410,Luke McCown\McCoLu00,JAX,QB,29,1,0,11,19,120,0,0,1,4,4.00,0,0,0,0,,0,0,,0,,,5,5.2,5.2,5.2,,60,
411,Preston Parker\ParkPr00,TAM,WR,23,9,0,0,0,0,0,0,1,7,7.00,0,9,4,42,10.50,0,0,,0,,,5,8.9,8.9,6.9,,153,
412,Richard Bartel\BartRi00,ARI,QB,27,1,0,16,28,150,0,1,0,0,,0,0,0,0,,0,0,,0,,,4,4.0,5.0,5.0,,61,
413,Eldra Buckley\BuckEl00,PHI,RB,25,16,0,0,0,0,0,0,21,67,3.19,0,2,1,10,10.00,0,1,2,0,,,4,4.7,6.7,4.2,,121,
414,Brody Eldridge\EldrBr00,IND,TE,23,14,8,0,0,0,0,0,0,0,,0,9,5,39,7.80,0,0,,0,,,4,8.9,8.9,6.4,,84,
415,Mardy Gilyard\GilyMa00,STL,WR,24,11,2,0,0,0,0,0,0,0,,0,16,6,63,10.50,0,1,1,0,,,4,10.3,11.3,7.3,,155,
416,Brandon James\JameBr00,IND,RB,23,3,0,0,0,0,0,0,0,0,,0,11,6,40,6.67,0,0,,0,,,4,10.0,10.0,7.0,,119,
417,Dwayne Jarrett\JarrDw00,CAR,WR,24,3,0,0,0,0,0,0,0,0,,0,5,2,40,20.00,0,0,,0,,,4,6.0,6.0,5.0,,157,
418,Gartrell Johnson\JohnGa01,ATL,RB,24,9,0,0,0,0,0,0,10,36,3.60,0,5,3,6,2.00,0,1,,0,,,4,7.2,7.2,5.7,,118,
419,Reggie Kelly\KellRe00,CIN,TE,33,16,14,0,0,0,0,0,0,0,,0,13,10,42,4.20,0,0,,0,,,4,14.2,14.2,9.2,,82,
420,Taylor Price\PricTa00,NWE,WR,23,1,0,0,0,0,0,0,0,0,,0,4,3,41,13.67,0,0,,0,,,4,7.1,7.1,5.6,,156,
421,Ryan Purvis\PurvRy00,TAM,TE,24,10,2,0,0,0,0,0,0,0,,0,6,5,38,7.60,0,0,,0,,,4,8.8,8.8,6.3,,85,
422,Tony Richardson\RichTo00,NYJ,RB,39,16,10,0,0,0,0,0,5,13,2.60,0,5,5,31,6.20,0,0,,0,,,4,9.4,9.4,6.9,,117,
423,Mickey Shuler\ShulMi01,MIA,TE,24,6,2,0,0,0,0,0,0,0,,0,5,2,44,22.00,0,0,,0,,,4,6.4,6.4,5.4,,80,
424,Stephen Spach\SpacSt00,ARI,TE,28,15,11,0,0,0,0,0,0,0,,0,17,7,40,5.71,0,0,,0,,,4,11.0,11.0,7.5,,83,
425,Jerramy Stevens\StevJe00,TAM,TE,31,5,1,0,0,0,0,0,0,0,,0,5,3,43,14.33,0,0,,0,,,4,7.3,7.3,5.8,,81,
426,Albert Young\YounAl01,MIN,RB,25,3,0,0,0,0,0,0,13,29,2.23,0,2,2,11,5.50,0,0,,0,,,4,6.0,6.0,5.0,,120,
427,Nate Byham\ByhaNa00,SFO,TE,22,14,3,0,0,0,0,0,0,0,,0,7,5,27,5.40,0,0,,0,,,3,7.7,7.7,5.2,,89,
428,Rock Cartwright\CartRo01,OAK,RB,31,16,0,0,0,0,0,0,9,22,2.44,0,3,1,10,10.00,0,0,,0,,,3,4.2,4.2,3.7,,122,
429,Chase Coffman\CoffCh00,CIN,TE,24,6,0,0,0,0,0,0,0,0,,0,5,3,30,10.00,0,0,,0,,,3,6.0,6.0,4.5,,88,
430,Mike Cox\Cox_Mi20,KAN,RB,25,7,2,0,0,0,0,0,0,0,,0,4,4,27,6.75,0,0,,0,,,3,6.7,6.7,4.7,,125,
431,Jeff Dugan\DugaJe00,MIN,TE,29,16,4,0,0,0,0,0,2,2,1.00,0,5,4,30,7.50,0,0,,0,,,3,7.2,7.2,5.2,,86,
432,Jonathan Dwyer\DwyeJo00,PIT,RB,21,1,0,0,0,0,0,0,9,28,3.11,0,0,0,0,,0,0,,0,,,3,2.8,2.8,2.8,,123,
433,Quinton Ganther\GantQu00,2TM,RB,26,11,1,0,0,0,0,0,9,18,2.00,0,3,2,9,4.50,0,0,,0,,,3,4.7,4.7,3.7,,124,
434,Quinn Johnson\JohnQu00,GNB,RB,24,11,4,0,0,0,0,0,0,0,,0,4,3,26,8.67,0,0,,0,,,3,5.6,5.6,4.1,,127,
435,Mike Karney\KarnMi00,STL,RB,29,12,5,0,0,0,0,0,6,12,2.00,0,5,5,14,2.80,0,0,,0,,,3,7.6,7.6,5.1,,126,
436,Jake O'Connell\OConJa00,KAN,TE,25,15,2,0,0,0,0,0,0,0,,0,4,3,31,10.33,0,0,,0,,,3,6.1,6.1,4.6,,87,
437,Kevin Ogletree\OgleKe00,DAL,WR,23,6,0,0,0,0,0,0,0,0,,0,6,3,34,11.33,0,0,,0,,,3,6.4,6.4,4.9,,158,
438,Patrick Turner\TurnPa00,NYJ,WR,23,5,0,0,0,0,0,0,0,0,,0,2,2,26,13.00,0,0,,0,,,3,4.6,4.6,3.6,,160,
439,Lawrence Vickers\VickLa00,CLE,RB,27,16,4,0,0,0,0,0,5,11,2.20,0,9,4,15,3.75,0,0,,0,,,3,6.6,6.6,4.6,,128,
440,Derrick Williams\WillDe05,DET,WR,24,7,1,0,0,0,0,0,0,0,,0,5,3,30,10.00,0,0,,0,,,3,6.0,6.0,4.5,,159,
441,Hank Baskett\BaskHa00,2TM,WR,28,8,0,0,0,0,0,0,0,0,,0,4,1,18,18.00,0,0,,0,,,2,2.8,2.8,2.3,,162,
442,Michael Bennett\BennMi00,OAK,RB,32,7,0,0,0,0,0,0,2,11,5.50,0,2,2,9,4.50,0,0,,0,,,2,4.0,4.0,3.0,,131,
443,Brock Bolen\BoleBr00,JAX,RB,25,4,0,0,0,0,0,0,0,0,,0,3,1,15,15.00,0,0,,0,,,2,2.5,2.5,2.0,,136,
444,Michael Clayton\ClayMi00,NYG,WR,28,6,0,0,0,0,0,0,0,0,,0,4,2,19,9.50,0,0,,0,,,2,3.9,3.9,2.9,,161,
445,Thomas Clayton\ClayTh00,2TM,RB,26,3,0,0,0,0,0,0,7,17,2.43,0,0,0,0,,0,0,,0,,,2,1.7,1.7,1.7,,135,
446,Chase Daniel\DaniCh00,NOR,QB,24,13,0,2,3,16,0,0,2,16,8.00,0,0,0,0,,0,1,,0,,,2,2.2,2.2,2.2,,63,
447,Max Hall\HallMa00,ARI,QB,25,6,3,39,78,370,1,6,1,-5,-5.00,0,0,0,0,,0,5,2,0,,,2,2.3,13.3,8.3,,62,
448,Caleb Hanie\HaniCa00,CHI,QB,25,2,0,5,7,55,0,0,1,-1,-1.00,0,0,0,0,,0,0,,0,,,2,2.1,2.1,2.1,,64,
449,Kareem Huggins\HuggKa00,TAM,RB,24,3,0,0,0,0,0,0,4,11,2.75,0,2,1,7,7.00,0,0,,0,,,2,2.8,2.8,2.3,,133,
450,Byron Leftwich\LeftBy00,PIT,QB,30,1,0,5,7,42,0,0,0,0,,0,0,0,0,,0,0,,0,,,2,1.7,1.7,1.7,,67,
451,Reagan Maui'a\MauiRe00,ARI,RB,26,15,4,0,0,0,0,0,0,0,,0,6,2,20,10.00,0,0,,0,,,2,4.0,4.0,3.0,,130,
452,Garrett Mills\MillGa01,PHI,RB,27,7,3,0,0,0,0,0,0,0,,0,3,2,19,9.50,0,0,,0,,,2,3.9,3.9,2.9,,132,
453,Moran Norris\NorrMo00,SFO,RB,32,16,11,0,0,0,0,0,3,0,0.00,0,9,4,20,5.00,0,0,,0,,,2,6.0,6.0,4.0,,129,
454,Jerious Norwood\NorwJe00,ATL,RB,27,2,0,0,0,0,0,0,2,8,4.00,0,3,1,9,9.00,0,0,,0,,,2,2.7,2.7,2.2,,134,
455,Fendi Onobun\OnobFe00,STL,TE,24,3,0,0,0,0,0,0,0,0,,0,4,2,15,7.50,0,0,,0,,,2,3.5,3.5,2.5,,91,
456,Tyler Palko\PalkTy00,KAN,QB,27,2,0,4,6,35,0,0,2,5,2.50,0,0,0,0,,0,0,,0,,,2,1.9,1.9,1.9,,65,
457,Tony Pike\PikeTo00,CAR,QB,24,1,0,6,12,47,0,0,0,0,,0,0,0,0,,0,0,,0,,,2,1.9,1.9,1.9,,66,
458,Zach Potter\PottZa99,JAX,TE,24,13,1,0,0,0,0,0,0,0,,0,7,3,24,8.00,0,0,,0,,,2,5.4,5.4,3.9,,90,
459,Matt Willis\WillMa00,DEN,WR,26,6,0,0,0,0,0,0,0,0,,0,2,1,17,17.00,0,0,,0,,,2,2.7,2.7,2.2,,163,
460,Sam Aiken\AikeSa00,CLE,WR,30,3,0,0,0,0,0,0,0,0,,0,1,1,7,7.00,0,0,,0,,,1,1.7,1.7,1.2,,169,
461,Kyle Boller\BollKy00,OAK,QB,29,5,0,2,4,25,0,1,7,18,2.57,0,0,0,0,,0,1,,0,,,1,0.8,1.8,1.8,,68,
462,Lorenzo Booker\BookLo00,MIN,RB,26,4,0,0,0,0,0,0,0,0,,0,6,5,32,6.40,0,1,1,0,,,1,6.2,7.2,3.7,,139,
463,Curtis Brinkley\BrinCu00,SDG,RB,25,3,0,0,0,0,0,0,2,11,5.50,0,0,0,0,,0,0,,0,,,1,1.1,1.1,1.1,,140,
464,David Carr\CarrDa00,SFO,QB,31,1,0,5,13,67,0,1,0,0,,0,0,0,0,,0,0,,0,,,1,0.7,1.7,1.7,,72,
465,Scott Chandler\ChanSc00,2TM,TE,25,13,1,0,0,0,0,0,0,0,,0,3,1,8,8.00,0,0,,0,,,1,1.8,1.8,1.3,,95,
466,Desmond Clark\ClarDe00,CHI,TE,33,5,0,0,0,0,0,0,0,0,,0,2,1,12,12.00,0,0,,0,,,1,2.2,2.2,1.7,,92,
467,Kevin Curtis\CurtKe00,MIA,WR,32,2,0,0,0,0,0,0,1,6,6.00,0,2,1,6,6.00,0,0,,0,,,1,2.2,2.2,1.7,,165,
468,Armanti Edwards\EdwaAr00,CAR,WR,22,3,0,1,1,0,0,0,1,7,7.00,0,2,0,0,,0,1,,0,,,1,0.7,0.7,0.7,,170,
469,Yamon Figurs\FiguYa00,2TM,WR,27,2,0,0,0,0,0,0,1,-4,-4.00,0,2,2,17,8.50,0,1,,0,,,1,3.3,3.3,2.3,,164,
470,Richard Goodman\GoodRi00,SDG,WR,23,3,0,0,0,0,0,0,0,0,,0,2,1,25,25.00,0,1,1,0,,,1,1.5,2.5,1.0,,172,
471,Korey Hall\HallKo99,GNB,RB,27,12,6,0,0,0,0,0,0,0,,0,1,1,9,9.00,0,0,,0,,,1,1.9,1.9,1.4,,142,
472,Ben Hartsock\HartBe00,NYJ,TE,30,16,7,0,0,0,0,0,0,0,,0,3,1,7,7.00,0,0,,0,,,1,1.7,1.7,1.2,,96,
473,Madison Hedgecock\HedgMa00,NYG,RB,29,4,3,0,0,0,0,0,0,0,,0,2,2,8,4.00,0,0,,0,,,1,2.8,2.8,1.8,,144,
474,Paul Hubbard\HubbPa00,BUF,WR,25,1,1,0,0,0,0,0,0,0,,0,3,1,8,8.00,0,0,,0,,,1,1.8,1.8,1.3,,168,
475,Tory Humphrey\HumpTo00,NOR,TE,27,6,2,0,0,0,0,0,0,0,,0,2,1,12,12.00,0,0,,0,,,1,2.2,2.2,1.7,,93,
476,Manuel Johnson\JohnMa04,DAL,WR,24,2,0,0,0,0,0,0,0,0,,0,5,1,6,6.00,0,0,,0,,,1,1.6,1.6,1.1,,171,
477,Erik Lorig\LoriEr99,TAM,RB,24,9,1,0,0,0,0,0,0,0,,0,2,1,10,10.00,0,0,,0,,,1,2.0,2.0,1.5,,141,
478,Kregg Lumpkin\LumpKr00,TAM,RB,26,11,0,0,0,0,0,0,1,0,0.00,0,1,1,12,12.00,0,0,,0,,,1,2.2,2.2,1.7,,137,
479,Carlton Mitchell\MitcCa00,CLE,WR,22,5,0,0,0,0,0,0,1,9,9.00,0,1,0,0,,0,0,,0,,,1,0.9,0.9,0.9,,166,
480,Shawn Nelson\NelsSh00,BUF,TE,25,5,1,0,0,0,0,0,0,0,,0,4,3,25,8.33,0,1,1,0,,,1,3.5,4.5,2.0,,98,
481,Jordan Palmer\PalmJo20,CIN,QB,26,1,0,3,3,18,0,0,0,0,,0,0,0,0,,0,0,,0,,,1,0.7,0.7,0.7,,70,
482,Cedric Peerman\PeerCe00,CIN,RB,24,7,0,0,0,0,0,0,2,1,0.50,0,3,1,11,11.00,0,0,,0,,,1,2.2,2.2,1.7,,138,
483,Chad Pennington\PennCh01,MIA,QB,34,1,1,1,2,19,0,0,0,0,,0,0,0,0,,0,0,,0,,,1,0.8,0.8,0.8,,69,
484,Chris Pressley\PresCh00,2TM,RB,24,7,0,0,0,0,0,0,1,0,0.00,0,1,1,6,6.00,0,0,,0,,,1,1.6,1.6,1.1,,145,
485,Richard Quinn\QuinRi00,DEN,TE,24,14,4,0,0,0,0,0,0,0,,0,2,1,9,9.00,0,0,,0,,,1,1.9,1.9,1.4,,94,
486,Chris Redman\RedmCh00,ATL,QB,33,2,0,4,6,20,0,0,1,-1,-1.00,0,0,0,0,,0,0,,0,,,1,0.7,0.7,0.7,,71,
487,Alex Smith\SmitAl02,CLE,TE,28,3,1,0,0,0,0,0,0,0,,0,1,1,6,6.00,0,0,,0,,,1,1.6,1.6,1.1,,97,
488,Kyle Williams\WillKy01,SFO,WR,22,5,0,0,0,0,0,0,0,0,,0,1,1,8,8.00,0,0,,0,,,1,1.8,1.8,1.3,,167,
489,Garrett Wolfe\WolfGa00,CHI,RB,26,16,0,0,0,0,0,0,4,8,2.00,0,0,0,0,,0,0,,0,,,1,0.8,0.8,0.8,,143,
490,Andre' Anderson\AndeAn23,BUF,,22,2,0,0,0,0,0,0,0,0,,0,,0,0,,0,0,,0,,,,,,,,162,
491,Deon Anderson\AndeDe01,DAL,,27,1,0,0,0,0,0,0,0,0,,0,,0,0,,0,0,,0,,,,,,,,3,
492,Jake Ballard\BallJa21,NYG,,23,1,0,0,0,0,0,0,0,0,,0,,0,0,,0,0,,0,,,,,,,,102,
493,Gary Banks\BankGa00,SDG,WR,29,2,2,0,0,0,0,0,0,0,,0,3,1,2,2.00,0,0,,0,,,,1.2,1.2,0.7,,176,
494,Gary Barnidge\BarnGa01,CAR,,25,16,3,0,0,0,0,0,0,0,,0,9,0,0,,0,0,,0,,,,,,,,117,
495,Arnaz Battle\BattAr00,PIT,,30,15,0,0,0,0,0,0,0,0,,0,2,0,0,,0,0,,0,,,,,,,,185,
496,Joique Bell\BellJo01,2TM,,24,8,0,0,0,0,0,0,0,0,,0,0,0,0,,0,0,,0,,,,,,,,149,
497,Chris Brooks\BrooCh21,IND,,23,1,0,0,0,0,0,0,0,0,,0,,0,0,,0,0,,0,,,,,,,,182,
498,Andre Brown\BrowAn03,2TM,RB,24,4,0,0,0,0,0,0,2,-1,-0.50,0,0,0,0,,0,0,,0,,,,-0.1,-0.1,-0.1,,163,
499,Duke Calhoun\CalhDu00,NYG,WR,23,9,0,0,0,0,0,0,0,0,,0,2,1,4,4.00,0,0,,0,,,,1.4,1.4,0.9,,173,
500,Jehuu Caulcrick\CaulJe00,BUF,RB,27,2,0,0,0,0,0,0,1,2,2.00,0,0,0,0,,0,0,,0,,,,0.2,0.2,0.2,,147,
501,Brian Clark\ClarBr00,DET,,27,4,0,0,0,0,0,0,0,0,,0,1,0,0,,0,0,,0,,,,,,,,183,
502,Colin Cloherty\ClohCo00,SFO,,23,2,0,0,0,0,0,0,0,0,,0,0,0,0,,0,0,,0,,,,,,,,108,
503,Daniel Coats\CoatDa00,2TM,,26,10,0,0,0,0,0,0,0,0,,0,2,0,0,,0,0,,0,,,,,,,,106,
504,Brodie Croyle\CroyBr00,KAN,QB,27,2,1,8,19,38,0,1,0,0,,0,0,0,0,,0,0,,0,,,,-0.5,0.5,0.5,,77,
505,Victor Cruz\CruzVi00,NYG,,24,3,0,,,,,,,,,,,,,,,,,0,,,,,,,,196,
506,Jeff Cumberland\CumbJe00,NYJ,TE,23,1,0,0,0,0,0,0,0,0,,0,2,1,3,3.00,0,0,,0,,,,1.3,1.3,0.8,,99,
507,Dominique Curry\CurrDo00,STL,,23,2,0,0,0,0,0,0,0,0,,0,0,0,0,,0,0,,0,,,,,,,,180,
508,Britt Davis\DaviBr00,DEN,,24,3,0,0,0,0,0,0,0,0,,0,0,0,0,,0,0,,0,,,,,,,,191,
509,Garrett Graham\GrahGa00,HOU,,24,6,0,0,0,0,0,0,0,0,,0,,0,0,,0,0,,0,,,,,,,,110,
510,Clark Harris\HarrCl20,CIN,,26,16,0,0,0,0,0,0,0,0,,0,,0,0,,0,0,,0,,,,,,,,112,
511,Chris Henry\HenrCh01,SEA,,25,1,0,0,0,0,0,0,0,0,,0,0,0,0,,0,0,,0,,,,,,,,156,
512,Lex Hilliard\HillLe00,MIA,RB,26,16,0,0,0,0,0,0,0,0,,0,2,1,3,3.00,0,0,,0,,,,1.3,1.3,0.8,,146,
513,Jesse Holley\HollJe00,DAL,,26,12,0,0,0,0,0,0,0,0,,0,0,0,0,,0,0,,0,,,,,,,,179,
514,Jeremy Horne\HornJe00,KAN,,24,3,0,0,0,0,0,0,0,0,,0,1,0,0,,0,0,,0,,,,,,,,190,
515,Rashawn Jackson\JackRa23,CAR,,23,2,1,0,0,0,0,0,0,0,,0,0,0,0,,0,0,,0,,,,,,,,153,
516,Brian Jennings\JennBr00,SFO,,34,16,0,0,0,0,0,0,0,0,,0,,0,0,,0,0,,0,,,,,,,,107,
517,Darcy Johnson\JohnDa03,STL,,27,4,2,0,0,0,0,0,0,0,,0,2,0,0,,0,0,,0,,,,,,,,111,
518,Jerome Johnson\JohnJe23,ARI,,25,1,0,0,0,0,0,0,0,0,,0,1,0,0,,0,0,,0,,,,,,,,159,
519,Larry Johnson\JohnLa00,WAS,RB,31,2,0,0,0,0,0,0,5,2,0.40,0,0,0,0,,0,0,,0,,,,0.2,0.2,0.2,,148,
520,Onrea Jones\JoneOn20,ARI,,27,2,0,0,0,0,0,0,0,0,,0,,0,0,,0,0,,0,,,,,,,,181,
521,Billy Latsko\LatsBi00,SDG,,26,1,0,0,0,0,0,0,0,0,,0,0,0,0,,0,0,,0,,,,,,,,154,
522,Mike Leach\LeacMi00,ARI,,34,16,0,0,0,0,0,0,0,0,,0,0,0,0,,0,0,,0,,,,,,,,116,
523,Charly Martin\MartCh00,CAR,,26,1,0,0,0,0,0,0,0,0,,0,,0,0,,0,0,,0,,,,,,,,189,
524,Jeron Mastrud\MastJe20,MIA,,23,8,2,0,0,0,0,0,0,0,,0,1,0,0,,0,0,,0,,,,,,,,101,
525,John Matthews\MattJo22,JAX,,24,3,0,0,0,0,0,0,0,0,,0,1,0,0,,0,0,,0,,,,,,,,178,
526,Anthony McCoy\McCoAn00,SEA,,23,2,0,0,0,0,0,0,0,0,,0,0,0,0,,0,0,,0,,,,,,,,105,
527,Lonyae Miller\MillLo00,DAL,,22,4,0,0,0,0,0,0,0,0,,0,,0,0,,0,0,,0,,,,,,,,151,
528,Matthew Mulligan\MullMa00,NYJ,,25,13,1,0,0,0,0,0,0,0,,0,1,0,0,,0,0,,0,,,,,,,,109,
529,John Nalbone\NalbJo00,MIA,,24,2,0,0,0,0,0,0,0,0,,0,,0,0,,0,0,,0,,,,,,,,114,
530,Dan Orlovsky\OrloDa00,HOU,,27,1,0,0,0,0,0,0,0,0,,0,,0,0,,0,0,,0,,,,,,,,74,
531,Montell Owens*\OwenMo01,JAX,,26,16,0,0,0,0,0,0,0,0,,0,0,0,0,,0,0,,0,,,,,,,,152,
532,Jalen Parmele\ParmJa00,BAL,,25,16,0,0,0,0,0,0,0,0,,0,0,0,0,,0,1,,0,,,,,,,,161,
533,Dennis Pitta\PittDe00,BAL,TE,25,11,0,0,0,0,0,0,0,0,,0,5,1,1,1.00,0,0,,0,,,,1.1,1.1,0.6,,100,
534,Sage Rosenfels\RoseSa00,NYG,QB,32,12,0,0,0,0,0,0,3,-3,-1.00,0,0,0,0,,0,0,,0,,,,-0.3,-0.3,-0.3,,76,
535,Martin Rucker\RuckMa00,DAL,,25,5,1,0,0,0,0,0,0,0,,0,0,0,0,,0,0,,0,,,,,,,,103,
536,Derek Schouman\SchoDe00,STL,,25,4,0,0,0,0,0,0,0,0,,0,,0,0,,0,0,,0,,,,,,,,113,
537,Chad Simpson\SimpCh00,WAS,,25,3,0,0,0,0,0,0,0,0,,0,0,0,0,,0,0,,0,,,,,,,,150,
538,Matthew Slater\SlatMa00,NWE,,25,15,0,0,0,0,0,0,0,0,,0,1,0,0,,0,0,,0,,,,,,,,177,
539,Alfonso Smith\SmitAl22,ARI,,23,1,0,0,0,0,0,0,0,0,,0,,0,0,,0,0,,0,,,,,,,,155,
540,Antone Smith\SmitAn01,ATL,RB,25,9,0,0,0,0,0,0,1,-3,-3.00,0,1,0,0,,0,0,,0,,,,-0.3,-0.3,-0.3,,164,
541,Marcus Smith\SmitMa01,BAL,,25,14,0,0,0,0,0,0,0,0,,0,0,0,0,,0,0,,0,,,,,,,,186,
542,Rusty Smith\SmitRu01,TEN,QB,23,2,1,20,40,200,0,4,0,0,,0,0,0,0,,0,0,,0,,,,,4.0,4.0,,73,
543,Taj Smith\SmitTa00,IND,,27,5,0,0,0,0,0,0,0,0,,0,0,0,0,,0,0,,0,,,,,,,,184,
544,Justin Snow\SnowJu00,IND,,34,16,0,0,0,0,0,0,0,0,,0,0,0,0,,0,0,,0,,,,,,,,104,
545,Devin Thomas\ThomDe02,3TM,,24,9,0,0,0,0,0,0,0,0,,0,1,0,0,,0,0,,0,,,,,,,,187,
546,Derrick Townsel\TownDe21,HOU,,22,1,0,0,0,0,0,0,0,0,,0,,0,0,,0,0,,0,,,,,,,,188,
547,Billy Volek\VoleBi00,SDG,QB,34,3,0,1,1,8,0,0,6,-5,-0.83,0,0,0,0,,0,0,,0,,,,-0.2,-0.2,-0.2,,75,
548,Chauncey Washington\WashCh00,STL,,25,1,0,0,0,0,0,0,0,0,,0,,0,0,,0,0,,0,,,,,,,,158,
549,Leonard Weaver\WeavLe00,PHI,RB,28,1,0,0,0,0,0,0,1,0,0.00,0,0,0,0,,0,0,,0,,,,,,,,157,
550,Ernest Wilford\WilfEr00,JAX,WR,31,2,0,0,0,0,0,0,0,0,,0,2,1,3,3.00,0,0,,0,,,,1.3,1.3,0.8,,175,
551,Chris Williams\WillCh03,CHI,WR,25,13,13,0,0,0,0,0,0,0,,0,1,1,4,4.00,0,0,,0,,,,1.4,1.4,0.9,,174,
552,Demetrius Williams\WillDe03,CLE,,27,2,0,0,0,0,0,0,0,0,,0,2,0,0,,0,0,,0,,,,,,,,192,
553,George Wilson\WilsGe01,BUF,,29,16,2,0,0,0,0,0,0,0,,0,0,0,0,,0,0,,0,,,,,,,,193,
554,DeShawn Wynn\WynnDe00,2TM,,27,7,0,0,0,0,0,0,0,0,,0,0,0,0,,0,0,,0,,,,,,,,160,
555,Joe Zelenka\ZeleJo00,ATL,,34,16,0,0,0,0,0,0,0,0,,0,,0,0,,0,0,,0,,,,,,,,115,
556,Levi Brown\BrowLe00,BUF,QB,23,1,0,2,3,24,0,1,0,0,,0,0,0,0,,0,0,,0,,,-1,-1.0,,,,78,
557,Devin Moore\MoorDe01,IND,RB,25,4,0,0,0,0,0,0,2,-2,-1.00,0,0,0,0,,0,2,1,0,,,-2,-2.2,-1.2,-2.2,,165,
558,Kenny Moore\MoorKe00,IND,,25,2,0,0,0,0,0,0,0,0,,0,0,0,0,,0,2,1,0,,,-2,-2.0,-1.0,-2.0,,194,
559,Courtney Roby\RobyCo00,NOR,,27,13,0,0,0,0,0,0,0,0,,0,0,0,0,,0,1,1,0,,,-2,-2.0,-1.0,-2.0,,195,
560,Brian Brohm\BrohBr00,BUF,QB,25,1,1,10,23,106,0,3,0,0,,0,0,0,0,,0,1,1,0,,,-4,-3.8,0.2,-0.8,,79,
561,Todd Collins\CollTo00,CHI,QB,39,2,1,10,27,68,0,5,0,0,,0,0,0,0,,0,0,,0,,,-7,-7.3,-2.3,-2.3,,80,