,,,,,Games,Games,Passing,Passing,Passing,Passing,Passing,Rushing,Rushing,Rushing,Rushing,Receiving,Receiving,Receiving,Receiving,Receiving,Fumbles,Fumbles,Scoring,Scoring,Scoring,Fantasy,Fantasy,Fantasy,Fantasy,Fantasy,Fantasy,Fantasy
Rk,Player,Tm,FantPos,Age,G,GS,Cmp,Att,Yds,TD,Int,Att,Yds,Y/A,TD,Tgt,Rec,Yds,Y/R,TD,Fmb,FL,TD,2PM,2PP,FantPt,PPR,DKPt,FDPt,VBD,PosRank,OvRank
1,Adrian Peterson*+\PeteAd01,MIN,RB,27,16,16,0,0,0,0,0,348,2097,6.03,12,51,40,217,5.43,1,4,2,13,1,,307,347.4,355.4,327.4,191,1,1
2,Doug Martin *\MartDo00,TAM,RB,23,16,16,0,0,0,0,0,319,1454,4.56,11,70,49,472,9.63,1,1,1,12,,,263,311.6,318.6,287.1,146,2,2
3,Arian Foster *\FostAr00,HOU,RB,26,16,16,0,0,0,0,0,351,1424,4.06,15,58,40,217,5.43,2,3,2,17,,,262,302.1,310.1,282.1,145,3,3
4,Marshawn Lynch *+\LyncMa00,SEA,RB,26,16,15,0,0,0,0,0,315,1590,5.05,11,30,23,196,8.52,1,5,2,12,,,247,269.6,277.6,258.1,130,4,4
5,Alfred Morris\MorrAl00,WAS,RB,24,16,16,0,0,0,0,0,335,1613,4.81,13,16,11,77,7.00,0,4,3,13,,,241,252.0,258.0,246.5,124,5,5
6,Ray Rice*\RiceRa00,BAL,RB,25,16,16,0,0,0,0,0,257,1143,4.45,9,83,61,478,7.84,1,1,0,10,,,222,283.1,289.1,252.6,105,6,6
7,Calvin Johnson *+\JohnCa00,DET,WR,27,16,16,0,0,0,0,0,0,0,,0,204,122,1964,16.10,5,3,3,5,,,220,342.4,348.4,281.4,102,1,7
8,Brandon Marshall*+\MarsBr00,CHI,WR,28,16,16,0,0,0,0,0,1,-2,-2.00,0,192,118,1508,12.78,11,2,0,11,,,217,334.6,337.6,275.6,98,2,8
9,C.J. Spiller*\SpilC.00,BUF,RB,25,16,9,0,0,0,0,0,207,1244,6.01,6,57,43,459,10.67,2,3,3,8,,,212,255.3,264.3,233.8,96,7,9
10,Drew Brees*\BreeDr00,NOR,QB,33,16,16,422,670,5177,43,19,15,5,0.33,1,0,0,0,,0,5,1,1,,,346,345.6,368.6,364.6,95,1,10
11,Aaron Rodgers *\RodgAa00,GNB,QB,29,16,16,371,552,4295,39,8,54,259,4.80,2,1,1,-1,-1.00,0,5,4,2,,1,344,344.6,362.6,352.1,93,2,11
12,Tom Brady *\BradTo00,NWE,QB,35,16,16,401,637,4827,34,8,23,32,1.39,4,0,0,0,,0,2,0,4,,,340,340.3,351.3,348.3,90,3,12
13,Dez Bryant\BryaDe01,DAL,WR,24,16,14,0,0,0,0,0,2,-5,-2.50,0,138,92,1382,15.02,12,5,2,12,1,,208,299.7,304.7,253.7,89,3,13
14,Jamaal Charles*\CharJa00,KAN,RB,26,16,15,0,0,0,0,0,285,1509,5.29,5,49,35,236,6.74,1,5,3,6,,,205,239.5,248.5,222.0,88,8,14
15,Trent Richardson\RichTr00,CLE,RB,22,15,15,0,0,0,0,0,267,950,3.56,11,70,51,367,7.20,1,3,0,12,,,204,254.7,260.7,229.2,87,9,15
16,Frank Gore*\GoreFr00,SFO,RB,29,16,16,0,0,0,0,0,258,1214,4.71,8,36,28,234,8.36,1,3,1,10,,,203,230.8,237.8,216.8,86,10,16
17,A.J. Green*\GreeA.00,CIN,WR,24,16,16,0,0,0,0,0,4,38,9.50,0,164,97,1350,13.92,11,2,1,11,,,203,299.8,303.8,251.3,84,4,17
18,Stevan Ridley\RidlSt00,NWE,RB,23,16,12,0,0,0,0,0,290,1263,4.36,12,14,6,51,8.50,0,4,2,12,,,199,205.4,210.4,202.4,83,11,18
19,Demaryius Thomas*\ThomDe03,DEN,WR,25,16,16,0,0,0,0,0,0,0,,0,143,94,1434,15.26,10,3,3,10,,,197,291.4,297.4,244.4,79,5,19
20,Cam Newton\NewtCa00,CAR,QB,23,16,16,280,485,3869,19,12,127,741,5.83,8,1,0,6,,0,10,3,8,,,323,323.5,344.5,335.5,73,4,20
21,Vincent Jackson*\JackVi00,TAM,WR,29,16,16,0,0,0,0,0,0,0,,0,147,72,1384,19.22,8,0,0,8,1,,188,260.4,263.4,224.4,70,6,21
22,Robert Griffin III*\GrifRo01,WAS,QB,22,15,15,258,393,3200,20,5,120,815,6.79,7,1,0,0,,0,12,2,7,,,318,317.5,330.5,322.5,67,5,22
23,Eric Decker\DeckEr00,DEN,WR,25,16,15,0,0,0,0,0,0,0,,0,122,85,1064,12.52,13,0,0,13,,,184,269.4,272.4,226.9,66,7,23
24,Andre Johnson *\JohnAn02,HOU,WR,31,16,16,0,0,0,0,0,0,0,,0,162,112,1598,14.27,4,0,0,4,,,184,295.8,298.8,239.8,65,8,24
25,Julio Jones *\JoneJu02,ATL,WR,23,16,15,0,0,0,0,0,6,30,5.00,0,128,79,1198,15.16,10,0,0,10,,,183,261.8,264.8,222.3,64,9,25
26,Matt Forte\FortMa00,CHI,RB,27,15,15,0,0,0,0,0,248,1094,4.41,5,59,44,340,7.73,1,2,1,6,,,177,221.4,228.4,199.4,61,12,26
27,Peyton Manning *+\MannPe00,DEN,QB,36,16,16,400,583,4659,37,11,23,6,0.26,0,0,0,0,,0,2,2,0,,1,311,311.0,327.0,322.0,60,6,27
28,Chris Johnson\JohnCh04,TEN,RB,27,16,15,0,0,0,0,0,276,1243,4.50,6,49,36,232,6.44,0,5,4,6,,,176,211.5,221.5,193.5,59,13,28
29,Roddy White\WhitRo00,ATL,WR,31,16,15,0,0,0,0,0,0,0,,0,142,92,1351,14.68,7,1,0,7,,,177,269.1,272.1,223.1,59,10,29
30,Jimmy Graham\GrahJi00,NOR,TE,26,15,9,0,0,0,0,0,0,0,,0,135,85,982,11.55,9,1,0,9,,,152,237.2,240.2,194.7,56,1,30
31,Reggie Bush\BushRe00,MIA,RB,27,16,16,0,0,0,0,0,227,986,4.34,6,52,35,292,8.34,2,4,2,8,,,172,206.8,214.8,189.3,55,14,31
32,Matt Ryan*\RyanMa00,ATL,QB,27,16,16,422,615,4719,32,14,34,141,4.15,1,0,0,0,,0,3,2,1,,,305,304.9,326.9,318.9,54,7,32
33,Wes Welker*\WelkWe00,NWE,WR,31,16,12,0,0,0,0,0,2,20,10.00,0,174,118,1354,11.47,6,3,1,6,,,171,289.4,293.4,230.4,53,11,33
34,Marques Colston\ColsMa00,NOR,WR,29,16,13,0,0,0,0,0,0,0,,0,130,83,1154,13.90,10,4,2,10,,,171,254.4,259.4,212.9,53,12,34
35,Shonn Greene\GreeSh00,NYJ,RB,27,16,14,0,0,0,0,0,276,1063,3.85,8,30,19,151,7.95,0,4,1,8,,,167,186.4,193.4,176.9,51,15,35
36,Victor Cruz*\CruzVi00,NYG,WR,26,16,16,0,0,0,0,0,0,0,,0,143,86,1092,12.70,10,0,0,10,,,169,255.2,258.2,212.2,51,13,36
37,Rob Gronkowski*\GronRo00,NWE,TE,23,11,11,0,0,0,0,0,0,0,,0,79,55,790,14.36,11,1,1,11,,,143,198.0,202.0,170.5,47,2,37
38,Michael Crabtree\CrabMi00,SFO,WR,25,16,16,0,0,0,0,0,1,8,8.00,0,127,85,1105,13.00,9,0,0,9,,,165,250.3,253.3,207.8,47,14,38
39,Steven Jackson\JackSt00,STL,RB,29,16,16,0,0,0,0,0,258,1045,4.05,4,53,38,321,8.45,0,0,0,4,1,,163,200.6,206.6,181.6,46,16,39
40,Tony Gonzalez*+\GonzTo00,ATL,TE,36,16,16,0,0,0,0,0,0,0,,0,124,93,930,10.00,8,0,0,8,,,141,234.0,237.0,187.5,45,3,40
41,Reggie Wayne*\WaynRe00,IND,WR,34,16,15,0,0,0,0,0,1,-5,-5.00,0,195,106,1355,12.78,5,1,1,5,,,163,269.0,273.0,216.0,45,15,41
42,James Jones\JoneJa04,GNB,WR,28,16,16,0,0,0,0,0,0,0,,0,98,64,784,12.25,14,0,0,14,,,162,226.4,229.4,194.4,44,16,42
43,Randall Cobb\CobbRa00,GNB,WR,22,15,8,0,0,0,0,0,10,132,13.20,0,104,80,954,11.93,8,4,1,9,,,161,240.6,247.6,200.6,42,17,43
44,Michael Turner\TurnMi00,ATL,RB,30,16,16,0,0,0,0,0,222,800,3.60,10,30,19,128,6.74,1,3,1,11,,,157,175.8,182.8,166.3,40,17,44
45,Ahmad Bradshaw\BradAh00,NYG,RB,26,14,12,0,0,0,0,0,221,1015,4.59,6,31,23,245,10.65,0,3,3,6,,,156,179.0,188.0,167.5,39,18,45
46,Mike Williams\WillMi04,TAM,WR,25,16,16,1,1,28,0,0,0,0,,0,126,63,996,15.81,9,0,0,9,,,155,217.7,220.7,186.2,36,18,46
47,Heath Miller*\MillHe00,PIT,TE,30,15,15,0,0,0,0,0,0,0,,0,101,71,816,11.49,8,0,0,8,1,,132,202.6,205.6,167.1,36,4,47
48,BenJarvus Green-Ellis\GreeBe00,CIN,RB,27,15,15,0,0,0,0,0,278,1094,3.94,6,30,22,104,4.73,0,3,2,6,,,152,173.8,181.8,162.8,35,19,48
49,Mikel Leshoure\LeshMi00,DET,RB,22,14,14,0,0,0,0,0,215,798,3.71,9,49,34,214,6.29,0,3,3,9,,,149,183.2,192.2,166.2,33,20,49
50,LeSean McCoy\McCoLe01,PHI,RB,24,12,12,0,0,0,0,0,200,840,4.20,2,67,54,373,6.91,3,4,3,5,,,145,199.3,208.3,172.3,29,21,50
51,Tony Romo\RomoTo00,DAL,QB,32,16,16,425,648,4903,28,19,30,49,1.63,1,1,1,-1,-1.00,0,6,3,1,1,1,279,279.9,304.9,298.4,28,8,51
52,Russell Wilson *\WilsRu00,SEA,QB,24,16,16,252,393,3118,26,10,94,489,5.20,4,0,0,0,,0,6,3,4,,1,278,277.6,296.6,287.6,27,9,52
53,Jason Witten*\WittJa00,DAL,TE,30,16,16,0,0,0,0,0,0,0,,0,147,110,1039,9.45,3,0,0,3,,,122,231.9,234.9,176.9,26,5,53
54,Andrew Luck *\LuckAn00,IND,QB,23,16,16,339,627,4374,23,18,62,255,4.11,5,0,0,0,,0,10,5,5,,,276,276.5,305.5,294.5,26,10,54
55,Matthew Stafford\StafMa00,DET,QB,24,16,16,435,727,4967,20,17,35,126,3.60,4,1,1,3,3.00,0,6,4,4,,1,276,276.6,303.6,293.1,25,11,55
56,Darren Sproles\SproDa00,NOR,RB,29,13,6,0,0,0,0,0,48,244,5.08,1,104,75,667,8.89,7,0,0,8,1,,141,216.1,222.1,178.6,24,22,56
57,Steve Smith\SmitSt01,CAR,WR,33,16,16,0,0,0,0,0,3,27,9.00,0,137,73,1174,16.08,4,1,1,4,,,142,215.1,219.1,178.6,24,19,57
58,Lance Moore\MoorLa00,NOR,WR,29,15,7,0,0,0,0,0,0,0,,0,104,65,1041,16.02,6,0,0,6,,,140,205.1,208.1,172.6,22,20,58
59,Steve Johnson\JohnSt00,BUF,WR,26,16,16,0,0,0,0,0,0,0,,0,148,79,1046,13.24,6,1,1,6,,,139,217.6,221.6,178.1,20,21,59
60,Cecil Shorts\ShorCe00,JAX,WR,25,14,9,0,0,0,0,0,1,-4,-4.00,0,105,55,979,17.80,7,1,1,7,,,138,192.5,196.5,165.0,19,22,60
61,Greg Olsen\OlseGr00,CAR,TE,27,16,16,0,0,0,0,0,0,0,,0,104,69,843,12.22,5,0,0,5,,,114,183.3,186.3,148.8,19,6,61
62,T.Y. Hilton\HiltT.00,IND,WR,23,15,1,0,1,0,0,0,5,29,5.80,0,90,50,861,17.22,7,1,0,8,,,137,187.0,190.0,162.0,19,23,62
63,Torrey Smith\SmitTo02,BAL,WR,23,16,16,0,0,0,0,0,3,9,3.00,0,110,49,855,17.45,8,0,0,8,,,134,183.4,186.4,158.9,16,24,63
64,DeAngelo Williams\WillDe02,CAR,RB,29,16,10,0,0,0,0,0,173,737,4.26,5,20,13,187,14.38,2,2,2,7,,,130,143.4,151.4,136.9,14,23,64
65,Dennis Pitta\PittDe00,BAL,TE,27,16,5,0,0,0,0,0,0,0,,0,94,61,669,10.97,7,0,0,7,,,109,169.9,172.9,139.4,13,7,65
66,Mike Wallace\WallMi00,PIT,WR,26,15,14,0,0,0,0,0,5,7,1.40,0,119,64,836,13.06,8,2,1,8,,,130,194.3,198.3,162.3,12,25,66
67,Owen Daniels*\DaniOw00,HOU,TE,30,15,14,0,0,0,0,0,0,0,,0,104,62,716,11.55,6,0,0,6,,,108,169.6,172.6,138.6,12,8,67
68,Miles Austin\AustMi00,DAL,WR,28,16,15,0,0,0,0,0,0,0,,0,119,66,943,14.29,6,1,1,6,,,128,194.3,198.3,161.3,10,26,68
69,Kyle Rudolph *\RudoKy00,MIN,TE,23,16,16,0,0,0,0,0,0,0,,0,93,53,493,9.30,9,0,0,9,1,,105,158.3,161.3,131.8,10,9,69
70,Brandon Myers\MyerBr00,OAK,TE,27,16,16,0,0,0,0,0,0,0,,0,105,79,806,10.20,4,0,0,4,,,105,183.6,186.6,144.1,9,10,70
71,Jeremy Maclin\MaclJe00,PHI,WR,24,15,15,0,0,0,0,0,0,0,,0,122,69,857,12.42,7,1,1,7,,,126,194.7,198.7,160.2,7,27,71
72,Jermaine Gresham*\GresJe00,CIN,TE,24,16,15,0,0,0,0,0,0,0,,0,94,64,737,11.52,5,2,1,5,,,102,165.7,169.7,133.7,6,11,72
73,Brandon Lloyd\LloyBr00,NWE,WR,31,16,15,0,0,0,0,0,0,0,,0,131,74,911,12.31,4,0,0,5,,,121,195.1,198.1,158.1,3,28,73
74,Justin Blackmon\BlacJu00,JAX,WR,22,16,14,0,0,0,0,0,2,23,11.50,0,132,64,865,13.52,5,1,0,5,1,,121,184.8,187.8,152.8,2,29,74
75,Andy Dalton\DaltAn00,CIN,QB,25,16,16,329,528,3669,27,16,47,120,2.55,4,0,0,0,,0,4,4,4,,,251,250.8,276.8,266.8,,12,75
76,Tyler Clutts\ClutTy00,HOU,,28,16,0,0,0,0,0,0,0,0,,0,0,0,0,,0,0,0,0,,,,,,,,7,76
77,Jordy Nelson\NelsJo00,GNB,WR,27,12,10,0,0,0,0,0,0,0,,0,73,49,745,15.20,7,0,0,7,1,,119,167.5,170.5,143.0,,30,77
78,Danny Woodhead\WoodDa02,NWE,RB,27,16,2,0,0,0,0,0,76,301,3.96,4,55,40,446,11.15,3,1,0,7,,,117,156.7,162.7,136.7,,24,78
79,Josh Freeman\FreeJo00,TAM,QB,24,16,16,306,558,4065,27,17,39,139,3.56,0,0,0,0,,0,10,2,0,,1,249,248.5,273.5,265.5,,13,
80,Joe Flacco\FlacJo00,BAL,QB,27,16,16,317,531,3817,22,10,32,22,0.69,3,0,0,0,,0,9,4,3,,1,235,234.9,251.9,244.9,,14,
81,Eli Manning *\MannEl00,NYG,QB,31,16,16,321,536,3948,26,15,20,30,1.50,0,0,0,0,,0,5,1,0,,,233,232.9,251.9,247.9,,15,
82,Sam Bradford\BradSa00,STL,QB,25,16,16,328,551,3702,21,13,36,124,3.44,1,0,0,0,,0,7,1,1,,4,230,230.5,250.5,243.5,,16,
83,Matt Schaub*\SchaMa00,HOU,QB,31,16,16,350,544,4008,22,12,21,-9,-0.43,0,1,1,-6,-6.00,0,4,0,0,,1,225,225.8,240.8,237.3,,17,
84,Carson Palmer\PalmCa00,OAK,QB,33,15,15,345,565,4018,22,14,18,36,2.00,1,0,0,0,,0,7,5,1,,2,224,224.3,246.3,238.3,,18,
85,Ben Roethlisberger\RoetBe00,PIT,QB,30,13,13,284,449,3265,26,8,26,92,3.54,0,0,0,0,,0,6,3,0,,1,224,223.8,237.8,231.8,,19,
86,Ryan Fitzpatrick\FitzRy00,BUF,QB,30,16,16,306,505,3400,24,16,48,197,4.10,1,0,0,0,,0,8,6,1,,,214,213.7,241.7,229.7,,20,
87,Philip Rivers\RivePh00,SDG,QB,31,16,16,338,527,3606,26,15,27,40,1.48,0,1,0,0,,0,15,7,0,,,208,208.2,233.2,223.2,,21,
88,Christian Ponder\PondCh00,MIN,QB,24,16,16,300,483,2935,18,12,60,253,4.22,2,1,1,-15,-15.00,0,7,5,2,,1,193,194.2,217.2,205.7,,22,
89,Jay Cutler\CutlJa00,CHI,QB,29,15,15,255,434,3033,19,14,41,233,5.68,0,0,0,0,,0,8,4,0,,,185,184.6,208.6,198.6,,23,
90,Ryan Tannehill\TannRy00,MIA,QB,24,16,16,282,484,3294,12,13,49,211,4.31,2,0,0,0,,0,9,4,2,,2,183,182.9,205.9,195.9,,24,
91,Colin Kaepernick\KaepCo00,SFO,QB,25,13,7,136,218,1814,10,3,63,415,6.59,5,0,0,0,,0,9,2,5,,,174,174.1,185.1,177.1,,25,
92,Brandon Weeden\WeedBr00,CLE,QB,29,15,15,297,517,3385,14,17,27,111,4.11,0,1,0,-9,,0,6,1,0,,,166,165.6,189.6,182.6,,26,
93,Michael Vick\VickMi00,PHI,QB,32,10,10,204,351,2362,12,10,62,332,5.35,1,0,0,0,,0,11,5,1,,,152,151.7,172.7,161.7,,27,
94,Jake Locker\LockJa00,TEN,QB,24,11,11,177,314,2176,10,11,41,291,7.10,1,1,0,0,,0,4,4,1,,,132,132.1,153.1,143.1,,28,
95,Alex Smith\SmitAl03,SFO,QB,28,10,9,153,218,1737,13,5,31,132,4.26,0,0,0,0,,0,3,1,0,,,123,122.7,134.7,127.7,,29,
96,Anquan Boldin\BoldAn00,BAL,WR,32,15,15,0,0,0,0,0,1,3,3.00,0,112,65,921,14.17,4,0,0,4,1,,118,183.4,186.4,150.9,,31,
97,Sidney Rice\RiceSi01,SEA,WR,26,16,16,1,2,25,0,0,2,6,3.00,0,82,50,748,14.96,7,0,0,7,,,118,168.4,171.4,143.4,,32,
98,Mark Sanchez\SancMa00,NYJ,QB,26,15,15,246,453,2883,13,18,22,28,1.27,0,0,0,0,,0,14,8,0,,,118,118.1,147.1,136.1,,30,
99,Denarius Moore\MoorDe02,OAK,WR,24,15,15,0,0,0,0,0,1,-5,-5.00,0,114,51,741,14.53,7,3,0,7,,,116,166.6,169.6,141.1,,34,
100,Golden Tate\TateGo00,SEA,WR,24,15,15,1,1,23,1,0,3,20,6.67,0,68,45,688,15.29,7,1,1,7,,,116,160.7,164.7,138.2,,33,
101,Vick Ballard\BallVi00,IND,RB,22,16,12,0,0,0,0,0,211,814,3.86,2,27,17,152,8.94,1,3,0,3,,,115,131.6,137.6,123.1,,25,
102,Chad Henne\HennCh01,JAX,QB,27,10,6,166,308,2084,11,11,19,64,3.37,1,0,1,-6,-6.00,0,4,2,1,,,113,114.2,130.2,124.7,,31,
103,Willis McGahee\McGaWi00,DEN,RB,31,10,9,0,0,0,0,0,167,731,4.38,4,33,26,221,8.50,0,5,4,4,1,,113,139.2,149.2,126.2,,26,
104,Brian Hartline\HartBr00,MIA,WR,26,16,15,0,0,0,0,0,0,0,,0,131,74,1083,14.64,1,1,1,1,,,112,186.3,190.3,149.3,,35,
105,Malcom Floyd\FloyMa00,SDG,WR,31,14,14,0,0,0,0,0,0,0,,0,85,56,814,14.54,5,0,0,5,,,111,167.4,170.4,139.4,,36,
106,Darren McFadden\McFaDa00,OAK,RB,25,12,12,0,0,0,0,0,216,707,3.27,2,63,42,258,6.14,1,2,2,3,,,111,152.5,160.5,131.5,,28,
107,DeMarco Murray\MurrDe00,DAL,RB,24,10,10,0,0,0,0,0,161,663,4.12,4,42,35,251,7.17,0,3,2,4,,,111,146.4,154.4,128.9,,27,
108,Josh Gordon\GordJo02,CLE,WR,21,16,13,0,0,0,0,0,0,0,,0,96,50,805,16.10,5,1,1,5,,,109,158.5,162.5,133.5,,38,
109,Andre Roberts\RobeAn00,ARI,WR,24,15,15,0,0,0,0,0,4,29,7.25,0,114,64,759,11.86,5,1,0,5,,,109,172.8,175.8,140.8,,37,
110,Danario Alexander\AlexDa00,SDG,WR,26,10,6,0,1,0,0,0,0,0,,0,62,37,658,17.78,7,0,0,7,,,108,144.8,147.8,126.3,,39,
111,Antonio Brown\BrowAn04,PIT,WR,24,13,10,0,2,0,0,1,7,24,3.43,0,106,66,787,11.92,5,4,2,5,,,105,171.1,177.1,139.1,,41,
112,Percy Harvin\HarvPe00,MIN,WR,24,9,8,0,0,0,0,0,22,96,4.36,1,85,62,677,10.92,3,2,1,5,,,105,167.3,171.3,136.3,,40,
113,Santana Moss\MossSa00,WAS,WR,33,16,1,0,0,0,0,0,3,14,4.67,0,62,41,573,13.98,8,2,1,8,,,105,145.7,149.7,125.2,,42,
114,Joique Bell\BellJo01,DET,RB,26,16,0,0,0,0,0,0,82,414,5.05,3,68,52,485,9.33,0,2,2,3,,,104,155.9,163.9,129.9,,29,
115,Larry Fitzgerald*\FitzLa00,ARI,WR,29,16,16,0,0,0,0,0,0,0,,0,156,71,798,11.24,4,0,0,4,,,104,174.8,177.8,139.3,,43,
116,Brandon Gibson\GibsBr00,STL,WR,25,16,13,0,0,0,0,0,0,0,,0,82,51,691,13.55,5,0,0,5,,,99,150.1,153.1,124.6,,44,
117,Nate Washington\WashNa00,TEN,WR,29,16,14,0,0,0,0,0,0,0,,0,89,46,746,16.22,4,1,0,4,,,99,144.6,147.6,121.6,,45,
118,Ryan Mathews\MathRy00,SDG,RB,25,12,9,0,0,0,0,0,184,707,3.84,1,56,39,252,6.46,0,2,2,1,,,98,136.9,144.9,117.4,,30,
119,Donnie Avery\AverDo00,IND,WR,28,16,15,0,0,0,0,0,4,9,2.25,0,124,60,781,13.02,3,1,0,3,,,97,157.0,160.0,127.0,,47,
120,Andre Brown\BrowAn03,NYG,RB,26,10,2,0,0,0,0,0,73,385,5.27,8,17,12,86,7.17,0,0,0,8,1,,97,109.1,112.1,103.1,,31,
121,Jeremy Kerley\KerlJe00,NYJ,WR,24,16,7,1,1,42,0,0,5,8,1.60,0,95,56,827,14.77,2,4,3,3,,,97,153.2,159.2,125.2,,46,
122,Dwayne Bowe\BoweDw00,KAN,WR,28,13,12,0,0,0,0,0,0,0,,0,114,59,801,13.58,3,1,1,3,,,96,155.1,159.1,125.6,,48,
123,Antonio Gates\GateAn00,SDG,TE,32,15,15,0,0,0,0,0,0,0,,0,80,49,538,10.98,7,0,0,7,,,96,144.8,147.8,120.3,,12,
124,Brandon LaFell\LaFeBr00,CAR,WR,26,14,12,0,0,0,0,0,3,35,11.67,0,76,44,677,15.39,4,1,0,4,,,95,139.2,142.2,117.2,,49,
125,Pierre Thomas\ThomPi00,NOR,RB,28,15,4,0,0,0,0,0,105,473,4.50,1,53,39,354,9.08,1,0,0,2,,,95,133.7,139.7,114.2,,32,
126,Blaine Gabbert\GabbBl00,JAX,QB,23,10,10,162,278,1662,9,6,18,56,3.11,0,0,0,0,,0,5,3,0,,2,94,94.1,106.1,100.1,,32,
127,Pierre Garcon\GarcPi00,WAS,WR,26,10,10,0,0,0,0,0,2,9,4.50,0,68,44,633,14.39,4,0,0,5,,,94,138.2,141.2,116.2,,50,
128,Martellus Bennett\BennMa00,NYG,TE,25,16,16,0,0,0,0,0,0,0,,0,89,55,626,11.38,5,0,0,5,,,93,147.6,150.6,120.1,,13,
129,Mark Ingram\IngrMa01,NOR,RB,23,16,5,0,0,0,0,0,156,602,3.86,5,10,6,29,4.83,0,0,0,5,,,93,99.1,102.1,96.1,,33,
130,Darrius Heyward-Bey\HeywDa00,OAK,WR,25,15,14,0,0,0,0,0,2,16,8.00,0,80,41,606,14.78,5,0,0,5,,,92,133.2,136.2,112.7,,51,
131,Felix Jones\JoneFe00,DAL,RB,25,16,7,0,0,0,0,0,111,402,3.62,3,36,25,262,10.48,2,2,2,5,,,92,117.4,125.4,104.9,,34,
132,Scott Chandler\ChanSc00,BUF,TE,27,15,13,0,0,0,0,0,0,0,,0,74,43,571,13.28,6,2,1,6,,,91,134.1,138.1,112.6,,14,
133,Chris Givens\GiveCh00,STL,WR,23,15,12,0,0,0,0,0,3,12,4.00,0,80,42,698,16.62,3,0,0,3,1,,91,133.0,136.0,112.0,,52,
134,Knowshon Moreno\MoreKn00,DEN,RB,25,8,6,0,0,0,0,0,138,525,3.80,4,26,21,167,7.95,0,1,1,4,,,91,112.2,119.2,101.7,,35,
135,Greg Little\LittGr00,CLE,WR,23,16,16,0,0,0,0,0,2,15,7.50,0,94,53,647,12.21,4,0,0,4,,,90,143.2,146.2,116.7,,53,
136,Jacquizz Rodgers\RodgJa00,ATL,RB,22,16,0,0,0,0,0,0,94,362,3.85,1,59,53,402,7.58,1,0,0,2,,,88,141.4,147.4,114.9,,36,
137,Hakeem Nicks\NickHa01,NYG,WR,24,13,11,0,0,0,0,0,0,0,,0,100,53,692,13.06,3,0,0,3,,,87,140.2,143.2,113.7,,54,
138,Mike Tolbert\TolbMi00,CAR,RB,27,16,5,0,0,0,0,0,54,183,3.39,7,39,27,268,9.93,0,0,0,7,,,87,114.1,120.1,100.6,,37,
139,Nick Foles\FoleNi00,PHI,QB,23,7,6,161,265,1699,6,5,11,42,3.82,1,0,0,0,,0,8,3,1,,,86,86.2,97.2,91.2,,33,
140,Vernon Davis\DaviVe00,SFO,TE,28,16,16,0,0,0,0,0,0,0,,0,61,41,548,13.37,5,0,0,5,,,85,125.8,128.8,105.3,,15,
141,Kevin Kolb\KolbKe00,ARI,QB,28,6,5,109,183,1169,8,3,16,100,6.25,1,0,0,0,,0,2,2,1,,,85,84.8,95.8,87.8,,34,
142,Kendall Wright\WrigKe01,TEN,WR,23,15,5,0,0,0,0,0,1,4,4.00,0,104,64,626,9.78,4,1,1,4,,,85,149.0,153.0,117.0,,55,
143,Davone Bess\BessDa00,MIA,WR,27,13,13,0,0,0,0,0,0,0,,0,104,61,778,12.75,1,1,0,1,,,84,144.8,147.8,114.3,,57,
144,Brandon Stokley\StokBr00,DEN,WR,36,15,9,0,0,0,0,0,0,0,,0,58,45,544,12.09,5,0,0,5,,,84,129.4,132.4,106.9,,56,
145,Danny Amendola\AmenDa00,STL,WR,27,11,8,0,0,0,0,0,2,8,4.00,0,101,63,666,10.57,3,3,2,3,1,,83,146.4,151.4,114.9,,58,
146,Kenny Britt\BritKe00,TEN,WR,24,14,11,0,0,0,0,0,0,0,,0,90,45,589,13.09,4,2,1,4,1,,83,127.9,131.9,105.4,,59,
147,Marcel Reece *\ReecMa00,OAK,RB,27,16,14,0,0,0,0,0,59,271,4.59,0,73,52,496,9.54,1,2,0,1,,,83,134.7,140.7,108.7,,38,
148,Bilal Powell\PoweBi00,NYJ,RB,24,14,2,0,0,0,0,0,110,437,3.97,4,36,17,140,8.24,0,0,0,4,,,82,98.7,104.7,90.2,,39,
149,Jonathan Dwyer\DwyeJo00,PIT,RB,23,13,6,0,0,0,0,0,156,623,3.99,2,25,18,106,5.89,0,2,2,2,,,81,98.9,106.9,89.9,,41,
150,DeSean Jackson\JackDe00,PHI,WR,26,11,11,0,0,0,0,0,3,-7,-2.33,0,87,45,700,15.56,2,1,0,2,,,81,126.3,129.3,103.8,,60,
151,Fred Jackson\JackFr02,BUF,RB,31,10,8,0,0,0,0,0,115,437,3.80,3,42,34,217,6.38,1,5,4,4,,,81,115.4,125.4,98.4,,40,
152,Bryce Brown\BrowBr02,PHI,RB,21,16,4,0,0,0,0,0,115,564,4.90,4,19,13,56,4.31,0,4,3,4,,,80,93.0,99.0,86.5,,42,
153,Andrew Hawkins\HawkAn00,CIN,WR,26,14,2,0,0,0,0,0,6,30,5.00,0,80,51,533,10.45,4,1,0,4,,,80,131.3,134.3,105.8,,61,
154,Aaron Hernandez\HernAa00,NWE,TE,23,10,10,0,0,0,0,0,1,5,5.00,0,83,51,483,9.47,5,0,0,5,,,79,129.8,132.8,104.3,,16,
155,Matt Cassel\CassMa00,KAN,QB,30,9,8,161,277,1796,6,12,27,145,5.37,1,0,0,0,,0,8,7,1,,,78,78.3,103.3,90.3,,35,
156,Lance Kendricks\KendLa00,STL,TE,24,16,14,0,0,0,0,0,0,0,,0,64,42,519,12.36,4,1,0,4,1,,78,119.9,122.9,98.9,,18,
157,Marcedes Lewis\LewiMa00,JAX,TE,28,16,15,0,0,0,0,0,0,0,,0,77,52,540,10.38,4,0,0,4,,,78,130.0,133.0,104.0,,17,
158,Michael Bush\BushMi00,CHI,RB,28,13,1,0,0,0,0,0,114,411,3.61,5,11,9,83,9.22,0,1,1,5,,,77,86.4,90.4,81.9,,43,
159,Jermichael Finley\FinlJe00,GNB,TE,25,16,14,0,0,0,0,0,0,0,,0,87,61,667,10.93,2,1,1,2,,,77,137.7,141.7,107.2,,19,
160,Matt Hasselbeck\HassMa00,TEN,QB,37,8,5,138,221,1367,7,5,13,38,2.92,0,0,0,0,,0,3,1,0,,1,76,76.5,85.5,81.5,,36,
161,Rod Streater\StreRo00,OAK,WR,24,16,2,0,0,0,0,0,0,0,,0,74,39,584,14.97,3,1,1,3,1,,76,115.4,119.4,95.9,,62,
162,Jared Cook\CookJa02,TEN,TE,25,13,5,0,0,0,0,0,0,0,,0,73,44,523,11.89,4,1,1,4,,,74,118.3,122.3,96.3,,20,
163,Leonard Hankerson\HankLe00,WAS,WR,24,16,5,0,0,0,0,0,2,5,2.50,0,57,38,543,14.29,3,0,0,3,,,73,110.8,113.8,91.8,,63,
164,David Wilson\WilsDa01,NYG,RB,21,16,2,0,0,0,0,0,71,358,5.04,4,9,4,34,8.50,1,1,1,6,,,73,77.2,81.2,75.2,,44,
165,Brent Celek\CeleBr00,PHI,TE,27,15,14,0,0,0,0,0,0,0,,0,88,57,684,12.00,1,1,1,1,,,72,129.4,133.4,100.9,,21,
166,Josh Morgan\MorgJo00,WAS,WR,27,16,15,0,1,0,0,0,3,25,8.33,0,73,48,510,10.63,2,1,0,3,,,72,119.5,122.5,95.5,,64,
167,Dwayne Allen\AlleDw00,IND,TE,22,16,16,0,0,0,0,0,3,5,1.67,0,66,45,521,11.58,3,1,0,3,,,71,115.6,118.6,93.1,,23,
168,Brandon Pettigrew\PettBr00,DET,TE,27,14,11,0,0,0,0,0,0,0,,0,102,59,567,9.61,3,4,2,3,,,71,129.7,134.7,100.2,,22,
169,Isaac Redman\RedmIs20,PIT,RB,28,14,5,0,0,0,0,0,110,410,3.73,2,23,19,244,12.84,0,3,3,2,,,71,90.4,99.4,80.9,,45,
170,LaRod Stephens-Howling\StepLa00,ARI,RB,25,14,5,0,0,0,0,0,110,356,3.24,4,30,17,106,6.24,0,0,0,4,,,70,87.2,93.2,78.7,,46,
171,Domenik Hixon\HixoDo00,NYG,WR,28,13,3,0,0,0,0,0,0,0,,0,59,39,567,14.54,2,0,0,2,,,69,107.7,110.7,88.2,,65,
172,Kevin Ogletree\OgleKe00,DAL,WR,25,15,1,0,0,0,0,0,2,9,4.50,0,55,32,436,13.63,4,0,0,4,,,69,100.5,103.5,84.5,,66,
173,Dallas Clark\ClarDa00,TAM,TE,33,16,7,0,0,0,0,0,0,0,,0,75,47,435,9.26,4,0,0,4,,,68,114.5,117.5,91.0,,25,
174,Donald Jones\JoneDo00,BUF,WR,25,12,10,0,0,0,0,0,0,0,,0,67,41,443,10.80,4,1,0,4,,,68,109.3,112.3,88.8,,67,
175,Jacob Tamme\TammJa00,DEN,TE,27,16,8,0,0,0,0,0,0,0,,0,85,52,555,10.67,2,0,0,2,,,68,119.5,122.5,93.5,,26,
176,Daniel Thomas\ThomDa03,MIA,RB,25,12,0,0,0,0,0,0,91,325,3.57,4,22,15,156,10.40,0,3,2,4,,,68,83.1,91.1,75.6,,47,
177,Ben Watson\WatsBe00,CLE,TE,32,16,14,0,0,0,0,0,0,0,,0,82,49,501,10.22,3,1,0,3,,,68,117.1,120.1,92.6,,24,
178,Jackie Battle\BattJa00,SDG,RB,29,16,5,0,0,0,0,0,95,311,3.27,3,15,15,108,7.20,1,0,0,4,,,66,80.9,86.9,73.4,,48,
179,Joel Dreessen\DreeJo00,DEN,TE,30,16,15,0,0,0,0,0,0,0,,0,58,41,356,8.68,5,0,0,5,,,66,106.6,109.6,86.1,,27,
180,Michael Floyd\FloyMi00,ARI,WR,23,16,3,0,0,0,0,0,0,0,,0,86,45,562,12.49,2,1,1,2,,,66,111.2,115.2,88.7,,68,
181,Jason Avant\AvanJa00,PHI,WR,29,14,6,0,0,0,0,0,0,0,,0,76,53,648,12.23,0,1,0,0,,,65,117.8,120.8,91.3,,71,
182,Anthony Fasano\FasaAn00,MIA,TE,28,16,16,0,0,0,0,0,0,0,,0,69,41,332,8.10,5,0,0,5,1,,65,106.2,109.2,85.7,,28,
183,Jacoby Jones*+\JoneJa03,BAL,WR,28,16,3,0,0,0,0,0,1,6,6.00,0,55,30,406,13.53,1,2,0,4,,,65,95.2,98.2,80.2,,69,
184,Emmanuel Sanders\SandEm00,PIT,WR,25,16,7,0,0,0,0,0,1,4,4.00,0,75,44,626,14.23,1,3,2,1,,,65,109.0,114.0,87.0,,70,
185,Bernard Pierce\PierBe00,BAL,RB,21,16,0,0,0,0,0,0,108,532,4.93,1,11,7,47,6.71,0,0,0,1,,,64,70.9,73.9,67.4,,49,
186,Kevin Walter\WaltKe00,HOU,WR,31,16,14,0,0,0,0,0,0,0,,0,68,41,518,12.63,2,0,0,2,,,64,104.8,107.8,84.3,,73,
187,Titus Young\YounTi00,DET,WR,23,10,8,0,0,0,0,0,2,16,8.00,0,56,33,383,11.61,4,0,0,4,,,64,96.9,99.9,80.4,,72,
188,Maurice Jones-Drew\DrewMa00,JAX,RB,27,6,5,0,0,0,0,0,86,414,4.81,1,18,14,86,6.14,1,2,0,2,,,62,76.0,79.0,69.0,,50,
189,Daryl Richardson\RichDa00,STL,RB,22,16,0,0,0,0,0,0,98,475,4.85,0,36,24,163,6.79,0,3,2,0,1,,62,85.8,93.8,73.8,,52,
190,Shane Vereen\VereSh00,NWE,RB,23,13,1,0,0,0,0,0,62,251,4.05,3,13,8,149,18.63,1,1,1,4,,,62,70.0,77.0,66.0,,51,
191,Greg Jennings\JennGr00,GNB,WR,29,8,5,0,0,0,0,0,0,0,,0,62,36,366,10.17,4,0,0,4,,,61,96.6,99.6,78.6,,75,
192,Randy Moss\MossRa00,SFO,WR,35,16,2,0,0,0,0,0,0,0,,0,50,28,434,15.50,3,1,0,3,,,61,89.4,92.4,75.4,,74,
193,Jonathan Stewart\StewJo00,CAR,RB,25,9,6,0,0,0,0,0,93,336,3.61,1,23,17,157,9.24,1,2,0,2,,,61,78.3,84.3,69.8,,53,
194,Donald Brown\BrowDo00,IND,RB,25,10,4,0,0,0,0,0,108,417,3.86,1,13,9,93,10.33,0,0,0,1,1,,59,68.0,71.0,63.5,,55,
195,Ronnie Brown\BrowRo05,SDG,RB,31,14,1,0,0,0,0,0,46,220,4.78,0,59,49,371,7.57,0,0,0,0,,,59,108.1,114.1,83.6,,54,
196,Alex Green\GreeAl00,GNB,RB,24,12,4,0,0,0,0,0,135,464,3.44,0,30,18,125,6.94,0,1,0,0,,,59,76.9,82.9,67.9,,56,
197,Michael Jenkins\JenkMi00,MIN,WR,30,16,8,0,0,0,0,0,0,0,,0,72,40,449,11.23,2,0,0,2,,,57,96.9,99.9,76.9,,76,
198,Julian Edelman\EdelJu00,NWE,WR,26,9,3,0,0,0,0,0,4,45,11.25,0,32,21,235,11.19,3,1,1,5,,,56,77.0,81.0,66.5,,78,
199,Zach Miller\MillZa01,SEA,TE,27,16,15,0,0,0,0,0,0,0,,0,53,38,396,10.42,3,1,1,3,,,56,93.6,97.6,74.6,,30,
200,Joe Morgan\MorgJo01,NOR,WR,24,14,5,0,0,0,0,0,1,1,1.00,0,21,10,379,37.90,3,0,0,3,,,56,66.0,69.0,61.0,,77,
201,Tony Scheffler\ScheTo00,DET,TE,29,15,4,0,0,0,0,0,0,0,,0,85,42,504,12.00,1,0,0,1,,,56,98.4,101.4,77.4,,29,
202,Doug Baldwin\BaldDo00,SEA,WR,24,14,4,0,0,0,0,0,0,0,,0,50,29,366,12.62,3,0,0,3,,,55,83.6,86.6,69.1,,82,
203,Alshon Jeffery\JeffAl00,CHI,WR,22,10,6,0,0,0,0,0,0,0,,0,48,24,367,15.29,3,0,0,3,,,55,78.7,81.7,66.7,,80,
204,Mario Manningham\MannMa01,SFO,WR,26,12,10,0,0,0,0,0,3,64,21.33,0,57,42,449,10.69,1,2,1,1,,,55,97.3,101.3,76.3,,79,
205,Tiquan Underwood\UndeTi00,TAM,WR,25,14,3,0,0,0,0,0,1,1,1.00,0,55,28,425,15.18,2,0,0,2,,,55,82.6,85.6,68.6,,81,
206,Jeff Cumberland\CumbJe00,NYJ,TE,25,15,12,0,0,0,0,0,0,0,,0,53,29,359,12.38,3,0,0,3,,,54,82.9,85.9,68.4,,31,
207,Dexter McCluster\McClDe00,KAN,RB,23,16,6,0,0,0,0,0,12,70,5.83,0,77,52,452,8.69,1,2,2,1,,,54,106.2,111.2,80.2,,57,
208,Robert Turbin\TurbRo00,SEA,RB,23,16,0,0,0,0,0,0,80,354,4.43,0,23,19,181,9.53,0,0,0,0,,,54,72.5,78.5,63.0,,59,
209,Beanie Wells\WellCh00,ARI,RB,24,8,7,0,0,0,0,0,88,234,2.66,5,1,1,24,24.00,0,1,1,5,,,54,54.8,58.8,54.3,,58,
210,Kendall Hunter\HuntKe00,SFO,RB,24,11,0,0,0,0,0,0,72,371,5.15,2,12,9,60,6.67,0,1,1,2,,,53,62.1,66.1,57.6,,61,
211,Rashad Jennings\JennRa00,JAX,RB,27,10,6,0,0,0,0,0,101,283,2.80,2,26,19,130,6.84,0,3,1,2,1,,53,72.3,79.3,62.8,,60,
212,Travis Benjamin\BenjTr00,CLE,WR,23,14,3,0,0,0,0,0,6,66,11.00,0,37,18,298,16.56,2,1,1,3,,,52,70.4,74.4,61.4,,83,
213,James Casey\CaseJa00,HOU,RB,28,16,9,0,0,0,0,0,1,6,6.00,0,45,34,330,9.71,3,0,0,3,,,52,85.6,88.6,68.6,,62,
214,Tony Moeaki\MoeaTo00,KAN,TE,25,15,14,0,0,0,0,0,0,0,,0,56,33,453,13.73,1,0,0,1,,,51,84.3,87.3,67.8,,32,
215,Earl Bennett\BennEa00,CHI,WR,25,12,4,0,0,0,0,0,0,0,,0,49,29,375,12.93,2,0,0,2,,,50,78.5,81.5,64.0,,85,
216,Austin Pettis\PettAu00,STL,WR,24,14,2,0,0,0,0,0,0,0,,0,48,30,261,8.70,4,0,0,4,,,50,80.1,83.1,65.1,,84,
217,Delanie Walker\WalkHu00,SFO,TE,28,16,4,0,0,0,0,0,0,0,,0,39,21,344,16.38,3,1,1,3,,,50,71.4,75.4,60.9,,33,
218,Shaun Draughn\DrauSh00,KAN,RB,25,16,0,0,0,0,0,0,59,233,3.95,2,30,24,158,6.58,0,2,1,2,,,49,73.1,80.1,61.1,,63,
219,Brad Smith\SmitBr01,BUF,WR,29,15,2,0,1,0,0,1,14,116,8.29,1,22,14,152,10.86,2,1,0,4,,,49,62.8,69.8,56.8,,86,
220,Mike Goodson\GoodMi00,OAK,RB,25,12,0,0,0,0,0,0,35,221,6.31,0,16,16,195,12.19,1,0,0,1,,,48,63.6,69.6,55.6,,64,
221,Rueben Randle\RandRu00,NYG,WR,21,16,1,0,0,0,0,0,0,0,,0,32,19,298,15.68,3,1,0,3,,,48,66.8,69.8,57.3,,87,
222,Mohamed Sanu\SanuMo00,CIN,QB,23,9,3,1,1,73,1,0,5,15,3.00,0,25,16,154,9.63,4,0,0,4,,,48,63.8,66.8,55.8,,37,
223,Justin Forsett\ForsJu00,HOU,RB,27,16,0,0,0,0,0,0,63,374,5.94,1,5,3,38,12.67,0,0,0,1,,,47,50.2,53.2,48.7,,65,
224,Anthony McCoy\McCoAn00,SEA,TE,25,16,5,0,0,0,0,0,0,0,,0,28,18,291,16.17,3,0,0,3,,,47,65.1,68.1,56.1,,34,
225,Harry Douglas\DougHa00,ATL,WR,28,15,1,0,0,0,0,0,2,4,2.00,0,59,38,395,10.39,1,1,0,1,,,46,83.9,86.9,64.9,,89,
226,Louis Murphy\MurpLo00,CAR,WR,25,16,5,0,0,0,0,0,1,3,3.00,0,61,25,336,13.44,1,1,0,2,,,46,70.9,73.9,58.4,,88,
227,Garrett Graham\GrahGa00,HOU,RB,26,15,9,0,0,0,0,0,0,0,,0,39,28,263,9.39,3,0,0,3,,,44,72.3,75.3,58.3,,66,
228,Dustin Keller\KellDu00,NYJ,TE,28,8,5,0,0,0,0,0,0,0,,0,36,28,317,11.32,2,0,0,2,,,44,71.7,74.7,57.7,,35,
229,Brady Quinn\QuinBr00,KAN,QB,28,10,8,112,197,1141,2,8,19,66,3.47,0,1,0,0,,0,1,0,0,,,44,44.2,55.2,52.2,,38,
230,Jarius Wright\WrigJa02,MIN,WR,23,7,1,0,0,0,0,0,2,11,5.50,0,36,22,310,14.09,2,0,0,2,,,44,66.1,69.1,55.1,,90,
231,Ryan Broyles\BroyRy00,DET,WR,24,10,3,0,0,0,0,0,0,0,,0,32,22,310,14.09,2,0,0,2,,,43,65.0,68.0,54.0,,93,
232,Nate Burleson\BurlNa00,DET,WR,31,6,5,0,0,0,0,0,8,48,6.00,0,43,27,240,8.89,2,0,0,2,1,,43,69.8,72.8,56.3,,95,
233,Riley Cooper\CoopRi00,PHI,WR,25,11,5,0,0,0,0,0,0,0,,0,47,23,248,10.78,3,0,0,3,,,43,65.8,68.8,54.3,,94,
234,Ronnie Hillman\HillRo00,DEN,RB,21,14,0,0,0,0,0,0,85,330,3.88,1,12,10,62,6.20,0,2,1,1,,,43,53.2,57.2,48.2,,67,
235,Stephen Hill\HillSt00,NYJ,WR,21,11,8,0,0,0,0,0,0,0,,0,47,21,252,12.00,3,0,0,3,,,43,64.2,67.2,53.7,,91,
236,Aldrick Robinson\RobiAl00,WAS,WR,24,15,2,0,0,0,0,0,1,14,14.00,0,19,11,237,21.55,3,0,0,3,,,43,54.1,57.1,48.6,,92,
237,Ben Tate\TateBe00,HOU,RB,24,11,0,0,0,0,0,0,65,279,4.29,2,11,11,49,4.45,0,1,1,2,,,43,53.8,57.8,48.3,,68,
238,Rob Housler\HousRo01,ARI,TE,24,15,9,0,0,0,0,0,0,0,,0,68,45,417,9.27,0,0,0,0,,,42,86.7,89.7,64.2,,36,
239,Cedric Benson\BensCe00,GNB,RB,30,5,5,0,0,0,0,0,71,248,3.49,1,15,14,97,6.93,0,1,0,1,,,41,54.5,57.5,47.5,,69,
240,Brandon Bolden\BoldBr00,NWE,RB,22,10,0,0,0,0,0,0,56,274,4.89,2,2,2,11,5.50,0,0,0,2,,,41,42.5,45.5,41.5,,70,
241,Coby Fleener\FleeCo00,IND,TE,24,12,10,0,0,0,0,0,0,0,,0,48,26,281,10.81,2,0,0,2,,,40,66.1,69.1,53.1,,37,
242,Montell Owens\OwenMo01,JAX,RB,28,13,4,0,0,0,0,0,42,209,4.98,1,10,8,113,14.13,0,0,0,1,1,,40,48.2,54.2,44.2,,72,
243,Cedric Peerman\PeerCe00,CIN,RB,26,14,1,0,0,0,0,0,36,258,7.17,1,9,9,85,9.44,0,0,0,1,,,40,49.3,52.3,44.8,,71,
244,Jonathan Baldwin\BaldJo00,KAN,WR,23,15,7,0,0,0,0,0,0,0,,0,47,20,325,16.25,1,0,0,1,,,39,58.5,61.5,48.5,,99,
245,T.J. Graham\GrahT.00,BUF,WR,23,15,11,0,0,0,0,0,1,5,5.00,0,58,31,322,10.39,1,0,0,1,,,39,69.7,72.7,54.2,,98,
246,Devery Henderson\HendDe00,NOR,WR,30,15,9,0,0,0,0,0,1,13,13.00,0,47,22,316,14.36,1,1,0,1,,,39,60.9,63.9,49.9,,97,
247,Peyton Hillis\HillPe00,KAN,RB,26,13,2,0,1,0,0,0,85,309,3.64,1,14,10,62,6.20,0,2,2,1,,,39,49.1,54.1,44.1,,73,
248,Chaz Schilens\SchiCh00,NYJ,WR,27,15,6,0,0,0,0,0,0,0,,0,41,28,289,10.32,2,1,1,2,,,39,66.9,70.9,52.9,,96,
249,Tom Crabtree\CrabTo00,GNB,TE,27,14,6,0,0,0,0,0,0,0,,0,12,8,203,25.38,3,0,0,3,,,38,46.3,49.3,42.3,,38,
250,Micheal Spurlock\SpurMi00,2TM,WR,29,14,1,0,0,0,0,0,0,0,,0,29,23,200,8.70,1,1,0,3,,,38,61.0,64.0,49.5,,100,
251,Logan Paulsen\PaulLo00,WAS,TE,25,16,10,0,0,0,0,0,0,0,,0,38,25,308,12.32,1,0,0,1,,,37,61.8,64.8,49.3,,39,
252,Dwayne Harris\HarrDw00,DAL,WR,25,16,0,0,0,0,0,0,0,0,,0,31,17,222,13.06,1,1,0,2,1,,36,53.2,56.2,44.7,,101,
253,Lamar Miller\MillLa01,MIA,RB,21,13,1,0,0,0,0,0,51,250,4.90,1,8,6,45,7.50,0,0,0,1,,,36,41.5,44.5,38.5,,74,
254,Montario Hardesty\HardMo00,CLE,RB,25,13,1,0,0,0,0,0,65,271,4.17,1,5,2,16,8.00,0,2,0,1,,,35,36.7,39.7,35.7,,77,
255,Chris Ivory\IvorCh00,NOR,RB,24,6,2,0,0,0,0,0,40,217,5.43,2,3,2,15,7.50,0,0,0,2,,,35,37.2,40.2,36.2,,75,
256,William Powell\PoweWi00,ARI,RB,24,13,1,0,0,0,0,0,60,217,3.62,0,25,19,132,6.95,0,2,0,0,,,35,53.9,59.9,44.4,,76,
257,James Starks\StarJa00,GNB,RB,26,6,2,0,0,0,0,0,71,255,3.59,1,6,4,31,7.75,0,1,0,1,,,35,38.6,41.6,36.6,,78,
258,Toby Gerhart\GerhTo00,MIN,RB,25,16,0,0,0,0,0,0,50,169,3.38,1,27,20,155,7.75,0,2,2,1,,,34,54.4,62.4,44.4,,79,
259,Craig Stevens\StevCr00,TEN,TE,28,15,15,0,0,0,0,0,0,0,,0,33,23,275,11.96,1,2,0,1,,,34,56.5,59.5,45.0,,40,
260,Charles Clay\ClayCh00,MIA,TE,23,14,9,0,0,0,0,0,0,0,,0,33,18,212,11.78,2,0,0,2,,,33,51.2,54.2,42.2,,41,
261,Kirk Cousins\CousKi00,WAS,QB,24,3,1,33,48,466,4,3,3,22,7.33,0,0,0,0,,0,1,0,0,1,,33,32.8,38.8,35.8,,39,
262,Fred Davis\DaviFr01,WAS,TE,26,7,7,0,0,0,0,0,1,1,1.00,0,31,24,325,13.54,0,0,0,0,,,33,56.6,59.6,44.6,,43,
263,Kellen Davis\DaviKe01,CHI,TE,27,16,15,0,0,0,0,0,0,0,,0,44,19,229,12.05,2,1,1,2,,,33,51.9,55.9,42.4,,42,
264,Kevin Smith\SmitKe02,DET,RB,26,12,2,0,0,0,0,0,37,134,3.62,1,16,10,79,7.90,1,0,0,2,,,33,43.3,46.3,38.3,,80,
265,David Thomas\ThomDa02,NOR,TE,29,15,7,0,0,0,0,0,0,0,,0,17,11,86,7.82,4,0,0,4,,,33,43.6,43.6,38.1,,44,
266,Lance Ball\BallLa00,DEN,RB,27,15,0,0,0,0,0,0,42,158,3.76,1,12,7,61,8.71,1,1,1,2,,,32,38.9,42.9,35.4,,81,
267,Armon Binns\BinnAr00,2TM,WR,23,11,5,0,0,0,0,0,0,0,,0,40,24,277,11.54,1,1,1,1,,,32,55.7,59.7,43.7,,104,
268,Delone Carter\CartDe01,IND,RB,25,10,0,0,0,0,0,0,32,122,3.81,3,2,1,13,13.00,0,1,0,3,,,32,32.5,35.5,32.0,,83,
269,Robert Meachem\MeacRo00,SDG,WR,28,15,3,0,0,0,0,0,1,-6,-6.00,0,32,14,207,14.79,2,0,0,2,,,32,46.1,49.1,39.1,,103,
270,Eddie Royal\RoyaEd00,SDG,WR,26,10,2,0,0,0,0,0,3,22,7.33,0,44,23,234,10.17,1,1,0,1,,,32,54.6,57.6,43.1,,105,
271,Evan Royster\RoysEv00,WAS,RB,25,16,0,0,0,0,0,0,23,88,3.83,2,23,15,109,7.27,0,0,0,2,,,32,46.7,49.7,39.2,,82,
272,John Skelton\SkelJo00,ARI,QB,24,7,6,109,201,1132,2,9,4,5,1.25,0,0,0,0,,0,4,2,0,,,32,31.8,45.8,40.8,,40,
273,Damian Williams\WillDa04,TEN,WR,24,13,2,0,0,0,0,0,0,0,,0,45,30,324,10.80,0,0,0,0,,,32,62.4,65.4,47.4,,102,
274,Devin Hester\HestDe99,CHI,WR,30,15,5,0,0,0,0,0,3,6,2.00,0,40,23,242,10.52,1,1,0,1,,,31,53.8,56.8,42.3,,108,
275,Santonio Holmes\HolmSa00,NYJ,WR,28,4,4,0,0,0,0,0,0,0,,0,41,20,272,13.60,1,1,1,1,,,31,51.2,55.2,41.2,,106,
276,Marvin Jones\JoneMa02,CIN,WR,22,11,5,0,0,0,0,0,3,47,15.67,0,32,18,201,11.17,1,0,0,1,,,31,48.8,51.8,39.8,,107,
277,Jason Snelling\SnelJa00,ATL,RB,29,16,2,0,0,0,0,0,18,63,3.50,0,35,31,203,6.55,1,1,1,1,,,31,61.6,65.6,46.1,,84,
278,Michael Robinson\RobiMi00,SEA,RB,29,16,6,0,0,0,0,0,12,49,4.08,0,15,13,126,9.69,2,0,0,2,,,30,42.5,45.5,36.0,,85,
279,Jordan Cameron\CameJo00,CLE,TE,24,14,6,0,0,0,0,0,0,0,,0,40,20,226,11.30,1,0,0,1,,,29,48.6,51.6,38.6,,45,
280,Clay Harbor\HarbCl00,PHI,TE,25,14,9,0,0,0,0,0,0,0,,0,39,25,186,7.44,2,1,1,2,,,29,53.6,57.6,41.1,,46,
281,DuJuan Harris\HarrDu01,GNB,RB,24,4,2,0,0,0,0,0,34,157,4.62,2,2,2,17,8.50,0,0,0,2,,,29,31.4,34.4,30.4,,86,
282,Damaris Johnson\JohnDa04,PHI,WR,23,14,1,0,0,0,0,0,3,12,4.00,0,31,19,256,13.47,0,2,2,1,,,29,47.8,52.8,38.3,,110,
283,Kyle Williams\WillKy01,SFO,WR,24,11,3,0,0,0,0,0,4,21,5.25,0,22,14,212,15.14,1,1,0,1,,,29,43.3,46.3,36.3,,109,
284,Darrel Young\YounDa01,WAS,RB,25,16,8,0,0,0,0,0,14,60,4.29,0,9,8,109,13.63,2,0,0,2,,,29,36.9,39.9,32.9,,87,
285,Rashard Mendenhall\MendRa00,PIT,RB,25,6,4,0,0,0,0,0,51,182,3.57,0,10,9,62,6.89,1,3,1,1,,,28,37.4,41.4,32.9,,88,
286,Brian Quick\QuicBr00,STL,WR,23,15,1,0,0,0,0,0,0,0,,0,27,11,156,14.18,2,0,0,2,,,28,38.6,41.6,33.1,,112,
287,Jordan Shipley\ShipJo00,2TM,WR,27,7,2,0,0,0,0,0,0,0,,0,39,23,244,10.61,1,1,1,1,,,28,51.4,55.4,39.9,,111,
288,LeGarrette Blount\BlouLe00,TAM,RB,26,13,0,0,0,0,0,0,41,151,3.68,2,2,1,2,2.00,0,0,0,2,,,27,28.3,31.3,27.8,,89,
289,Ryan Grant\GranRy00,2TM,RB,30,5,1,0,0,0,0,0,32,132,4.13,2,2,1,34,34.00,0,1,1,2,,,27,27.6,31.6,27.1,,92,
290,John Kuhn\KuhnJo00,GNB,RB,30,14,3,0,0,0,0,0,23,63,2.74,1,18,15,148,9.87,0,0,0,1,,,27,42.1,45.1,34.6,,91,
291,Jorvorskie Lane\LaneJo00,MIA,RB,25,16,5,0,0,0,0,0,13,13,1.00,2,12,11,79,7.18,1,3,1,3,1,,27,38.2,39.2,32.7,,90,
292,Tashard Choice\ChoiTa00,BUF,RB,28,12,0,0,0,0,0,0,47,193,4.11,1,9,4,9,2.25,0,0,0,1,,,26,30.2,33.2,28.2,,94,
293,Braylon Edwards\EdwaBr00,2TM,WR,29,13,4,0,0,0,0,0,0,0,,0,35,18,199,11.06,1,0,0,1,,,26,43.9,46.9,34.9,,114,
294,Derek Hagan\HagaDe00,OAK,WR,28,14,2,0,0,0,0,0,0,0,,0,36,20,259,12.95,0,0,0,0,,,26,45.9,48.9,35.9,,113,
295,Terrelle Pryor\PryoTe00,OAK,QB,23,3,1,14,30,155,2,1,10,51,5.10,1,1,1,22,22.00,0,0,0,1,,,26,26.5,27.5,27.0,,41,
296,Chris Rainey\RainCh00,PIT,RB,24,16,0,0,0,0,0,0,26,102,3.92,2,22,14,60,4.29,0,4,1,2,,,26,40.2,44.2,33.2,,93,
297,Dante Rosario\RosaDa00,SDG,TE,28,13,2,0,0,0,0,0,0,0,,0,18,10,95,9.50,3,1,1,3,,,26,35.5,36.5,30.5,,47,
298,Mohamed Massaquoi\MassMo00,CLE,WR,26,9,5,0,0,0,0,0,0,0,,0,33,17,254,14.94,0,0,0,0,,,25,42.4,45.4,33.9,,115,
299,Darius Reynaud\ReynDa00,TEN,RB,28,16,0,0,0,0,0,0,16,33,2.06,0,10,5,35,7.00,0,1,0,3,,,25,29.8,29.8,27.3,,95,
300,Jerome Simpson\SimpJe00,MIN,WR,26,12,10,0,0,0,0,0,0,0,,0,52,26,274,10.54,0,2,1,0,,,25,51.4,55.4,38.4,,116,
301,Brandon Tate\TateBr00,CIN,WR,25,16,3,0,0,0,0,0,1,0,0.00,0,25,13,211,16.23,1,4,1,1,,,25,38.1,42.1,31.6,,117,
302,Clyde Gates\GateCl00,NYJ,WR,26,11,2,0,0,0,0,0,1,12,12.00,0,33,16,224,14.00,0,0,0,0,,,24,39.6,42.6,31.6,,118,
303,Vonta Leach*+\LeacVo00,BAL,RB,31,16,13,0,0,0,0,0,9,32,3.56,1,24,21,143,6.81,0,0,0,1,,,24,44.5,47.5,34.0,,97,
304,Joe McKnight\McKnJo00,NYJ,RB,24,15,0,0,0,0,0,0,30,179,5.97,0,2,1,18,18.00,0,3,1,1,,,24,24.7,28.7,24.2,,96,
305,LaVon Brazill\BrazLa00,IND,WR,23,15,0,0,0,0,0,0,0,0,,0,24,11,186,16.91,1,1,1,1,,,23,33.6,37.6,28.1,,121,
306,Juron Criner\CrinJu00,OAK,WR,23,12,0,0,0,0,0,0,0,0,,0,33,16,151,9.44,1,1,0,1,1,,23,39.1,42.1,31.1,,120,
307,Ed Dickson\DickEd00,BAL,TE,25,13,11,0,0,0,0,0,0,0,,0,33,21,225,10.71,0,0,0,0,,,23,43.5,46.5,33.0,,48,
308,Laurent Robinson\RobiLa01,JAX,WR,27,7,4,0,0,0,0,0,0,0,,0,43,24,252,10.50,0,1,1,0,,,23,47.2,51.2,35.2,,119,
309,Luke Stocker\StocLu00,TAM,TE,24,16,11,0,0,0,0,0,0,0,,0,27,16,165,10.31,1,0,0,1,,,23,38.5,41.5,30.5,,49,
310,Mike Thomas\ThomMi01,2TM,WR,25,16,4,0,0,0,0,0,7,57,8.14,0,40,18,108,6.00,1,1,0,1,,,23,40.5,43.5,31.5,,122,
311,Ramses Barden\BardRa00,NYG,WR,26,12,1,0,0,0,0,0,0,0,,0,21,14,220,15.71,0,0,0,0,,,22,36.0,39.0,29.0,,123,
312,Early Doucet\DoucEa00,ARI,WR,27,12,3,0,0,0,0,0,2,9,4.50,0,53,28,207,7.39,0,0,0,0,,,22,49.6,52.6,35.6,,124,
313,Jamie Harper\HarpJa01,TEN,RB,23,10,0,0,0,0,0,0,19,30,1.58,3,1,1,8,8.00,0,0,0,3,,,22,22.8,22.8,22.3,,98,
314,Jerricho Cotchery\CotcJe00,PIT,WR,30,14,2,0,0,0,0,0,0,0,,0,27,17,205,12.06,0,0,0,0,,,21,37.5,40.5,29.0,,126,
315,Will Heller\HellWi00,DET,TE,31,16,5,0,0,0,0,0,0,0,,0,23,17,150,8.82,1,0,0,1,,,21,38.0,41.0,29.5,,51,
316,Jacob Hester\HestJa00,DEN,RB,27,3,0,0,0,0,0,0,17,81,4.76,2,1,1,7,7.00,0,0,0,2,,,21,21.8,21.8,21.3,,100,
317,Lestar Jean\JeanLe01,HOU,WR,24,14,1,0,0,0,0,0,0,0,,0,12,6,151,25.17,1,0,0,1,,,21,27.1,30.1,24.1,,125,
318,Niles Paul\PaulNi00,WAS,TE,23,16,4,0,0,0,0,0,1,-1,-1.00,0,15,8,152,19.00,1,1,0,1,,,21,29.1,32.1,25.1,,50,
319,Leon Washington*\WashLe00,SEA,RB,30,16,0,0,0,0,0,0,23,83,3.61,1,8,4,31,7.75,0,2,1,2,,,21,25.4,26.4,23.4,,99,
320,Armando Allen\AlleAr00,CHI,RB,23,15,0,0,0,0,0,0,27,124,4.59,1,3,2,16,8.00,0,0,0,1,,,20,22.0,25.0,21.0,,103,
321,Anthony Dixon\DixoAn00,SFO,RB,25,16,0,0,0,0,0,0,21,78,3.71,2,0,0,0,,0,0,0,2,,,20,19.8,19.8,19.8,,104,
322,Donald Driver\DrivDo00,GNB,WR,37,13,1,0,0,0,0,0,0,0,,0,13,8,77,9.63,2,0,0,2,,,20,27.7,27.7,23.7,,128,
323,Will Johnson\JohnWi00,PIT,RB,23,16,7,0,0,0,0,0,2,7,3.50,0,26,15,137,9.13,1,0,0,1,,,20,35.4,38.4,27.9,,101,
324,Keshawn Martin\MartKe01,HOU,WR,22,16,1,0,0,0,0,0,4,53,13.25,0,28,10,85,8.50,1,1,0,1,,,20,29.8,29.8,24.8,,127,
325,Chris Ogbonnaya\OgboCh00,CLE,RB,26,15,1,0,0,0,0,0,8,30,3.75,0,32,24,187,7.79,0,1,1,0,,,20,43.7,47.7,31.7,,105,
326,Jalen Parmele\ParmJa00,JAX,RB,27,11,2,0,0,0,0,0,40,143,3.58,0,9,7,60,8.57,0,0,0,0,,,20,27.3,30.3,23.8,,102,
327,Curtis Brinkley\BrinCu00,SDG,RB,27,10,1,0,0,0,0,0,39,115,2.95,0,15,12,77,6.42,0,1,0,0,,,19,31.2,34.2,25.2,,106,
328,Kris Durham\DurhKr00,DET,WR,24,4,3,0,0,0,0,0,0,0,,0,21,8,125,15.63,1,0,0,1,,,19,26.5,29.5,22.5,,130,
329,Marlon Moore\MoorMa02,MIA,WR,25,14,2,0,0,0,0,0,1,9,9.00,0,9,6,116,19.33,1,0,0,1,,,19,24.5,27.5,21.5,,129,
330,Devin Aromashodu\AromDe00,MIN,WR,28,15,0,0,0,0,0,0,0,0,,0,22,11,182,16.55,0,0,0,0,,,18,29.2,32.2,23.7,,132,
331,Tandon Doss\DossTa00,BAL,WR,23,14,0,0,0,0,0,0,0,0,,0,17,7,123,17.57,1,0,0,1,,,18,25.3,28.3,21.8,,131,
332,Byron Leftwich\LeftBy00,PIT,QB,32,2,1,25,53,272,0,1,1,31,31.00,1,0,0,0,,0,1,0,1,,,18,18.0,19.0,19.0,,43,
333,Tyrod Taylor\TaylTy00,BAL,QB,23,7,0,17,29,179,0,1,14,73,5.21,1,0,0,0,,0,0,0,1,,,18,18.5,19.5,19.5,,42,
334,Jason Campbell\CampJa00,CHI,QB,31,6,1,32,51,265,2,2,7,28,4.00,0,0,0,0,,0,2,0,0,,,17,17.4,19.4,19.4,,44,
335,Jed Collins\CollJe01,NOR,RB,26,15,7,0,0,0,0,0,0,0,,0,16,14,70,5.00,2,1,1,2,,,17,31.0,32.0,24.0,,108,
336,Brian Leonard\LeonBr00,CIN,RB,28,15,0,0,0,0,0,0,33,106,3.21,0,15,11,67,6.09,0,0,0,0,,,17,28.3,31.3,22.8,,107,
337,Ryan Williams\WillRy00,ARI,RB,22,5,3,0,0,0,0,0,58,164,2.83,0,10,7,44,6.29,0,2,2,0,,,17,23.8,28.8,20.3,,109,
338,Jeremy Stewart\StewJe00,OAK,RB,23,4,0,0,0,0,0,0,25,101,4.04,0,8,8,62,7.75,0,0,0,0,,,16,24.3,27.3,20.3,,110,
339,Charlie Batch\BatcCh00,PIT,QB,38,2,2,45,70,475,1,4,0,0,,0,0,0,0,,0,1,0,0,,,15,15.0,22.0,19.0,,45,
340,Deion Branch\BranDe00,NWE,WR,33,10,4,0,0,0,0,0,0,0,,0,29,16,145,9.06,0,0,0,0,,,15,30.5,33.5,22.5,,133,
341,Shaun Hill\HillSh00,DET,QB,32,1,0,10,13,172,2,0,1,-1,-1.00,0,0,0,0,,0,0,0,0,,,15,14.8,14.8,14.8,,46,
342,LaMichael James\JameLa00,SFO,RB,23,4,0,0,0,0,0,0,27,125,4.63,0,5,3,29,9.67,0,1,0,0,,,15,18.4,21.4,16.9,,111,
343,Dion Lewis\LewiDi00,PHI,RB,22,9,0,0,0,0,0,0,13,69,5.31,1,2,2,24,12.00,0,0,0,1,,,15,17.3,17.3,16.3,,112,
344,Rishard Matthews\MattRi00,MIA,TE,23,8,1,0,0,0,0,0,0,0,,0,20,11,151,13.73,0,0,0,0,,,15,26.1,29.1,20.6,,52,
345,Danny Ware\WareDa00,TAM,RB,27,16,1,0,0,0,0,0,11,51,4.64,0,20,14,100,7.14,0,0,0,0,,,15,29.1,32.1,22.1,,113,
346,Gary Barnidge\BarnGa01,CAR,TE,27,16,5,0,0,0,0,0,0,0,,0,6,6,78,13.00,1,0,0,1,,,14,19.8,19.8,16.8,,54,
347,Baron Batch\BatcBa00,PIT,RB,25,12,0,0,0,0,0,0,25,49,1.96,1,5,4,31,7.75,0,0,0,1,,,14,18.0,18.0,16.0,,115,
348,Brian Hoyer\HoyeBr00,ARI,QB,27,2,1,30,53,330,1,2,1,6,6.00,0,0,0,0,,0,1,0,0,,,14,13.8,18.8,15.8,,47,
349,Erik Lorig\LoriEr99,TAM,RB,26,16,7,0,0,0,0,0,0,0,,0,19,12,83,6.92,1,0,0,1,,,14,26.3,26.3,20.3,,114,
350,Mewelde Moore\MoorMe00,IND,RB,30,9,0,0,0,0,0,0,13,20,1.54,0,8,6,77,12.83,1,1,1,1,,,14,19.7,20.7,16.7,,116,
351,Matthew Mulligan\MullMa00,STL,TE,27,16,9,0,0,0,0,0,0,0,,0,12,8,84,10.50,1,0,0,1,,,14,22.4,22.4,18.4,,53,
352,Jordan Norwood\NorwJo00,CLE,WR,26,2,0,0,0,0,0,0,1,1,1.00,0,19,13,137,10.54,0,0,0,0,,,14,26.8,29.8,20.3,,134,
353,Anthony Allen\AlleAn01,BAL,RB,24,16,0,0,0,0,0,0,16,61,3.81,1,4,2,12,6.00,0,0,0,1,,,13,15.3,15.3,14.3,,117,
354,Cole Beasley\BeasCo00,DAL,WR,23,10,0,0,0,0,0,0,0,0,,0,24,15,128,8.53,0,0,0,0,,,13,27.8,30.8,20.3,,137,
355,Kevin Boss\BossKe00,KAN,TE,28,2,2,0,0,0,0,0,0,0,,0,3,3,65,21.67,1,0,0,1,,,13,15.5,15.5,14.0,,57,
356,Stanley Havili\HaviSt00,PHI,RB,25,15,2,0,0,0,0,0,6,22,3.67,1,12,7,43,6.14,0,0,0,1,,,13,19.5,19.5,16.0,,119,
357,Henry Hynoski\HynoHe01,NYG,RB,24,16,11,0,0,0,0,0,5,20,4.00,0,15,11,50,4.55,1,0,0,1,,,13,24.0,24.0,18.5,,118,
358,Jeff King\KingJe00,ARI,TE,29,16,12,0,0,0,0,0,0,0,,0,29,17,129,7.59,0,0,0,0,,,13,29.9,32.9,21.4,,55,
359,Ryan Lindley\LindRy00,ARI,QB,23,6,4,89,171,752,0,7,4,7,1.75,0,0,0,0,,0,3,2,0,,,13,12.8,24.8,19.8,,48,
360,Leonard Pope\PopeLe00,PIT,TE,29,16,2,0,0,0,0,0,0,0,,0,4,3,9,3.00,2,0,0,2,,,13,15.9,15.9,14.4,,56,
361,Lee Smith\SmitLe00,BUF,WR,25,16,7,0,0,0,0,0,0,0,,0,4,4,13,3.25,2,0,0,2,,,13,17.3,17.3,15.3,,135,
362,Steve Smith\SmitSt02,STL,WR,27,9,2,0,0,0,0,0,0,0,,0,25,14,131,9.36,0,0,0,0,,,13,27.1,30.1,20.1,,136,
363,Armanti Edwards\EdwaAr00,CAR,WR,24,16,0,0,1,0,0,0,0,0,,0,9,5,121,24.20,0,0,0,0,,,12,17.1,20.1,14.6,,139,
364,Trindon Holliday\HollTr00,2TM,WR,26,15,0,0,0,0,0,0,0,0,,0,2,2,17,8.50,0,6,1,2,,,12,13.7,14.7,12.7,,141,
365,Greg McElroy\McElGr00,NYJ,QB,24,2,1,19,31,214,1,1,8,30,3.75,0,0,0,0,,0,1,1,0,,,12,11.6,13.6,12.6,,49,
366,John Phillips\PhilJo00,DAL,TE,25,16,9,0,0,0,0,0,0,0,,0,10,8,55,6.88,1,0,0,1,,,12,19.5,19.5,15.5,,59,
367,Kealoha Pilares\PilaKe00,CAR,WR,24,8,0,0,0,0,0,0,1,17,17.00,0,4,2,42,21.00,1,0,0,1,,,12,13.9,13.9,12.9,,140,
368,Donte' Stallworth\StalDo00,NWE,WR,32,1,0,0,0,0,0,0,0,0,,0,2,1,63,63.00,1,0,0,1,,,12,13.3,13.3,12.8,,138,
369,Tim Tebow\TeboTi00,NYJ,TE,25,12,2,6,8,39,0,0,32,102,3.19,0,1,0,0,,0,0,0,0,,,12,11.8,14.8,11.8,,58,
370,Marcus Thigpen\ThigMa00,MIA,RB,26,16,0,0,0,0,0,0,1,8,8.00,0,2,1,15,15.00,0,1,1,2,,,12,13.3,14.3,12.8,,120,
371,Keith Toston\TostKe00,JAX,RB,25,5,1,0,0,0,0,0,17,74,4.35,0,4,3,41,13.67,0,0,0,0,,,12,14.5,14.5,13.0,,122,
372,Lawrence Vickers\VickLa00,DAL,RB,29,16,6,0,0,0,0,0,3,11,3.67,0,15,13,104,8.00,0,0,0,0,,,12,24.5,27.5,18.0,,121,
373,Josh Cooper\CoopJo00,CLE,WR,23,6,0,0,0,0,0,0,0,0,,0,19,8,106,13.25,0,0,0,0,,,11,18.6,21.6,14.6,,143,
374,Lance Dunbar\DunbLa00,DAL,RB,22,12,0,0,0,0,0,0,21,75,3.57,0,12,6,33,5.50,0,1,0,0,,,11,16.8,16.8,13.8,,123,
375,Kevin Elliott\ElliKe02,JAX,WR,24,13,1,0,0,0,0,0,0,0,,0,31,10,108,10.80,0,0,0,0,,,11,20.8,23.8,15.8,,142,
376,Michael Hoomanawanui\HoomMi00,NWE,TE,24,14,6,0,0,0,0,0,0,0,,0,7,5,109,21.80,0,0,0,0,,,11,15.9,18.9,13.4,,60,
377,Plaxico Burress\BurrPl00,PIT,WR,35,4,3,0,0,0,0,0,0,0,,0,7,3,42,14.00,1,0,0,1,,,10,13.2,13.2,11.7,,145,
378,Stephen Burton\BurtSt00,MIN,WR,23,12,1,0,0,0,0,0,0,0,,0,11,5,35,7.00,1,0,0,1,,,10,14.5,14.5,12.0,,147,
379,Orson Charles\CharOr00,CIN,TE,21,16,6,0,0,0,0,0,0,0,,0,10,8,101,12.63,0,0,0,0,,,10,18.1,21.1,14.1,,61,
380,Drew Davis\DaviDr00,ATL,WR,23,16,0,0,0,0,0,0,0,0,,0,5,4,40,10.00,1,0,0,1,,,10,14.0,14.0,12.0,,146,
381,Thaddeus Lewis\LewiTh01,CLE,QB,27,1,1,22,32,204,1,1,1,3,3.00,0,0,0,0,,0,0,0,0,,,10,10.5,11.5,11.5,,50,
382,Bruce Miller\MillBr02,SFO,RB,25,16,13,0,0,0,0,0,5,18,3.60,0,13,12,84,7.00,0,0,0,0,,,10,22.2,22.2,16.2,,125,
383,Kyle Orton\OrtoKy00,DAL,QB,30,1,0,9,10,89,1,0,0,0,,0,0,0,0,,0,0,0,0,,1,10,9.6,9.6,9.6,,51,
384,Bear Pascoe\PascBe00,NYG,TE,26,15,3,0,0,0,0,0,0,0,,0,9,4,35,8.75,1,0,0,1,,,10,13.5,13.5,11.5,,62,
385,Brian Robiskie\RobiBr00,DET,WR,25,6,0,0,0,0,0,0,0,0,,0,6,4,44,11.00,1,0,0,1,,,10,14.4,14.4,12.4,,144,
386,Phillip Tanner\TannPh00,DAL,RB,24,14,0,0,0,0,0,0,25,61,2.44,0,5,4,41,10.25,0,0,0,0,,,10,14.2,14.2,12.2,,124,
387,David Ausberry\AusbDa00,OAK,TE,25,16,0,0,0,0,0,0,0,0,,0,12,7,92,13.14,0,0,0,0,,,9,16.2,16.2,12.7,,64,
388,Dorin Dickerson\DickDo00,BUF,RB,24,11,0,0,0,0,0,0,1,-8,-8.00,0,15,9,117,13.00,0,1,1,0,,,9,17.9,21.9,13.4,,127,
389,Daniel Fells\FellDa00,NWE,WR,29,13,4,0,0,0,0,0,0,0,,0,10,4,85,21.25,0,0,0,0,,,9,12.5,12.5,10.5,,149,
390,James Hanna\HannJa00,DAL,TE,23,16,2,0,0,0,0,0,0,0,,0,11,8,86,10.75,0,0,0,0,,,9,16.6,16.6,12.6,,66,
391,Todd Heap\HeapTo00,ARI,TE,32,2,1,0,0,0,0,0,0,0,,0,13,8,94,11.75,0,0,0,0,,,9,17.4,17.4,13.4,,63,
392,Colt McCoy\McCoCo00,CLE,QB,26,3,0,9,17,79,1,0,4,15,3.75,0,0,0,0,,0,0,0,0,,,9,8.7,8.7,8.7,,53,
393,Matt Moore\MoorMa01,MIA,QB,28,2,0,11,19,131,1,0,5,-3,-0.60,0,3,0,0,,0,0,0,0,,,9,8.9,8.9,8.9,,52,
394,Richard Murphy\MurpRi00,JAX,RB,26,5,0,0,0,0,0,0,23,92,4.00,0,1,0,0,,0,0,0,0,,,9,9.2,9.2,9.2,,126,
395,Matt Spaeth\SpaeMa00,CHI,TE,29,16,8,0,0,0,0,0,0,0,,0,10,6,28,4.67,1,0,0,1,,,9,14.8,14.8,11.8,,65,
396,Matt Willis\WillMa00,DEN,WR,28,15,0,0,0,0,0,0,0,0,,0,22,10,90,9.00,0,0,0,0,,,9,19.0,19.0,14.0,,148,
397,Nate Byham\ByhaNa00,TAM,TE,24,11,2,0,0,0,0,0,0,0,,0,4,3,18,6.00,1,0,0,1,,,8,10.8,10.8,9.3,,69,
398,Terrance Copper\CoppTe00,KAN,WR,30,15,0,0,0,0,0,0,1,1,1.00,0,12,8,79,9.88,0,0,0,0,,,8,16.0,16.0,12.0,,151,
399,Jason Hill\HillJa00,NYJ,WR,27,4,0,0,0,0,0,0,0,0,,0,3,2,15,7.50,1,0,0,1,,,8,9.5,9.5,8.5,,152,
400,Michael Palmer\PalmMi00,ATL,TE,24,13,2,0,0,0,0,0,0,0,,0,6,6,22,3.67,1,0,0,1,,,8,14.2,14.2,11.2,,68,
401,DeVier Posey\PoseDe00,HOU,WR,22,11,0,0,0,0,0,0,1,-3,-3.00,0,14,6,87,14.50,0,0,0,0,,,8,14.4,14.4,11.4,,150,
402,Konrad Reuland\ReulKo00,NYJ,TE,25,16,3,0,0,0,0,0,0,0,,0,16,11,83,7.55,0,0,0,0,,,8,19.3,19.3,13.8,,67,
403,Kahlil Bell\BellKa00,2TM,RB,26,7,0,0,0,0,0,0,29,76,2.62,0,2,2,13,6.50,0,1,1,0,,,7,8.9,9.9,7.9,,131,
404,Steve Breaston\BreaSt00,KAN,WR,29,10,4,0,0,0,0,0,0,0,,0,15,7,74,10.57,0,1,0,0,,,7,14.4,14.4,10.9,,153,
405,Rhett Ellison\ElliRh00,MIN,RB,24,16,7,0,0,0,0,0,0,0,,0,9,7,65,9.29,0,0,0,0,,,7,13.5,13.5,10.0,,132,
406,Jabar Gaffney\GaffJa00,MIA,WR,32,3,0,0,0,0,0,0,0,0,,0,10,4,68,17.00,0,0,0,0,,,7,10.8,10.8,8.8,,156,
407,Richard Gordon\GordRi00,OAK,TE,25,13,1,0,0,0,0,0,0,0,,0,7,2,9,4.50,1,0,0,1,,,7,8.9,8.9,7.9,,70,
408,Brandon Jackson\JackBr00,CLE,RB,27,2,0,0,0,0,0,0,8,54,6.75,0,4,2,20,10.00,0,0,0,0,,,7,9.4,9.4,8.4,,128,
409,Greg Jones\JoneGr01,JAX,RB,31,12,4,0,0,0,0,0,5,8,1.60,0,14,11,64,5.82,0,0,0,0,,,7,18.2,18.2,12.7,,129,
410,Le'Ron McClain\McClLe00,SDG,RB,28,16,9,0,0,0,0,0,14,42,3.00,0,10,8,29,3.63,0,0,0,0,,,7,15.1,15.1,11.1,,130,
411,Jamar Newsome\NewsJa00,KAN,WR,25,6,2,0,0,0,0,0,0,0,,0,16,5,73,14.60,0,0,0,0,,,7,12.3,12.3,9.8,,154,
412,Ben Obomanu\ObomBe00,SEA,WR,29,8,0,0,0,0,0,0,1,11,11.00,0,9,4,58,14.50,0,0,0,0,,,7,10.9,10.9,8.9,,155,
413,David Reed\ReedDa00,BAL,WR,25,5,0,0,0,0,0,0,0,0,,0,6,5,66,13.20,0,0,0,0,,,7,11.6,11.6,9.1,,157,
414,Cyrus Gray\GrayCy00,KAN,RB,23,10,0,0,0,0,0,0,7,44,6.29,0,3,2,18,9.00,0,0,0,0,,,6,8.2,8.2,7.2,,133,
415,Ladarius Green\GreeLa00,SDG,WR,22,4,1,0,0,0,0,0,0,0,,0,4,4,56,14.00,0,0,0,0,,,6,9.6,9.6,7.6,,160,
416,Virgil Green\GreeVi00,DEN,TE,24,12,2,0,0,0,0,0,0,0,,0,6,5,63,12.60,0,0,0,0,,,6,11.3,11.3,8.8,,71,
417,Lavelle Hawkins\HawkLa00,TEN,WR,26,7,1,0,0,0,0,0,0,0,,0,11,5,62,12.40,0,0,0,0,,,6,11.2,11.2,8.7,,158,
418,Lex Hilliard\HillLe00,2TM,RB,28,14,9,0,0,0,0,0,9,33,3.67,0,9,4,23,5.75,0,0,0,0,,,6,9.6,9.6,7.6,,135,
419,Chris Pressley\PresCh00,CIN,RB,26,14,7,0,0,0,0,0,0,0,,0,3,1,1,1.00,1,0,0,1,,,6,7.1,7.1,6.6,,134,
420,Michael Preston\PresMi00,TEN,WR,23,4,0,0,0,0,0,0,0,0,,0,6,5,59,11.80,0,0,0,0,,,6,10.9,10.9,8.4,,159,
421,D.J. Williams\WillD.00,GNB,TE,24,13,2,0,0,0,0,0,0,0,,0,15,7,57,8.14,0,0,0,0,,,6,12.7,12.7,9.2,,72,
422,Seyi Ajirotutu\AjirSe00,SDG,WR,25,3,1,0,0,0,0,0,0,0,,0,4,3,45,15.00,0,0,0,0,,,5,7.5,7.5,6.0,,164,
423,Brandon Banks\BankBr00,WAS,WR,25,12,0,0,0,0,0,0,7,36,5.14,0,8,8,15,1.88,0,4,0,0,,,5,13.1,13.1,9.1,,163,
424,Garrett Celek\CeleGa00,SFO,TE,24,13,0,0,0,0,0,0,0,0,,0,7,4,51,12.75,0,0,0,0,,,5,9.1,9.1,7.1,,76,
425,Josh Cribbs*\CribJo01,CLE,WR,29,16,2,0,0,0,0,0,6,42,7.00,0,11,7,63,9.00,0,6,3,0,,,5,11.5,14.5,8.0,,165,
426,Roy Helu\HeluRo00,WAS,RB,24,3,0,0,0,0,0,0,2,2,1.00,0,7,7,45,6.43,0,0,0,0,,,5,11.7,11.7,8.2,,137,
427,Quinn Johnson\JohnQu00,TEN,RB,26,16,8,0,0,0,0,0,4,5,1.25,0,8,5,40,8.00,0,0,0,0,,,5,9.5,9.5,7.0,,138,
428,Steve Maneri\ManeSt00,KAN,TE,24,13,8,0,0,0,0,0,0,0,,0,12,5,51,10.20,0,0,0,0,,,5,10.1,10.1,7.6,,74,
429,Randy McMichael\McMiRa01,SDG,TE,33,16,10,0,0,0,0,0,0,0,,0,13,9,51,5.67,0,1,0,0,,,5,14.1,14.1,9.6,,75,
430,David Paulson\PaulDa01,PIT,TE,23,16,5,0,0,0,0,0,0,0,,0,11,7,51,7.29,0,1,0,0,,,5,12.1,12.1,8.6,,73,
431,Isaiah Pead\PeadIs00,STL,RB,23,15,1,0,0,0,0,0,10,54,5.40,0,4,3,16,5.33,0,2,1,0,,,5,8.0,9.0,6.5,,136,
432,Alex Smith\SmitAl02,CLE,TE,30,12,2,0,0,0,0,0,0,0,,0,18,13,47,3.62,0,0,0,0,,,5,17.7,17.7,11.2,,77,
433,Taylor Thompson\ThomTa00,TEN,TE,23,16,4,0,0,0,0,0,0,0,,0,14,6,46,7.67,0,0,0,0,,,5,10.6,10.6,7.6,,78,
434,Ryan Whalen\WhalRy00,CIN,WR,23,9,0,0,0,0,0,0,0,0,,0,12,7,53,7.57,0,0,0,0,,,5,12.3,12.3,8.8,,162,
435,Devon Wylie\WyliDe00,KAN,WR,24,6,1,0,0,0,0,0,0,0,,0,12,6,53,8.83,0,0,0,0,,,5,11.3,11.3,8.3,,161,
436,Kyle Adams\AdamKy00,CHI,TE,24,15,2,0,0,0,0,0,0,0,,0,8,4,40,10.00,0,0,0,0,,,4,8.0,8.0,6.0,,80,
437,Arrelious Benn\BennAr00,TAM,WR,24,8,1,0,0,0,0,0,3,16,5.33,0,6,4,26,6.50,0,1,0,0,,,4,8.2,8.2,6.2,,167,
438,Greg Camarillo\CamaGr00,NOR,WR,30,5,0,0,0,0,0,0,0,0,,0,5,4,44,11.00,0,0,0,0,,,4,8.4,8.4,6.4,,166,
439,John Carlson\CarlJo00,MIN,TE,28,14,6,0,0,0,0,0,0,0,,0,14,8,43,5.38,0,0,0,0,,,4,12.3,12.3,8.3,,79,
440,Toney Clemons\ClemTo00,JAX,WR,24,4,0,0,0,0,0,0,0,0,,0,11,3,41,13.67,0,0,0,0,,,4,7.1,7.1,5.6,,170,
441,Nate Eachus\EachNa00,KAN,RB,22,11,2,0,0,0,0,0,5,18,3.60,0,3,1,19,19.00,0,0,0,0,,,4,4.7,4.7,4.2,,140,
442,Jerome Felton*\FeltJe00,MIN,RB,26,16,7,0,0,0,0,0,0,0,,0,4,3,35,11.67,0,0,0,0,,,4,6.5,6.5,5.0,,142,
443,Charly Martin\MartCh00,SEA,WR,28,4,1,0,0,0,0,0,0,0,,0,6,4,42,10.50,0,0,0,0,,,4,8.2,8.2,6.2,,168,
444,Ruvell Martin\MartRu00,BUF,WR,30,14,0,0,0,0,0,0,0,0,,0,6,4,41,10.25,0,0,0,0,,,4,8.1,8.1,6.1,,169,
445,Bernard Scott\ScotBe00,CIN,RB,28,2,0,0,0,0,0,0,8,35,4.38,0,0,0,0,,0,0,0,0,,,4,3.5,3.5,3.5,,141,
446,Anthony Sherman\SherAn00,ARI,RB,24,13,4,0,0,0,0,0,0,0,,0,8,5,39,7.80,0,0,0,0,,,4,8.9,8.9,6.4,,139,
447,Kris Adams\AdamKr00,IND,WR,25,3,0,0,0,0,0,0,0,0,,0,8,2,26,13.00,0,0,0,0,,,3,4.6,4.6,3.6,,177,
448,Jarrett Boykin\BoykJa00,GNB,WR,23,10,0,0,0,0,0,0,0,0,,0,6,5,27,5.40,0,0,0,0,,,3,7.7,7.7,5.2,,176,
449,Travaris Cadet\CadeTr00,NOR,RB,23,13,0,0,0,0,0,0,1,5,5.00,0,8,5,44,8.80,0,1,1,0,,,3,7.9,8.9,5.4,,145,
450,Andre Caldwell\CaldAn00,DEN,WR,27,8,0,0,0,0,0,0,1,14,14.00,0,4,1,18,18.00,0,0,0,0,,,3,4.2,4.2,3.7,,171,
451,Ben Hartsock\HartBe00,CAR,TE,32,15,5,0,0,0,0,0,0,0,,0,3,2,30,15.00,0,0,0,0,,,3,5.0,5.0,4.0,,83,
452,Jerrel Jernigan\JernJe00,NYG,WR,23,9,0,0,0,0,0,0,1,6,6.00,0,5,3,22,7.33,0,1,0,0,,,3,5.8,5.8,4.3,,174,
453,Taiwan Jones\JoneTa00,OAK,RB,24,14,0,0,0,0,0,0,6,21,3.50,0,2,2,11,5.50,0,1,0,0,,,3,5.2,5.2,4.2,,144,
454,Jermaine Kearse\KearJe01,SEA,WR,22,7,1,0,0,0,0,0,0,0,,0,7,3,31,10.33,0,0,0,0,,,3,6.1,6.1,4.6,,172,
455,Matt Leinart\LeinMa00,OAK,QB,29,2,0,16,33,115,0,1,0,0,,0,0,0,0,,0,0,0,0,,,3,2.6,3.6,3.6,,55,
456,Mike McNeill\McNeMi00,STL,TE,24,14,1,0,0,0,0,0,0,0,,0,7,4,31,7.75,0,0,0,0,,,3,7.1,7.1,5.1,,81,
457,David Nelson\NelsDa01,BUF,TE,26,1,1,0,0,0,0,0,0,0,,0,5,2,31,15.50,0,0,0,0,,,3,5.1,5.1,4.1,,82,
458,Javon Ringer\RingJa00,TEN,RB,25,2,0,0,0,0,0,0,2,14,7.00,0,5,3,12,4.00,0,0,0,0,,,3,5.6,5.6,4.1,,146,
459,Deonte Thompson\ThomDe04,BAL,WR,23,6,0,0,0,0,0,0,0,0,,0,6,5,51,10.20,0,1,1,0,,,3,8.1,9.1,5.6,,173,
460,Eric Weems\WeemEr00,CHI,WR,27,16,1,0,0,0,0,0,0,0,,0,4,2,27,13.50,0,1,0,0,,,3,4.7,4.7,3.7,,175,
461,Johnny White\WhitJo01,2TM,RB,24,7,0,0,0,0,0,0,8,34,4.25,0,0,0,0,,0,0,0,0,,,3,3.4,3.4,3.4,,143,
462,T.J. Yates\YateT.00,HOU,QB,25,4,0,4,10,38,0,1,2,-1,-0.50,1,0,0,0,,0,2,1,1,,,3,3.4,5.4,4.4,,54,
463,Derek Anderson\AndeDe00,CAR,QB,29,2,0,4,4,58,0,0,0,0,,0,0,0,0,,0,0,0,0,,,2,2.3,2.3,2.3,,57,
464,Dezmon Briscoe\BrisDe00,WAS,WR,23,7,0,0,0,0,0,0,1,1,1.00,0,5,2,22,11.00,0,0,0,0,,,2,4.3,4.3,3.3,,179,
465,Chase Daniel\DaniCh00,NOR,QB,26,16,0,1,1,10,0,0,3,17,5.67,0,0,0,0,,0,0,0,0,,,2,2.1,2.1,2.1,,59,
466,Jim Dray\DrayJi00,ARI,TE,26,13,0,0,0,0,0,0,0,0,,0,2,2,15,7.50,0,0,0,0,,,2,3.5,3.5,2.5,,87,
467,Matt Flynn\FlynMa00,SEA,QB,27,3,0,5,9,68,0,0,4,-5,-1.25,0,0,0,0,,0,0,0,0,,,2,2.2,2.2,2.2,,58,
468,Mardy Gilyard\GilyMa00,2TM,WR,26,8,0,0,0,0,0,0,0,0,,0,6,2,15,7.50,0,0,0,0,,,2,3.5,3.5,2.5,,180,
469,Bruce Gradkowski\GradBr00,CIN,QB,29,2,0,5,11,65,0,0,4,-2,-0.50,0,0,0,0,,0,1,0,0,,,2,2.4,2.4,2.4,,56,
470,Cory Harkey\HarkCo00,STL,RB,22,5,0,0,0,0,0,0,0,0,,0,2,1,21,21.00,0,0,0,0,,,2,3.1,3.1,2.6,,148,
471,Kregg Lumpkin\LumpKr00,NYG,RB,28,5,0,0,0,0,0,0,9,42,4.67,0,2,0,0,,0,1,1,0,,,2,2.2,3.2,2.2,,147,
472,Collin Mooney\MoonCo00,TEN,RB,26,2,0,0,0,0,0,0,5,19,3.80,0,0,0,0,,0,0,0,0,,,2,1.9,1.9,1.9,,150,
473,Jake O'Connell\OConJa00,KAN,TE,27,8,0,0,0,0,0,0,0,0,,0,3,3,18,6.00,0,0,0,0,,,2,4.8,4.8,3.3,,85,
474,Dan Orlovsky\OrloDa00,TAM,QB,29,1,0,4,7,51,0,0,0,0,,0,0,0,0,,0,0,0,0,,,2,2.0,2.0,2.0,,60,
475,Chris Owusu\OwusCh00,TAM,WR,22,5,0,0,0,0,0,0,0,0,,0,4,1,24,24.00,0,0,0,0,,,2,3.4,3.4,2.9,,178,
476,Evan Rodriguez\RodrEv00,CHI,TE,24,12,5,0,0,0,0,0,0,0,,0,8,4,21,5.25,0,0,0,0,,,2,6.1,6.1,4.1,,84,
477,Weslye Saunders\SaunWe00,IND,TE,23,11,4,0,0,0,0,0,0,0,,0,4,2,15,7.50,0,0,0,0,,,2,3.5,3.5,2.5,,88,
478,Alfonso Smith\SmitAl22,ARI,RB,25,11,0,0,0,0,0,0,0,0,,0,3,2,21,10.50,0,0,0,0,,,2,4.1,4.1,3.1,,149,
479,Hayden Smith\SmitHa01,NYJ,TE,27,5,0,0,0,0,0,0,0,0,,0,1,1,16,16.00,0,0,0,0,,,2,2.6,2.6,2.1,,86,
480,Anthony Armstrong\ArmsAn00,2TM,WR,29,6,0,0,0,0,0,0,0,0,,0,9,3,12,4.00,0,0,0,0,,,1,4.2,4.2,2.7,,183,
481,Matt Asiata\AsiaMa00,MIN,RB,25,16,0,0,0,0,0,0,3,9,3.00,0,1,1,2,2.00,0,0,0,0,,,1,2.1,2.1,1.6,,154,
482,LaRon Byrd\ByrdLa00,ARI,WR,23,4,0,0,0,0,0,0,0,0,,0,2,1,8,8.00,0,0,0,0,,,1,1.8,1.8,1.3,,186,
483,Shaun Chapas\ChapSh00,DET,RB,24,3,1,0,0,0,0,0,0,0,,0,2,1,6,6.00,0,0,0,0,,,1,1.6,1.6,1.1,,163,
484,Chase Coffman\CoffCh00,ATL,TE,26,5,0,0,0,0,0,0,0,0,,0,1,1,12,12.00,0,0,0,0,,,1,2.2,2.2,1.7,,90,
485,Austin Collie\CollAu00,IND,WR,27,1,0,0,0,0,0,0,0,0,,0,1,1,6,6.00,0,0,0,0,,,1,1.6,1.6,1.1,,191,
486,Chris Cooley\CoolCh00,WAS,TE,30,9,2,0,0,0,0,0,0,0,,0,3,1,8,8.00,0,0,0,0,,,1,1.8,1.8,1.3,,93,
487,Trent Edwards\EdwaTr01,PHI,QB,29,1,0,2,2,14,0,0,0,0,,0,1,0,0,,0,0,0,0,,,1,0.6,0.6,0.6,,63,
488,Tommy Gallarda\GallTo00,ATL,TE,24,9,0,0,0,0,0,0,0,0,,0,4,1,7,7.00,0,0,0,0,,,1,1.7,1.7,1.2,,94,
489,David Gilreath\GilrDa00,PIT,WR,24,3,0,0,0,0,0,0,1,7,7.00,0,2,0,0,,0,0,0,0,,,1,0.7,0.7,0.7,,189,
490,Jonathan Grimes\GrimJo01,3TM,RB,23,11,2,0,0,0,0,0,2,6,3.00,0,2,2,7,3.50,0,0,0,0,,,1,3.3,3.3,2.3,,151,
491,Chris Gronkowski\GronCh00,DEN,RB,26,14,0,0,0,0,0,0,0,0,,0,1,1,11,11.00,0,0,0,0,,,1,2.1,2.1,1.6,,153,
492,Dan Herron\HerrDa00,CIN,RB,23,3,0,0,0,0,0,0,4,5,1.25,0,1,0,0,,0,0,0,0,,,1,0.5,0.5,0.5,,164,
493,Andre Holmes\HolmAn00,DAL,WR,24,7,0,0,0,0,0,0,0,0,,0,2,2,11,5.50,0,0,0,0,,,1,3.1,3.1,2.1,,184,
494,Robert Hughes\HughRo00,IND,RB,23,5,1,0,0,0,0,0,1,5,5.00,0,1,1,3,3.00,0,0,0,0,,,1,1.8,1.8,1.3,,160,
495,Brandon Jacobs\JacoBr00,SFO,RB,30,2,0,0,0,0,0,0,5,7,1.40,0,0,0,0,,0,0,0,0,,,1,0.7,0.7,0.7,,162,
496,Dominique Jones\JoneDo01,IND,RB,25,4,1,0,0,0,0,0,0,0,,0,1,1,8,8.00,0,0,0,0,,,1,1.8,1.8,1.3,,159,
497,Stefan Logan\LogaSt00,DET,RB,31,16,0,0,0,0,0,0,3,17,5.67,0,7,6,28,4.67,0,6,2,0,,,1,6.5,8.5,3.5,,166,
498,Reagan Maui'a\MauiRe00,ARI,RB,28,3,1,0,0,0,0,0,0,0,,0,1,1,7,7.00,0,0,0,0,,,1,1.7,1.7,1.2,,161,
499,Corey McIntyre\McInCo00,BUF,RB,33,16,3,0,0,0,0,0,0,0,,0,2,1,9,9.00,0,0,0,0,,,1,1.9,1.9,1.4,,155,
500,Evan Moore\MoorEv00,2TM,TE,27,15,1,0,0,0,0,0,0,0,,0,8,1,6,6.00,0,0,0,0,,,1,1.6,1.6,1.1,,96,
501,Preston Parker\ParkPr00,TAM,WR,25,2,0,0,0,0,0,0,1,7,7.00,0,2,0,0,,0,0,0,0,,,1,0.7,0.7,0.7,,188,
502,Lousaka Polite\PoliLo00,ATL,RB,31,6,5,0,0,0,0,0,0,0,,0,7,1,8,8.00,0,0,0,0,,,1,1.8,1.8,1.3,,157,
503,Zach Potter\PottZa99,JAX,TE,26,16,5,0,0,0,0,0,0,0,,0,7,2,6,3.00,0,0,0,0,,,1,2.6,2.6,1.6,,95,
504,Allen Reisner\ReisAl00,2TM,TE,24,6,2,0,0,0,0,0,0,0,,0,2,1,13,13.00,0,0,0,0,,,1,2.3,2.3,1.8,,89,
505,Courtney Roby\RobyCo00,NOR,WR,29,13,0,0,0,0,0,0,0,0,,0,2,1,9,9.00,0,0,0,0,,,1,1.9,1.9,1.4,,185,
506,Dane Sanzenbacher\SanzDa00,2TM,WR,24,7,2,0,0,0,0,0,0,0,,0,3,1,7,7.00,0,0,0,0,,,1,1.7,1.7,1.2,,187,
507,Da'Rel Scott\ScotDa01,NYG,RB,24,4,0,0,0,0,0,0,6,9,1.50,0,0,0,0,,0,0,0,0,,,1,0.9,0.9,0.9,,156,
508,Rusty Smith\SmitRu01,TEN,QB,25,1,0,3,5,34,0,0,0,0,,0,0,0,0,,0,0,0,0,,,1,1.4,1.4,1.4,,61,
509,Isaiah Stanback\StanIs00,JAX,WR,28,6,0,0,0,0,0,0,0,0,,0,1,1,6,6.00,0,0,0,0,,,1,1.6,1.6,1.1,,190,
510,Sammie Stroughter\StroSa00,TAM,WR,26,2,0,0,0,0,0,0,0,0,,0,2,1,14,14.00,0,0,0,0,,,1,2.4,2.4,1.9,,181,
511,Will Ta'ufo'ou\TaufWi00,JAX,RB,26,6,1,0,0,0,0,0,0,0,,0,1,1,5,5.00,0,0,0,0,,,1,1.5,1.5,1.0,,165,
512,Ryan Taylor\TaylRy00,GNB,TE,25,16,1,0,0,0,0,0,0,0,,0,1,1,11,11.00,0,0,0,0,,,1,2.1,2.1,1.6,,92,
513,Tyler Thigpen\ThigTy00,BUF,QB,28,4,0,3,5,30,0,0,1,-1,-1.00,0,0,0,0,,0,0,0,0,,,1,1.1,1.1,1.1,,62,
514,Jordan Todman\TodmJo00,JAX,RB,22,1,0,0,0,0,0,0,3,8,2.67,0,1,1,0,0.00,0,0,0,0,,,1,1.8,1.8,1.3,,158,
515,Jordan White\WhitJo02,NYJ,WR,24,3,0,0,0,0,0,0,0,0,,0,3,1,13,13.00,0,0,0,0,,,1,2.3,2.3,1.8,,182,
516,Keiland Williams\WillKe03,2TM,RB,26,14,0,0,0,0,0,0,2,3,1.50,0,2,2,9,4.50,0,0,0,0,,,1,3.2,3.2,2.2,,152,
517,Kellen Winslow\WinsKe01,NWE,TE,29,1,0,0,0,0,0,0,0,0,,0,2,1,12,12.00,0,0,0,0,,,1,2.2,2.2,1.7,,91,
518,Kamar Aiken\AikeKa00,NWE,,23,1,0,0,0,0,0,0,0,0,,0,,0,0,,0,0,,0,,,,,,,,247,
519,Alvester Alexander\AlexAl00,2TM,,22,,,0,0,0,0,0,0,0,,0,,0,0,,0,0,,0,,,,,,,,194,
520,Joe Anderson\AndeJo00,CHI,,24,3,0,0,0,0,0,0,0,0,,0,0,0,0,,0,0,0,0,,,,,,,,228,
521,Adrian Arrington\ArriAd00,NOR,,27,,,0,0,0,0,0,0,0,,0,,0,0,,0,0,,0,,,,,,,,216,
522,Billy Bajema\BajeBi00,BAL,,30,8,1,0,0,0,0,0,0,0,,0,1,0,0,,0,0,0,0,,,,,,,,104,
523,Edwin Baker\BakeEd01,SDG,,21,,,0,0,0,0,0,0,0,,0,,0,0,,0,0,,0,,,,,,,,181,
524,Jake Ballard\BallJa21,NWE,,25,,,0,0,0,0,0,0,0,,0,,0,0,,0,0,,0,,,,,,,,114,
525,Joe Banyard\BanyJo00,MIN,,24,,,0,0,0,0,0,0,0,,0,,0,0,,0,0,,0,,,,,,,,179,
526,Brandon Barden\BardBr00,TEN,,23,3,0,0,0,0,0,0,0,0,,0,0,0,0,,0,0,,0,,,,,,,,99,
527,Phil Bates\BatePh00,SEA,,23,,,0,0,0,0,0,0,0,,0,,0,0,,0,0,,0,,,,,,,,201,
528,Travis Beckum\BeckTr00,NYG,,25,4,0,0,0,0,0,0,0,0,,0,1,0,0,,0,0,0,0,,,,,,,,132,
529,Josh Bellamy\BellJo02,KAN,,23,3,0,0,0,0,0,0,0,0,,0,0,0,0,,0,0,0,0,,,,,,,,198,
530,Tim Benford\BenfTi00,DAL,,23,,,0,0,0,0,0,0,0,,0,,0,0,,0,0,,0,,,,,,,,231,
531,Jahvid Best\BestJa00,DET,,23,,,0,0,0,0,0,0,0,,0,,0,0,,0,0,,0,,,,,,,,186,
532,Matt Blanchard\BlanMa00,CHI,,23,,,0,0,0,0,0,0,0,,0,,0,0,,0,0,,0,,,,,,,,81,
533,Brandon Bostick\BostBr00,GNB,,23,,,0,0,0,0,0,0,0,,0,,0,0,,0,0,,0,,,,,,,,103,
534,Allen Bradford\BradAl00,SEA,,24,1,0,0,0,0,0,0,0,0,,0,0,0,0,,0,0,,0,,,,,,,,176,
535,Richie Brockel\BrocRi00,CAR,,26,16,0,0,0,0,0,0,0,0,,0,1,0,0,,0,0,0,0,,,,,,,,1,
536,LaMark Brown\BrowLa02,MIN,,23,,,0,0,0,0,0,0,0,,0,,0,0,,0,0,,0,,,,,,,,120,
537,Mike Brown\BrowMi00,JAX,,23,2,1,0,0,0,0,0,0,0,,0,1,0,0,,0,0,0,0,,,,,,,,203,
538,Vincent Brown\BrowVi00,SDG,,23,,,0,0,0,0,0,0,0,,0,,0,0,,0,0,,0,,,,,,,,232,
539,Lamont Bryant\BryaLa00,CAR,,24,,,0,0,0,0,0,0,0,,0,,0,0,,0,0,,0,,,,,,,,249,
540,Troy Burrell\BurrTr00,DET,,23,,,0,0,0,0,0,0,0,,0,,0,0,,0,0,,0,,,,,,,,223,
541,Deon Butler\ButlDe00,SEA,,26,1,0,0,0,0,0,0,0,0,,0,,0,0,,0,0,,0,,,,,,,,205,
542,Jake Byrne\ByrnJa00,HOU,,22,,,0,0,0,0,0,0,0,,0,,0,0,,0,0,,0,,,,,,,,130,
543,Duke Calhoun\CalhDu00,OAK,,25,,,0,0,0,0,0,0,0,,0,,0,0,,0,0,,0,,,,,,,,210,
544,David Carr\CarrDa00,NYG,QB,33,2,0,2,3,19,0,0,3,-3,-1.00,0,0,0,0,,0,1,0,0,,,,0.5,0.5,0.5,,64,
545,Derek Carrier\CarrDe00,PHI,,22,,,0,0,0,0,0,0,0,,0,,0,0,,0,0,,0,,,,,,,,241,
546,Greg Childs\ChilGr00,MIN,,22,,,0,0,0,0,0,0,0,,0,,0,0,,0,0,,0,,,,,,,,237,
547,Jimmy Clausen\ClauJi00,CAR,,25,,,0,0,0,0,0,0,0,,0,,0,0,,0,0,,0,,,,,,,,82,
548,Kellen Clemens\ClemKe00,STL,QB,29,2,0,1,3,39,0,1,2,5,2.50,0,0,0,0,,0,1,0,0,,,,0.1,1.1,1.1,,65,
549,Colin Cloherty\ClohCo00,JAX,,25,1,0,,,,,,,,,,,,,,,,,0,,,,,,,,140,
550,Danny Coale\CoalDa00,DAL,,24,,,0,0,0,0,0,0,0,,0,,0,0,,0,0,,0,,,,,,,,226,
551,B.J. Coleman\ColeB.00,GNB,,24,,,0,0,0,0,0,0,0,,0,,0,0,,0,0,,0,,,,,,,,75,
552,Derrick Coleman\ColeDe00,SEA,,22,,,0,0,0,0,0,0,0,,0,,0,0,,0,0,,0,,,,,,,,192,
553,Kevin Cone\ConeKe00,ATL,,24,12,0,0,0,0,0,0,0,0,,0,1,0,0,,0,0,0,0,,,,,,,,192,
554,John Conner\ConnJo00,2TM,,25,5,2,0,0,0,0,0,0,0,,0,2,0,0,,0,0,0,0,,,,,,,,171,
555,Mike Cox\Cox_Mi20,ATL,RB,27,8,7,0,0,0,0,,0,0,,0,3,3,22,7.33,0,,,0,,,,,,,,197,
556,B.J. Cunningham\CunnB.00,PHI,,23,,,0,0,0,0,0,0,0,,0,,0,0,,0,0,,0,,,,,,,,234,
557,Dominique Curry\CurrDo00,DET,,25,,,0,0,0,0,0,0,0,,0,,0,0,,0,0,,0,,,,,,,,218,
558,Austin Davis\DaviAu00,STL,,23,,,0,0,0,0,0,0,0,,0,,0,0,,0,0,,0,,,,,,,,74,
559,Bryce Davis\DaviBr01,CIN,,23,,,0,0,0,0,0,0,0,,0,,0,0,,0,0,,0,,,,,,,,98,
560,Dominique Davis\DaviDo02,ATL,,23,1,0,0,0,0,0,0,0,0,,0,0,0,0,,0,0,0,0,,,,,,,,80,
561,Jeff Demps\DempJe00,NWE,,22,,,0,0,0,0,0,0,0,,0,,0,0,,0,0,,0,,,,,,,,183,
562,Dennis Dixon\DixoDe00,BAL,,27,,,0,0,0,0,0,0,0,,0,,0,0,,0,0,,0,,,,,,,,76,
563,Larry Donnell\DonnLa00,NYG,,24,,,0,0,0,0,0,0,0,,0,,0,0,,0,0,,0,,,,,,,,108,
564,David Douglas\DougDa01,TAM,,23,1,0,0,0,0,0,0,0,0,,0,,0,0,,0,0,,0,,,,,,,,204,
565,Drake Dunsmore\DunsDr00,TAM,,24,,,0,0,0,0,0,0,0,,0,,0,0,,0,0,,0,,,,,,,,133,
566,Jeremy Ebert\EberJe00,NWE,,23,,,0,0,0,0,0,0,0,,0,,0,0,,0,0,,0,,,,,,,,240,
567,Michael Egnew\EgneMi00,MIA,,23,2,0,0,0,0,0,0,0,0,,0,,0,0,,0,0,,0,,,,,,,,110,
568,Darren Evans\EvanDa00,TEN,,24,1,0,0,0,0,0,0,0,0,,0,,0,0,,0,0,,0,,,,,,,,172,
569,Bradie Ewing\EwinBr00,ATL,,23,,,0,0,0,0,0,0,0,,0,,0,0,,0,0,,0,,,,,,,,3,
570,Tony Fiammetta\FiamTo00,NWE,,26,,,0,0,0,0,0,0,0,,0,,0,0,,0,0,,0,,,,,,,,170,
571,Chase Ford\FordCh00,2TM,,22,,,0,0,0,0,0,0,0,,0,,0,0,,0,0,,0,,,,,,,,109,
572,Jeff Fuller\FullJe00,MIA,,22,,,0,0,0,0,0,0,0,,0,,0,0,,0,0,,0,,,,,,,,236,
573,Terrance Ganaway\GanaTe00,STL,,24,3,0,0,0,0,0,0,0,0,,0,,0,0,,0,0,,0,,,,,,,,189,
574,David Gettis\GettDa00,CAR,,25,2,0,0,0,0,0,0,0,0,,0,,0,0,,0,0,,0,,,,,,,,196,
575,Chris Givens\GiveCh01,NOR,,23,,,0,0,0,0,0,0,0,,0,,0,0,,0,0,,0,,,,,,,,239,
576,Brittan Golden\GoldBr00,JAX,,24,,,0,0,0,0,0,0,0,,0,,0,0,,0,0,,0,,,,,,,,211,
577,Richard Goodman\GoodRi00,SDG,,25,7,0,0,0,0,0,0,0,0,,0,2,0,0,,0,0,0,0,,,,,,,,244,
578,Daniel Graham\GrahDa00,NOR,,34,6,0,,,,,,,,,,0,,,,,,,0,,,,,,,,138,
579,Jonas Gray\GrayJo00,MIA,,22,,,0,0,0,0,0,0,0,,0,,0,0,,0,0,,0,,,,,,,,182,
580,Jared Green\GreeJa02,CAR,,23,,,0,0,0,0,0,0,0,,0,,0,0,,0,0,,0,,,,,,,,233,
581,Rex Grossman\GrosRe00,WAS,,32,,,0,0,0,0,0,0,0,,0,,0,0,,0,0,,0,,,,,,,,69,
582,Saalim Hakim\HakiSa00,NOR,,22,,,0,0,0,0,0,0,0,,0,,0,0,,0,0,,0,,,,,,,,220,
583,Chad Hall\HallCh00,SFO,,26,1,0,0,0,0,0,0,0,0,,0,,0,0,,0,0,,0,,,,,,,,217,
584,Jewel Hampton\HampJe00,SFO,,23,,,0,0,0,0,0,0,0,,0,,0,0,,0,0,,0,,,,,,,,196,
585,Caleb Hanie\HaniCa00,DEN,,27,,,0,0,0,0,0,0,0,,0,,0,0,,0,0,,0,,,,,,,,78,
586,Darius Hanks\HankDa00,WAS,,23,,,0,0,0,0,0,0,0,,0,,0,0,,0,0,,0,,,,,,,,250,
587,Chandler Harnish\HarnCh00,IND,,24,,,0,0,0,0,0,0,0,,0,,0,0,,0,0,,0,,,,,,,,79,
588,Clark Harris\HarrCl20,CIN,,28,16,0,0,0,0,0,0,0,0,,0,,0,0,,0,0,0,0,,,,,,,,134,
589,Jerome Harrison\HarrJe00,DET,,29,,,0,0,0,0,0,0,0,,0,,0,0,,0,0,,0,,,,,,,,168,
590,Cooper Helfet\HelfCo00,SEA,,23,,,0,0,0,0,0,0,0,,0,,0,0,,0,0,,0,,,,,,,,128,
591,Junior Hemingway\HemiJu00,KAN,,24,1,0,0,0,0,0,0,0,0,,0,,0,0,,0,0,,0,,,,,,,,214,
592,Brad Herman\HermBr00,NWE,,23,,,0,0,0,0,0,0,0,,0,,0,0,,0,0,,0,,,,,,,,127,
593,Michael Higgins\HiggMi00,NOR,TE,25,2,1,0,0,0,0,0,0,0,,0,1,1,-3,-3.00,0,0,0,0,,,,0.7,0.7,0.2,,135,
594,Emil Igwenagu\IgweEm00,PHI,,23,3,1,0,0,0,0,0,0,0,,0,0,0,0,,0,0,0,0,,,,,,,,5,
595,Jerrell Jackson\JackJe00,JAX,,22,1,0,0,0,0,0,0,0,0,,0,,0,0,,0,0,0,0,,,,,,,,197,
596,Marcus Jackson\JackMa03,ATL,,23,,,0,0,0,0,0,0,0,,0,,0,0,,0,0,,0,,,,,,,,207,
597,Javarris James\JameJa00,ARI,,25,,,0,0,0,0,0,0,0,,0,,0,0,,0,0,,0,,,,,,,,175,
598,A.J. Jenkins\JenkA.00,SFO,,23,3,0,0,0,0,0,0,0,0,,0,1,0,0,,0,0,0,0,,,,,,,,200,
599,Brian Jennings\JennBr00,SFO,,36,16,0,0,0,0,0,0,0,0,,0,,0,0,,0,0,0,0,,,,,,,,131,
600,Jeremiah Johnson\JohnJe01,DEN,,25,,,0,0,0,0,0,0,0,,0,,0,0,,0,0,,0,,,,,,,,184,
601,Case Keenum\KeenCa00,HOU,,24,,,0,0,0,0,0,0,0,,0,,0,0,,0,0,,0,,,,,,,,66,
602,Mike Leach\LeacMi00,ARI,,36,16,0,0,0,0,0,0,0,0,,0,,0,0,,0,0,0,0,,,,,,,,100,
603,Ricardo Lockette\LockRi00,SFO,,26,,,0,0,0,0,0,0,0,,0,,0,0,,0,0,,0,,,,,,,,243,
604,Lance Long\LongLa00,DET,,27,,,0,0,0,0,0,0,0,,0,,0,0,,0,0,,0,,,,,,,,235,
605,Jeff Maehl\MaehJe00,HOU,,23,,,0,0,0,0,0,0,0,,0,,0,0,,0,0,,0,,,,,,,,213,
606,Owen Marecic\MareOw00,CLE,,24,10,2,0,0,0,0,0,0,0,,0,5,0,0,,0,0,0,0,,,,,,,,2,
607,Jeron Mastrud\MastJe20,MIA,,25,14,1,0,0,0,0,0,0,0,,0,,0,0,,0,0,,0,,,,,,,,112,
608,Josh McCown\McCoJo01,CHI,,33,,,0,0,0,0,0,0,0,,0,,0,0,,0,0,,0,,,,,,,,67,
609,Luke McCown\McCoLu00,ATL,QB,31,2,0,0,0,0,0,0,2,-3,-1.50,0,0,0,0,,0,0,0,0,,,,-0.3,-0.3,-0.3,,84,
610,Sean McGrath\McGrSe00,SEA,,25,2,0,0,0,0,0,0,0,0,,0,,0,0,,0,0,,0,,,,,,,,116,
611,Marvin McNutt\McNuMa00,PHI,,23,4,0,0,0,0,0,0,0,0,,0,2,0,0,,0,0,0,0,,,,,,,,209,
612,Davin Meggett\MeggDa01,IND,,22,,,0,0,0,0,0,0,0,,0,,0,0,,0,0,,0,,,,,,,,187,
613,Kerry Meier\MeieKe00,ATL,,26,,,0,0,0,0,0,0,0,,0,,0,0,,0,0,,0,,,,,,,,248,
614,Lonyae Miller\MillLo00,BAL,,24,,,0,0,0,0,0,0,0,,0,,0,0,,0,0,,0,,,,,,,,177,
615,Devin Moore\MoorDe01,DET,,27,,,0,0,0,0,0,0,0,,0,,0,0,,0,0,,0,,,,,,,,190,
616,Kashif Moore\MoorKa00,2TM,,24,,,0,0,0,0,0,0,0,,0,,0,0,,0,0,,0,,,,,,,,245,
617,Kellen Moore\MoorKe02,DET,,23,,,0,0,0,0,0,0,0,,0,,0,0,,0,0,,0,,,,,,,,72,
618,Cameron Morrah\MorrCa00,SEA,,25,,,0,0,0,0,0,0,0,,0,,0,0,,0,0,,0,,,,,,,,121,
619,Dale Moss\MossDa00,CHI,,24,,,0,0,0,0,0,0,0,,0,,0,0,,0,0,,0,,,,,,,,221,
620,Derek Moye\MoyeDe00,PIT,,24,,,0,0,0,0,0,0,0,,0,,0,0,,0,0,,0,,,,,,,,229,
621,Legedu Naanee\NaanLe00,MIA,WR,29,4,1,0,0,0,0,0,0,0,,0,5,1,19,19.00,0,1,1,0,,,,0.9,1.9,0.4,,251,
622,Adam Nissley\NissAd00,ATL,,24,,,0,0,0,0,0,0,0,,0,,0,0,,0,0,,0,,,,,,,,107,
623,Danny Noble\NoblDa00,TAM,,23,4,0,0,0,0,0,0,0,0,,0,,0,0,,0,0,,0,,,,,,,,117,
624,Jamize Olawale\OlawJa00,OAK,,23,3,0,0,0,0,0,0,0,0,,0,0,0,0,,0,0,,0,,,,,,,,6,
625,Kassim Osgood\OsgoKa00,DET,,32,16,0,0,0,0,0,0,0,0,,0,0,0,0,,0,0,0,0,,,,,,,,219,
626,Jordan Palmer\PalmJo20,JAX,,28,,,0,0,0,0,0,0,0,,0,,0,0,,0,0,,0,,,,,,,,73,
627,Nathan Palmer\PalmNa00,IND,WR,23,5,0,0,0,0,0,0,0,0,,0,4,1,-4,-4.00,0,0,0,0,,,,0.6,0.6,0.1,,252,
628,Deangelo Peterson\PeteDe00,WAS,,23,,,0,0,0,0,0,0,0,,0,,0,0,,0,0,,0,,,,,,,,129,
629,Chris Polk\PolkCh00,PHI,,23,7,0,0,0,0,0,0,0,0,,0,0,0,0,,0,0,0,0,,,,,,,,195,
630,Royce Pollard\PollRo00,NYJ,,23,,,0,0,0,0,0,0,0,,0,,0,0,,0,0,,0,,,,,,,,227,
631,Tauren Poole\PoolTa00,CAR,,23,,,0,0,0,0,0,0,0,,0,,0,0,,0,0,,0,,,,,,,,193,
632,Taylor Price\PricTa00,JAX,,25,,,0,0,0,0,0,0,0,,0,,0,0,,0,0,,0,,,,,,,,194,
633,Andrew Quarless\QuarAn00,GNB,,24,,,0,0,0,0,0,0,0,,0,,0,0,,0,0,,0,,,,,,,,105,
634,Richard Quinn\QuinRi00,CIN,,26,,,0,0,0,0,0,0,0,,0,,0,0,,0,0,,0,,,,,,,,122,
635,Bobby Rainey\RainBo00,BAL,,25,,,0,0,0,0,0,0,0,,0,,0,0,,0,0,,0,,,,,,,,169,
636,Bert Reed\ReedBe00,PIT,,24,,,0,0,0,0,0,0,0,,0,,0,0,,0,0,,0,,,,,,,,224,
637,Adrien Robinson\RobiAd00,NYG,,24,2,0,0,0,0,0,0,0,0,,0,,0,0,,0,0,,0,,,,,,,,124,
638,Gerrell Robinson\RobiGe00,ARI,,23,,,0,0,0,0,0,0,0,,0,,0,0,,0,0,,0,,,,,,,,215,
639,James Rodgers\RodgJa01,ATL,,24,,,0,0,0,0,0,0,0,,0,,0,0,,0,0,,0,,,,,,,,199,
640,Nelson Rosario\RosaNe00,CAR,,23,,,0,0,0,0,0,0,0,,0,,0,0,,0,0,,0,,,,,,,,123,
641,Martin Rucker\RuckMa00,KAN,,27,,,0,0,0,0,0,0,0,,0,,0,0,,0,0,,0,,,,,,,,118,
642,Greg Salas\SalaGr00,2TM,,24,1,0,0,0,0,0,0,0,0,,0,,0,0,,0,0,,0,,,,,,,,202,
643,Owen Schmitt\SchmOw00,OAK,RB,27,13,4,0,0,0,0,0,2,1,0.50,0,0,0,0,,0,0,0,0,,,,0.1,0.1,0.1,,167,
644,Tray Session\SessTr00,OAK,,25,,,0,0,0,0,0,0,0,,0,,0,0,,0,0,,0,,,,,,,,208,
645,Visanthe Shiancoe\ShiaVi00,NWE,,32,4,0,0,0,0,0,0,0,0,,0,1,0,0,,0,0,0,0,,,,,,,,119,
646,Mickey Shuler\ShulMi01,OAK,,26,,,0,0,0,0,0,0,0,,0,,0,0,,0,0,,0,,,,,,,,126,
647,Matthew Slater*\SlatMa00,NWE,,27,16,0,0,0,0,0,0,0,0,,0,0,0,0,,0,0,0,0,,,,,,,,212,
648,Brad Smelley\SmelBr00,CLE,TE,23,2,0,0,0,0,0,0,0,0,,0,1,1,3,3.00,0,0,0,0,,,,1.3,1.3,0.8,,97,
649,Antone Smith\SmitAn01,ATL,,27,13,0,0,0,0,0,0,0,0,,0,1,0,0,,0,0,0,0,,,,,,,,173,
650,Armond Smith\SmitAr00,CAR,RB,26,4,0,0,0,0,0,0,3,0,0.00,0,0,0,0,,0,0,0,0,,,,,,,,174,
651,Michael Smith\SmitMi01,TAM,,24,1,0,0,0,0,0,0,0,0,,0,0,0,0,,0,0,0,0,,,,,,,,191,
652,Justin Snow\SnowJu00,WAS,,36,8,0,,,,,,,,,,,,,,,,,0,,,,,,,,139,
653,Nate Solder\SoldNa00,NWE,,24,16,16,0,0,0,0,0,0,0,,0,0,0,0,,0,0,0,0,,,,,,,,102,
654,Stephen Spach\SpacSt00,JAX,,30,1,0,,,,,,,,,,,,,,,,,0,,,,,,,,137,
655,Kory Sperry\SperKo00,ARI,,27,1,0,0,0,0,0,0,0,0,,0,,0,0,,0,0,,0,,,,,,,,115,
656,Drew Stanton\StanDr00,IND,,28,,,0,0,0,0,0,0,0,,0,,0,0,,0,0,,0,,,,,,,,70,
657,Nick Stephens\StepNi00,DAL,,25,,,0,0,0,0,0,0,0,,0,,0,0,,0,0,,0,,,,,,,,71,
658,Maurice Stovall\StovMa00,JAX,,27,10,1,,,,,,,,,,0,,,,,,0,0,,,,,,,,255,
659,Tommy Streeter\StreTo00,BAL,,23,,,0,0,0,0,0,0,0,,0,,0,0,,0,0,,0,,,,,,,,222,
660,Chris Summers\SummCh00,MIN,,23,,,0,0,0,0,0,0,0,,0,,0,0,,0,0,,0,,,,,,,,242,
661,Phillip Supernaw\SupePh00,HOU,,22,,,0,0,0,0,0,0,0,,0,,0,0,,0,0,,0,,,,,,,,111,
662,Andrew Szczerba\SzczAn00,ATL,,24,,,0,0,0,0,0,0,0,,0,,0,0,,0,0,,0,,,,,,,,113,
663,Alex Tanney\TannAl00,KAN,,25,,,0,0,0,0,0,0,0,,0,,0,0,,0,0,,0,,,,,,,,68,
664,Julius Thomas\ThomJu00,DEN,,24,4,0,0,0,0,0,0,0,0,,0,,0,0,,0,0,,0,,,,,,,,125,
665,Nick Toon\ToonNi00,NOR,,24,,,0,0,0,0,0,0,0,,0,,0,0,,0,0,,0,,,,,,,,225,
666,Ryan Torain\ToraRy00,NYG,,26,2,0,0,0,0,0,0,0,0,,0,0,0,0,,0,0,,0,,,,,,,,185,
667,Patrick Turner\TurnPa00,NYJ,,25,2,0,0,0,0,0,0,0,0,,0,5,0,0,,0,0,0,0,,,,,,,,230,
668,Brian Tyms\TymsBr00,MIA,,23,,,0,0,0,0,0,0,0,,0,,0,0,,0,0,,0,,,,,,,,238,
669,Josh Vaughan\VaugJo01,ATL,,26,,,0,0,0,0,0,0,0,,0,,0,0,,0,0,,0,,,,,,,,178,
670,Matt Veldman\VeldMa00,JAX,,24,,,0,0,0,0,0,0,0,,0,,0,0,,0,0,,0,,,,,,,,101,
671,Joe Webb\WebbJo00,MIN,QB,26,1,0,0,0,0,0,0,1,-1,-1.00,0,0,0,0,,0,0,0,0,,,,-0.1,-0.1,-0.1,,83,
672,Griff Whalen\WhalGr00,IND,,22,,,0,0,0,0,0,0,0,,0,,0,0,,0,0,,0,,,,,,,,193,
673,Charlie Whitehurst\WhitCh02,SDG,,30,,,0,0,0,0,0,0,0,,0,,0,0,,0,0,,0,,,,,,,,77,
674,Fozzy Whittaker\WhitFo00,ARI,,23,,,0,0,0,0,0,0,0,,0,,0,0,,0,0,,0,,,,,,,,188,
675,Chris Williams\WillCh03,2TM,,27,6,0,0,0,0,0,0,0,0,,0,0,0,0,,0,0,,0,,,,,,,,195,
676,Eddie Williams\WillEd00,CLE,,25,,,0,0,0,0,0,0,0,,0,,0,0,,0,0,,0,,,,,,,,4,
677,Javarris Williams\WillJa05,WAS,,26,,,0,0,0,0,0,0,0,,0,,0,0,,0,0,,0,,,,,,,,180,
678,Mike Willie\WillMi05,SDG,,22,,,0,0,0,0,0,0,0,,0,,0,0,,0,0,,0,,,,,,,,246,
679,George Wilson\WilsGe01,BUF,,31,16,16,0,0,0,0,0,0,0,,0,0,0,0,,0,0,0,0,,,,,,,,206,
680,Will Yeatman\YeatWi00,MIA,,24,4,0,0,0,0,0,0,0,0,,0,,0,0,,0,0,,0,,,,,,,,106,
681,Dedrick Epps\EppsDe00,NYJ,TE,24,3,0,0,0,0,0,0,0,0,,0,1,1,9,9.00,0,1,1,0,,,-1,-0.1,0.9,-0.6,,136,
682,Ted Ginn Jr.\GinnTe00,SFO,WR,27,13,0,0,0,0,0,0,1,7,7.00,0,2,2,1,0.50,0,4,1,0,,,-1,0.8,1.8,-0.2,,253,
683,Brock Osweiler\OsweBr00,DEN,QB,22,5,0,2,4,12,0,0,8,-13,-1.63,0,0,0,0,,0,0,0,0,,,-1,-0.8,-0.8,-0.8,,85,
684,Graham Harrell\HarrGr00,GNB,QB,27,4,0,2,4,20,0,0,4,-3,-0.75,0,0,0,0,,0,1,1,0,,,-2,-1.5,-0.5,-1.5,,86,
685,Josh Johnson\JohnJo05,CLE,,26,1,0,0,0,0,0,0,0,0,,0,0,0,0,,0,1,1,0,,,-2,-2.0,-1.0,-2.0,,87,
686,Ryan Mallett\MallRy00,NWE,QB,24,4,0,1,4,17,0,1,8,-9,-1.13,0,0,0,0,,0,0,0,0,,,-2,-2.2,-1.2,-1.2,,88,
687,Joe Adams\AdamJo01,CAR,WR,23,9,0,0,0,0,0,0,3,13,4.33,0,1,1,7,7.00,0,4,3,0,,,-4,-3.0,,-3.5,,254,