,,,,,Games,Games,Passing,Passing,Passing,Passing,Passing,Rushing,Rushing,Rushing,Rushing,Receiving,Receiving,Receiving,Receiving,Receiving,Fumbles,Fumbles,Scoring,Scoring,Scoring,Fantasy,Fantasy,Fantasy,Fantasy,Fantasy,Fantasy,Fantasy
Rk,Player,Tm,FantPos,Age,G,GS,Cmp,Att,Yds,TD,Int,Att,Yds,Y/A,TD,Tgt,Rec,Yds,Y/R,TD,Fmb,FL,TD,2PM,2PP,FantPt,PPR,DKPt,FDPt,VBD,PosRank,OvRank
1,Jamaal Charles*+\CharJa00,KAN,RB,27,15,15,0,0,0,0,0,259,1287,4.97,12,104,70,693,9.90,7,4,2,19,,,308,378.0,386.0,343.0,182,1,1
2,Peyton Manning *+\MannPe00,DEN,QB,37,16,16,450,659,5477,55,10,32,-31,-0.97,1,0,0,0,,0,11,6,1,,1,412,412.0,431.0,422.0,153,1,2
3,LeSean McCoy*+\McCoLe01,PHI,RB,25,16,16,0,0,0,0,0,314,1607,5.12,9,64,52,539,10.37,2,1,1,11,,,279,330.6,337.6,304.6,152,2,3
4,Matt Forte *\FortMa00,CHI,RB,28,16,16,0,0,0,0,0,289,1339,4.63,9,95,74,594,8.03,3,2,2,12,1,,263,337.3,345.3,300.3,137,3,4
5,Jimmy Graham*+\GrahJi00,NOR,TE,27,16,12,0,0,0,0,0,0,0,,0,142,86,1215,14.13,16,0,0,16,,,218,303.5,306.5,260.5,124,1,5
6,Marshawn Lynch *\LyncMa00,SEA,RB,27,16,16,0,0,0,0,0,301,1257,4.18,12,44,36,316,8.78,2,4,1,14,,,239,275.3,282.3,257.3,113,4,6
7,Knowshon Moreno\MoreKn00,DEN,RB,26,16,15,0,0,0,0,0,241,1038,4.31,10,74,60,548,9.13,3,2,0,13,,,237,296.6,302.6,266.6,110,5,7
8,Josh Gordon*+\GordJo02,CLE,WR,22,14,14,0,0,0,0,0,5,88,17.60,0,159,87,1646,18.92,9,0,0,9,,,227,314.4,317.4,270.9,108,1,8
9,Demaryius Thomas*\ThomDe03,DEN,WR,26,16,16,0,0,0,0,0,0,0,,0,142,92,1430,15.54,14,2,0,14,,,227,319.0,322.0,273.0,107,2,9
10,Calvin Johnson *+\JohnCa00,DET,WR,28,14,14,0,0,0,0,0,0,0,,0,156,84,1492,17.76,12,1,1,12,,,219,303.2,307.2,261.2,99,3,10
11,Drew Brees*\BreeDr00,NOR,QB,34,16,16,446,650,5162,39,12,35,52,1.49,3,0,0,0,,0,7,2,3,,,358,357.7,374.7,369.7,99,2,11
12,A.J. Green*\GreeA.00,CIN,WR,25,16,16,0,0,0,0,0,0,0,,0,178,98,1426,14.55,11,1,0,11,,,209,306.6,309.6,257.6,89,4,12
13,Brandon Marshall*\MarsBr00,CHI,WR,29,16,16,0,0,0,0,0,0,0,,0,164,100,1295,12.95,12,0,0,12,2,,206,305.5,308.5,255.5,86,5,13
14,Antonio Brown *\BrowAn04,PIT,WR,25,16,14,1,1,15,0,0,7,4,0.57,0,167,110,1499,13.63,8,1,0,9,,,205,314.9,317.9,259.9,85,6,14
15,Eddie Lacy*\LacyEd00,GNB,RB,23,15,15,0,0,0,0,0,284,1178,4.15,11,44,35,257,7.34,0,1,1,11,,,208,242.5,249.5,225.0,81,6,15
16,Dez Bryant*\BryaDe01,DAL,WR,25,16,16,0,0,0,0,0,1,1,1.00,0,159,93,1233,13.26,13,3,1,13,,,199,292.4,296.4,245.9,80,7,16
17,DeMarco Murray*\MurrDe00,DAL,RB,25,14,14,0,0,0,0,0,217,1121,5.17,9,66,53,350,6.60,1,3,1,10,,,205,258.1,265.1,231.6,79,7,17
18,Adrian Peterson*\PeteAd01,MIN,RB,28,14,14,0,0,0,0,0,279,1266,4.54,10,40,29,171,5.90,1,5,3,11,,,204,232.7,241.7,218.2,77,8,18
19,Alshon Jeffery*\JeffAl00,CHI,WR,23,16,14,0,0,0,0,0,16,105,6.56,0,148,89,1421,15.97,7,3,1,7,1,,195,283.6,290.6,239.1,75,8,19
20,Eric Decker\DeckEr00,DEN,WR,26,16,16,0,0,0,0,0,0,0,,0,136,87,1288,14.80,11,2,1,11,,,193,279.8,283.8,236.3,73,9,20
21,Chris Johnson\JohnCh04,TEN,RB,28,16,16,0,0,0,0,0,279,1077,3.86,6,52,42,345,8.21,4,3,2,10,,,198,240.2,248.2,219.2,72,9,21
22,Vernon Davis *\DaviVe00,SFO,TE,29,15,15,0,0,0,0,0,0,0,,0,84,52,850,16.35,13,1,1,13,,,161,213.0,217.0,187.0,68,2,22
23,DeSean Jackson*\JackDe00,PHI,WR,27,16,16,0,0,0,0,0,3,2,0.67,0,126,82,1332,16.24,9,1,0,9,,,187,269.4,272.4,228.4,68,10,23
24,Fred Jackson\JackFr02,BUF,RB,32,16,6,0,0,0,0,0,206,890,4.32,9,65,47,387,8.23,1,3,0,10,,,188,234.7,240.7,211.2,61,10,24
25,Jordy Nelson\NelsJo00,GNB,WR,28,16,16,0,0,0,0,0,0,0,,0,127,85,1314,15.46,8,0,0,8,,,179,264.4,267.4,221.9,60,11,25
26,Reggie Bush\BushRe00,DET,RB,28,14,14,0,0,0,0,0,223,1006,4.51,4,80,54,506,9.37,3,5,4,7,,,185,239.2,249.2,212.2,59,11,26
27,Ryan Mathews\MathRy00,SDG,RB,26,16,14,0,0,0,0,0,285,1255,4.40,6,33,26,189,7.27,1,2,1,7,,,184,210.4,217.4,197.4,58,12,27
28,Julius Thomas*\ThomJu00,DEN,TE,25,14,14,0,0,0,0,0,0,0,,0,90,65,788,12.12,12,1,0,12,,,151,215.8,218.8,183.3,58,3,28
29,Andre Johnson *\JohnAn02,HOU,WR,32,16,16,0,0,0,0,0,0,0,,0,181,109,1407,12.91,5,0,0,5,,,171,279.7,282.7,225.2,51,12,29
30,Frank Gore*\GoreFr00,SFO,RB,30,16,16,0,0,0,0,0,276,1128,4.09,9,27,16,141,8.81,0,3,3,9,,,175,190.9,199.9,182.9,49,13,30
31,Le'Veon Bell\BellLe00,PIT,RB,21,13,13,0,0,0,0,0,244,860,3.52,8,66,45,399,8.87,0,1,1,8,,,172,216.9,223.9,194.4,46,14,31
32,Pierre Garcon\GarcPi00,WAS,WR,27,16,16,0,0,0,0,0,2,19,9.50,0,181,113,1346,11.91,5,1,1,5,,,165,277.5,281.5,221.0,45,13,32
33,Vincent Jackson\JackVi00,TAM,WR,30,16,16,0,0,0,0,0,1,0,0.00,0,160,78,1224,15.69,7,1,0,7,,,164,242.4,245.4,203.4,45,14,33
34,Alfred Morris *\MorrAl00,WAS,RB,25,16,16,0,0,0,0,0,276,1275,4.62,7,12,9,78,8.67,0,5,4,7,,,169,178.3,185.3,173.8,43,15,34
35,Tony Gonzalez*\GonzTo00,ATL,TE,37,16,16,0,0,0,0,0,0,0,,0,121,83,859,10.35,8,0,0,8,1,,136,218.9,221.9,177.4,43,4,35
36,Anquan Boldin\BoldAn00,SFO,WR,33,16,16,0,0,0,0,0,2,11,5.50,0,129,85,1179,13.87,7,0,0,7,,,161,246.0,249.0,203.5,41,15,36
37,Giovani Bernard\BernGi00,CIN,RB,22,16,0,0,0,0,0,0,170,695,4.09,5,71,56,514,9.18,3,2,1,8,,,167,222.9,229.9,194.9,41,16,37
38,Jordan Cameron*\CameJo00,CLE,TE,25,15,14,0,0,0,0,0,0,0,,0,118,80,917,11.46,7,1,0,7,,,134,213.7,216.7,173.7,41,5,38
39,Jason Witten*\WittJa00,DAL,TE,31,16,16,0,0,0,0,0,0,0,,0,111,73,851,11.66,8,0,0,8,,,133,206.1,209.1,169.6,40,6,39
40,Cam Newton*\NewtCa00,CAR,QB,24,16,16,292,473,3379,24,13,111,585,5.27,6,0,0,0,,0,3,1,6,,,298,297.7,317.7,310.7,39,3,40
41,Joique Bell\BellJo01,DET,RB,27,16,4,0,0,0,0,0,166,650,3.92,8,69,53,547,10.32,0,4,3,8,1,,164,216.7,225.7,190.2,37,17,41
42,Larry Fitzgerald*\FitzLa00,ARI,WR,30,16,16,0,1,0,0,0,2,8,4.00,0,135,82,954,11.63,10,1,1,10,,,154,236.2,240.2,195.2,34,16,42
43,Andrew Luck *\LuckAn00,IND,QB,24,16,16,343,570,3822,23,9,63,377,5.98,4,0,0,0,,0,6,2,4,,4,293,292.6,309.6,301.6,34,4,43
44,Zac Stacy\StacZa00,STL,RB,22,14,12,0,0,0,0,0,250,973,3.89,7,35,26,141,5.42,1,1,1,8,,,157,183.4,190.4,170.4,31,18,44
45,Andy Dalton\DaltAn00,CIN,QB,26,16,16,363,586,4293,33,20,61,183,3.00,2,0,0,0,,0,6,3,2,,,288,288.0,317.0,308.0,29,5,45
46,Keenan Allen\AlleKe00,SDG,WR,21,15,14,0,0,0,0,0,0,0,,0,105,71,1046,14.73,8,2,2,8,,,149,219.6,224.6,184.1,29,17,46
47,Philip Rivers*\RivePh00,SDG,QB,32,16,16,378,544,4478,32,11,28,72,2.57,0,1,0,-9,,0,3,2,0,,,287,287.4,303.4,298.4,29,6,47
48,Julian Edelman\EdelJu00,NWE,WR,27,16,11,0,0,0,0,0,2,11,5.50,0,151,105,1056,10.06,6,6,0,6,2,,147,251.7,254.7,199.2,27,18,48
49,Charles Clay\ClayCh00,MIA,TE,24,16,15,0,0,0,0,0,7,15,2.14,1,102,69,759,11.00,6,0,0,7,,,119,188.4,191.4,153.9,26,7,49
50,Greg Olsen\OlseGr00,CAR,TE,28,16,16,0,0,0,0,0,0,0,,0,111,73,816,11.18,6,0,0,6,,,118,190.6,193.6,154.1,25,8,50
51,Danny Woodhead\WoodDa02,SDG,RB,28,16,2,0,0,0,0,0,106,429,4.05,2,88,76,605,7.96,6,2,2,8,,,147,223.4,231.4,185.4,21,19,51
52,Matthew Stafford\StafMa00,DET,QB,25,16,16,371,634,4650,29,19,37,69,1.86,2,0,0,0,,0,12,4,2,,2,279,278.9,304.9,297.9,20,7,52
53,T.Y. Hilton\HiltT.00,IND,WR,24,16,10,0,0,0,0,0,2,6,3.00,0,139,82,1083,13.21,5,1,0,5,,,139,220.9,223.9,179.9,19,19,53
54,Torrey Smith\SmitTo02,BAL,WR,24,16,16,0,0,0,0,0,0,0,,0,137,65,1128,17.35,4,1,0,4,1,,139,203.8,206.8,171.3,19,20,54
55,Marvin Jones\JoneMa02,CIN,WR,23,16,3,0,0,0,0,0,8,65,8.13,0,80,51,712,13.96,10,0,0,10,,,138,188.7,191.7,163.2,18,21,55
56,Maurice Jones-Drew\DrewMa00,JAX,RB,28,15,15,1,1,8,1,0,234,803,3.43,5,60,43,314,7.30,0,1,1,5,,,144,187.0,194.0,165.5,18,20,56
57,Riley Cooper\CoopRi00,PHI,WR,26,16,15,0,0,0,0,0,0,18,,0,84,47,835,17.77,8,0,0,8,2,,137,184.3,187.3,160.8,17,22,57
58,Wes Welker\WelkWe00,DEN,WR,32,13,13,0,0,0,0,0,0,0,,0,111,73,778,10.66,10,1,1,10,,,136,208.8,212.8,172.3,16,23,58
59,Michael Floyd\FloyMi00,ARI,WR,24,16,16,0,0,0,0,0,0,0,,0,113,65,1041,16.02,5,0,0,5,,,134,199.1,202.1,166.6,14,24,59
60,Antonio Gates\GateAn00,SDG,TE,33,16,15,0,0,0,0,0,0,0,,0,114,77,872,11.32,4,2,2,4,,,107,184.2,189.2,145.7,14,9,60
61,Rashad Jennings\JennRa00,OAK,RB,28,15,8,0,0,0,0,0,163,733,4.50,6,48,36,292,8.11,0,0,0,6,,,139,174.5,180.5,156.5,12,21,61
62,Russell Wilson *\WilsRu00,SEA,QB,25,16,16,257,407,3357,26,9,96,539,5.61,1,0,0,0,,0,12,5,1,,,270,270.2,290.2,279.2,11,8,62
63,DeAngelo Williams\WillDe02,CAR,RB,30,15,15,0,0,0,0,0,201,843,4.19,3,36,26,333,12.81,1,3,2,4,,,138,163.6,171.6,150.6,11,22,63
64,Martellus Bennett\BennMa00,CHI,TE,26,16,15,0,0,0,0,0,0,0,,0,94,65,759,11.68,5,1,1,5,,,104,168.9,172.9,136.4,11,10,64
65,Pierre Thomas\ThomPi00,NOR,RB,29,16,9,0,0,0,0,0,147,549,3.73,2,84,77,513,6.66,3,2,1,5,,,134,211.2,218.2,172.7,8,23,65
66,Mike Wallace\WallMi00,MIA,WR,27,16,16,0,0,0,0,0,3,33,11.00,0,141,73,930,12.74,5,0,0,5,,,126,199.3,202.3,162.8,6,25,66
67,Brian Hartline\HartBr00,MIA,WR,27,16,15,0,0,0,0,0,0,0,,0,133,76,1016,13.37,4,0,0,4,,,126,201.6,204.6,163.6,6,26,67
68,Colin Kaepernick\KaepCo00,SFO,QB,26,16,16,243,416,3197,21,8,92,524,5.70,4,0,0,0,,0,9,4,4,,,264,264.3,282.3,272.3,5,9,68
69,Marques Colston\ColsMa00,NOR,WR,30,15,11,0,0,0,0,0,0,0,,0,111,75,943,12.57,5,0,0,5,,,124,199.3,202.3,161.8,4,27,69
70,Golden Tate\TateGo00,SEA,WR,25,16,13,0,0,0,0,0,3,31,10.33,0,99,64,898,14.03,5,3,0,5,,,123,186.9,189.9,154.9,3,28,70
71,Tony Romo\RomoTo00,DAL,QB,33,15,15,342,535,3828,31,10,20,38,1.90,0,0,0,0,,0,4,1,0,,1,261,260.9,274.9,270.9,2,10,71
72,Jared Cook\CookJa02,STL,TE,26,16,13,0,0,0,0,0,0,0,,0,85,51,671,13.16,5,1,1,5,,,95,146.1,150.1,120.6,2,11,72
73,Victor Cruz\CruzVi00,NYG,WR,27,14,12,0,0,0,0,0,0,0,,0,122,73,998,13.67,4,1,1,4,,,122,194.8,198.8,158.3,2,29,73
74,Nick Foles*\FoleNi00,PHI,QB,24,13,10,203,317,2891,27,2,57,221,3.88,3,0,0,0,,0,4,2,3,,2,260,259.7,269.7,261.7,1,11,74
75,Delanie Walker\WalkHu00,TEN,TE,29,15,11,0,0,0,0,0,0,0,,0,86,60,571,9.52,6,1,0,6,,,93,153.1,156.1,123.1,,12,75
76,Kyle Juszczyk\JuszKy00,BAL,,22,16,0,0,0,0,0,0,0,0,,0,1,0,0,,0,0,0,0,,,,,,,,1,76
77,Andre Ellington\ElliAn00,ARI,RB,24,15,1,0,0,0,0,0,118,652,5.53,3,57,39,371,9.51,1,1,0,4,,,126,165.3,171.3,145.8,,24,77
78,Kendall Wright\WrigKe01,TEN,WR,24,16,12,0,0,0,0,0,0,0,,0,139,94,1079,11.48,2,2,0,2,,,120,213.9,216.9,166.9,,30,78
79,Ben Roethlisberger\RoetBe00,PIT,QB,31,16,16,375,584,4261,28,14,27,99,3.67,1,0,0,5,,0,9,6,1,,,259,258.8,281.8,272.8,,12,
80,Alex Smith*\SmitAl03,KAN,QB,29,15,15,308,508,3313,23,7,76,431,5.67,1,1,1,-4,-4.00,0,8,3,1,,,253,254.2,270.2,260.7,,13,
81,Tom Brady *\BradTo00,NWE,QB,36,16,16,380,628,4343,25,11,32,18,0.56,0,0,0,0,,0,10,3,0,,2,252,251.5,268.5,262.5,,14,
82,Matt Ryan\RyanMa00,ATL,QB,28,16,16,439,651,4515,26,17,17,55,3.24,0,0,0,0,,0,5,4,0,,,248,248.1,272.1,265.1,,15,
83,Ryan Tannehill\TannRy00,MIA,QB,25,16,16,355,588,3913,24,17,40,238,5.95,1,0,0,0,,0,9,5,1,,,238,238.3,266.3,255.3,,16,
84,Carson Palmer\PalmCa00,ARI,QB,34,16,16,362,572,4274,24,22,27,3,0.11,0,0,0,0,,0,6,3,0,,,217,217.3,245.3,239.3,,17,
85,Robert Griffin III\GrifRo01,WAS,QB,23,13,13,274,456,3203,16,12,86,489,5.69,0,0,0,0,,0,11,4,0,1,1,213,213.0,235.0,225.0,,18,
86,Joe Flacco\FlacJo00,BAL,QB,28,16,16,362,614,3912,19,22,27,131,4.85,1,0,0,0,,0,8,2,1,,2,208,207.6,237.6,229.6,,19,
87,Geno Smith\SmitGe00,NYJ,QB,23,16,16,247,443,3046,12,21,72,366,5.08,6,1,1,13,13.00,0,8,4,6,,,194,194.7,225.7,215.2,,20,
88,Eli Manning\MannEl00,NYG,QB,32,16,16,317,551,3818,18,27,18,36,2.00,0,0,0,0,,0,7,2,0,,,170,170.3,202.3,197.3,,21,
89,Jay Cutler\CutlJa00,CHI,QB,30,11,11,224,355,2621,19,12,23,118,5.13,0,0,0,0,,0,5,3,0,,3,169,168.6,189.6,180.6,,23,
90,Aaron Rodgers\RodgAa00,GNB,QB,30,9,9,193,290,2536,17,6,30,120,4.00,0,0,0,0,,0,5,0,0,,,169,169.4,181.4,175.4,,22,
91,Ryan Fitzpatrick\FitzRy00,TEN,QB,31,11,9,217,350,2454,14,12,43,225,5.23,3,1,1,0,0.00,0,9,2,3,,,167,167.7,187.7,179.2,,24,
92,Chad Henne\HennCh01,JAX,QB,28,15,13,305,503,3241,13,14,27,77,2.85,0,0,0,0,,0,2,0,0,,,161,161.3,178.3,175.3,,25,
93,Mike Glennon\GlenMi00,TAM,QB,24,13,13,247,416,2608,19,9,27,37,1.37,0,0,0,0,,0,7,4,0,,,158,158.0,174.0,167.0,,26,
94,Terrelle Pryor\PryoTe00,OAK,QB,24,11,9,156,272,1798,7,11,83,576,6.94,2,0,0,0,,0,7,2,2,,,144,143.5,162.5,154.5,,27,
95,Josh McCown\McCoJo01,CHI,QB,34,8,5,149,224,1829,13,1,13,69,5.31,1,0,0,0,,0,3,1,1,,1,136,136.1,141.1,137.1,,28,
96,EJ Manuel\ManuEJ00,BUF,QB,23,10,10,180,306,1972,11,9,53,186,3.51,2,0,0,0,,0,6,3,2,,2,133,133.5,151.5,142.5,,29,
97,Rashard Mendenhall\MendRa00,ARI,RB,26,15,15,0,0,0,0,0,217,687,3.17,8,21,18,134,7.44,0,4,3,8,1,,126,144.1,153.1,135.1,,25,
98,Donald Brown\BrowDo00,IND,RB,26,16,5,0,0,0,0,0,102,537,5.26,6,35,27,214,7.93,2,1,0,8,,,123,150.1,156.1,136.6,,26,
99,C.J. Spiller\SpilC.00,BUF,RB,26,15,10,0,0,0,0,0,202,933,4.62,2,41,33,185,5.61,0,4,1,2,,,122,154.8,161.8,138.3,,27,
100,Jerricho Cotchery\CotcJe00,PIT,WR,31,16,6,0,0,0,0,0,1,-5,-5.00,0,76,46,602,13.09,10,0,0,10,,,120,165.7,168.7,142.7,,31,
101,Ray Rice\RiceRa00,BAL,RB,26,15,15,0,0,0,0,0,214,660,3.08,4,72,58,321,5.53,0,2,2,4,1,,120,178.1,186.1,149.1,,28,
102,LeGarrette Blount\BlouLe00,NWE,RB,27,16,7,0,0,0,0,0,153,772,5.05,7,5,2,38,19.00,0,3,2,7,,,119,121.0,126.0,120.0,,29,
103,Sam Bradford\BradSa00,STL,QB,26,7,7,159,262,1687,14,4,15,31,2.07,0,0,0,0,,0,3,1,0,1,,119,118.6,126.6,122.6,,30,
104,Stevan Ridley\RidlSt00,NWE,RB,24,14,6,0,0,0,0,0,178,773,4.34,7,12,10,62,6.20,0,4,4,7,,,118,127.5,134.5,122.5,,30,
105,Cordarrelle Patterson*+\PattCo00,MIN,WR,22,16,6,0,0,0,0,0,12,158,13.17,3,77,45,469,10.42,4,0,0,9,,,117,161.7,167.7,139.2,,32,
106,BenJarvus Green-Ellis\GreeBe00,CIN,RB,28,16,16,0,0,0,0,0,220,756,3.44,7,8,4,22,5.50,0,2,2,7,,,116,119.8,124.8,117.8,,31,
107,Jason Campbell\CampJa00,CLE,QB,32,9,8,180,317,2015,11,8,14,107,7.64,0,0,0,0,,0,3,2,0,,,115,115.3,131.3,123.3,,31,
108,Harry Douglas\DougHa00,ATL,WR,29,16,11,0,0,0,0,0,0,0,,0,132,85,1067,12.55,2,3,2,2,,,115,199.7,204.7,157.2,,33,
109,Steven Jackson\JackSt00,ATL,RB,30,12,12,0,0,0,0,0,157,543,3.46,6,49,33,191,5.79,1,0,0,7,,,115,148.4,154.4,131.9,,32,
110,Emmanuel Sanders\SandEm00,PIT,WR,26,16,10,0,0,0,0,0,1,25,25.00,0,113,67,740,11.04,6,1,0,6,1,,115,181.5,184.5,148.0,,34,
111,Rod Streater\StreRo00,OAK,WR,25,16,14,0,0,0,0,0,2,17,8.50,0,100,60,888,14.80,4,1,1,4,,,113,172.5,176.5,142.5,,35,
112,Eddie Royal\RoyaEd00,SDG,WR,27,15,3,0,0,0,0,0,3,21,7.00,0,68,47,631,13.43,8,1,1,8,,,111,158.2,162.2,134.7,,36,
113,Ben Tate\TateBe00,HOU,RB,25,14,7,0,0,0,0,0,181,771,4.26,4,49,34,140,4.12,0,5,2,4,,,111,145.1,153.1,128.1,,33,
114,Trent Richardson\RichTr00,2TM,RB,23,16,10,0,0,0,0,0,188,563,2.99,3,52,35,316,9.03,1,3,1,4,,,110,144.9,151.9,127.4,,34,
115,Nate Washington\WashNa00,TEN,WR,30,16,15,0,0,0,0,0,0,0,,0,105,58,919,15.84,3,0,0,3,,,110,167.9,170.9,138.9,,37,
116,Doug Baldwin\BaldDo00,SEA,WR,25,16,9,0,0,0,0,0,2,6,3.00,0,72,50,778,15.56,5,0,0,5,,,108,158.4,161.4,133.4,,38,
117,Matt Cassel\CassMa00,MIN,QB,31,9,6,153,254,1807,11,9,18,57,3.17,1,0,0,0,,0,3,1,1,,,108,108.0,121.0,117.0,,32,
118,Christian Ponder\PondCh00,MIN,QB,25,9,9,152,239,1648,7,9,34,151,4.44,4,0,0,0,,0,7,4,4,,,107,107.0,126.0,116.0,,33,
119,Matt Schaub\SchaMa00,HOU,QB,32,10,8,219,358,2310,10,14,5,24,4.80,0,0,0,0,,0,2,1,0,,,105,104.8,122.8,118.8,,34,
120,Greg Jennings\JennGr00,MIN,WR,30,15,15,0,0,0,0,0,0,0,,0,106,68,804,11.82,4,0,0,4,,,104,172.4,175.4,138.4,,39,
121,Case Keenum\KeenCa00,HOU,QB,25,8,8,137,253,1760,9,6,14,72,5.14,1,0,0,0,,0,6,2,1,,,104,103.6,114.6,109.6,,35,
122,Bilal Powell\PoweBi00,NYJ,RB,25,16,11,1,1,30,0,0,176,697,3.96,1,57,36,272,7.56,0,1,0,1,,,104,140.1,146.1,122.1,,35,
123,Chris Ivory\IvorCh00,NYJ,RB,25,15,6,0,0,0,0,0,182,833,4.58,3,7,2,10,5.00,0,2,0,3,,,102,104.3,107.3,103.3,,37,
124,Darren Sproles\SproDa00,NOR,RB,30,15,4,0,0,0,0,0,53,220,4.15,2,89,71,604,8.51,2,2,2,4,,,102,173.4,181.4,137.9,,36,
125,Terrance Williams\WillTe01,DAL,WR,24,16,8,0,0,0,0,0,3,4,1.33,0,74,44,736,16.73,5,2,2,5,1,,102,146.0,151.0,124.0,,40,
126,Michael Vick\VickMi00,PHI,QB,33,7,6,77,141,1215,5,3,36,306,8.50,2,0,0,-2,,0,4,2,2,,,101,101.0,112.0,104.0,,36,
127,Jake Locker\LockJa00,TEN,QB,25,7,7,111,183,1256,8,4,24,155,6.46,2,0,0,0,,0,3,1,2,,,100,99.7,110.7,103.7,,37,
128,Denarius Moore\MoorDe02,OAK,WR,25,13,10,0,0,0,0,0,0,0,,0,86,46,695,15.11,5,0,0,5,,,100,145.5,148.5,122.5,,41,
129,Steve Smith\SmitSt01,CAR,WR,34,15,15,0,0,0,0,0,0,0,,0,110,64,745,11.64,4,0,0,4,,,99,162.5,165.5,130.5,,42,
130,James Jones\JoneJa04,GNB,WR,29,14,14,0,0,0,0,0,0,0,,0,93,59,817,13.85,3,2,1,3,,,98,156.7,160.7,127.2,,43,
131,Lamar Miller\MillLa01,MIA,RB,22,16,15,0,0,0,0,0,177,709,4.01,2,35,26,170,6.54,0,1,1,2,,,98,123.9,130.9,110.9,,38,
132,Dwayne Bowe\BoweDw00,KAN,WR,29,15,15,0,0,0,0,0,0,0,,0,103,57,673,11.81,5,0,0,5,,,97,154.3,157.3,125.8,,44,
133,Mike Tolbert*+\TolbMi00,CAR,RB,28,16,13,0,0,0,0,0,101,361,3.57,5,33,27,184,6.81,2,0,0,7,,,97,123.5,129.5,110.0,,39,
134,Marlon Brown\BrowMa00,BAL,WR,22,14,12,0,0,0,0,0,1,-2,-2.00,0,82,49,524,10.69,7,0,0,7,1,,96,145.2,148.2,120.7,,45,
135,Cecil Shorts\ShorCe00,JAX,WR,26,13,13,0,0,0,0,0,0,0,,0,123,66,777,11.77,3,0,0,3,,,96,161.7,164.7,128.7,,46,
136,Bobby Rainey\RainBo00,2TM,RB,26,15,6,0,1,0,0,0,150,566,3.77,5,19,15,46,3.07,1,1,1,6,,,95,110.2,114.2,102.7,,40,
137,Rueben Randle\RandRu00,NYG,WR,22,16,3,0,0,0,0,0,0,0,,0,78,41,611,14.90,6,3,1,6,,,95,136.1,140.1,115.6,,47,
138,Kenny Stills\StilKe00,NOR,WR,21,16,10,0,0,0,0,0,3,10,3.33,0,50,32,641,20.03,5,0,0,5,,,95,127.1,130.1,111.1,,48,
139,Brandon LaFell\LaFeBr00,CAR,WR,27,16,16,0,0,0,0,0,2,15,7.50,0,85,49,627,12.80,5,1,0,5,,,94,143.2,146.2,118.7,,49,
140,Jarrett Boykin\BoykJa00,GNB,WR,24,16,8,0,0,0,0,0,0,0,,0,83,49,681,13.90,3,0,0,4,,,92,141.1,144.1,116.6,,50,
141,Tavon Austin\AustTa00,STL,WR,23,13,3,0,1,0,0,0,9,151,16.78,1,69,40,418,10.45,4,4,1,6,,,91,130.9,137.9,110.9,,51,
142,DeAndre Hopkins\HopkDe00,HOU,WR,21,16,16,0,0,0,0,0,0,0,,0,91,52,802,15.42,2,1,1,2,,,90,142.2,146.2,116.2,,52,
143,Hakeem Nicks\NickHa01,NYG,WR,25,15,15,0,0,0,0,0,0,0,,0,101,56,896,16.00,0,0,0,0,,,90,145.6,148.6,117.6,,53,
144,Brandon Weeden\WeedBr00,CLE,QB,30,8,5,141,267,1731,9,9,12,44,3.67,0,0,0,0,,0,6,2,0,,1,90,89.6,103.6,98.6,,38,
145,Coby Fleener\FleeCo00,IND,TE,25,16,12,0,0,0,0,0,0,0,,0,87,52,608,11.69,4,1,0,4,2,,89,140.8,143.8,114.8,,13,
146,Ted Ginn Jr.\GinnTe00,CAR,WR,28,16,2,0,0,0,0,0,4,29,7.25,0,68,36,556,15.44,5,0,0,5,,,89,124.5,127.5,106.5,,54,
147,Jacquizz Rodgers\RodgJa00,ATL,RB,23,15,4,0,0,0,0,0,96,332,3.46,2,63,52,341,6.56,2,1,1,4,,,89,141.3,148.3,115.3,,41,
148,Montee Ball\BallMo00,DEN,RB,23,16,0,0,0,0,0,0,120,559,4.66,4,27,20,145,7.25,0,3,3,4,,,88,108.4,117.4,98.4,,42,
149,Shane Vereen\VereSh00,NWE,RB,24,8,1,0,0,0,0,0,44,208,4.73,1,69,47,427,9.09,3,1,0,4,,,88,134.5,140.5,111.0,,43,
150,Arian Foster\FostAr00,HOU,RB,27,8,8,0,0,0,0,0,121,542,4.48,1,35,22,183,8.32,1,0,0,2,1,,87,108.5,114.5,97.5,,44,
151,Roddy White\WhitRo00,ATL,WR,32,13,13,0,0,0,0,0,0,0,,0,97,63,711,11.29,3,2,1,3,,,87,150.1,154.1,118.6,,55,
152,Tim Wright\WrigTi01,TAM,TE,23,16,8,0,0,0,0,0,1,2,2.00,0,76,54,571,10.57,5,0,0,5,,,87,141.3,144.3,114.3,,14,
153,Kellen Clemens\ClemKe00,STL,QB,30,10,9,142,242,1673,8,7,23,64,2.78,0,0,0,0,,0,7,4,0,,1,85,85.3,99.3,92.3,,39,
154,Brent Celek\CeleBr00,PHI,TE,28,16,15,0,0,0,0,0,0,0,,0,51,32,502,15.69,6,1,1,6,,,84,116.2,120.2,100.2,,15,
155,Garrett Graham\GrahGa00,HOU,RB,27,13,11,0,0,0,0,0,0,0,,0,89,49,545,11.12,5,2,1,5,,,83,131.5,135.5,107.0,,46,
156,Rob Gronkowski\GronRo00,NWE,TE,24,7,6,0,0,0,0,0,0,0,,0,66,39,592,15.18,4,0,0,4,,,83,122.2,125.2,102.7,,16,
157,Daniel Thomas\ThomDa03,MIA,RB,26,15,1,0,0,0,0,0,109,406,3.72,4,17,15,63,4.20,2,0,0,6,,,83,97.9,100.9,90.4,,45,
158,James Starks\StarJa00,GNB,RB,27,13,1,0,0,0,0,0,89,493,5.54,3,13,10,89,8.90,1,1,0,4,,,82,92.2,95.2,87.2,,47,
159,Darren McFadden\McFaDa00,OAK,RB,26,10,7,1,1,16,1,0,114,379,3.32,5,25,17,108,6.35,0,1,1,5,,,81,98.3,105.3,89.8,,48,
160,Marcel Reece *\ReecMa00,OAK,RB,28,16,15,1,1,22,0,0,46,218,4.74,2,54,32,331,10.34,2,0,0,4,,,80,111.8,117.8,95.8,,49,
161,Robert Woods\WoodRo02,BUF,WR,21,14,14,0,0,0,0,0,2,16,8.00,0,85,40,587,14.68,3,0,0,3,1,,80,120.3,123.3,100.3,,56,
162,Steve Johnson\JohnSt00,BUF,WR,27,12,12,0,0,0,0,0,1,10,10.00,0,101,52,597,11.48,3,1,1,3,1,,79,130.7,134.7,104.7,,57,
163,Matt McGloin\McGlMa01,OAK,QB,24,7,6,118,211,1547,8,8,11,27,2.45,0,0,0,0,,0,4,1,0,,,79,78.6,90.6,86.6,,40,
164,Jerome Simpson\SimpJe00,MIN,WR,27,16,8,0,0,0,0,0,0,0,,0,100,48,726,15.13,1,1,0,1,,,79,126.6,129.6,102.6,,58,
165,Roy Helu\HeluRo00,WAS,RB,25,16,0,0,0,0,0,0,62,274,4.42,4,42,31,251,8.10,0,2,0,4,,,77,107.5,113.5,92.0,,50,
166,Scott Chandler\ChanSc00,BUF,TE,28,16,7,0,0,0,0,0,0,0,,0,81,53,655,12.36,2,1,1,2,,,76,128.5,132.5,102.0,,18,
167,Aaron Dobson\DobsAa00,NWE,WR,22,12,9,0,0,0,0,0,0,0,,0,72,37,519,14.03,4,1,0,4,,,76,112.9,115.9,94.4,,59,
168,Dexter McCluster*\McClDe00,KAN,WR,24,15,6,0,0,0,0,0,8,5,0.63,0,83,53,511,9.64,2,2,0,4,,,76,128.6,131.6,102.1,,60,
169,Brandon Myers\MyerBr00,NYG,TE,28,16,14,0,0,0,0,0,0,0,,0,76,47,522,11.11,4,0,0,4,,,76,123.2,126.2,99.7,,17,
170,Danny Amendola\AmenDa00,NWE,WR,28,12,6,0,0,0,0,0,1,1,1.00,0,83,54,633,11.72,2,0,0,2,,,75,129.4,132.4,102.4,,61,
171,Randall Cobb\CobbRa00,GNB,WR,23,6,4,0,0,0,0,0,4,78,19.50,0,47,31,433,13.97,4,0,0,4,,,75,106.1,109.1,90.6,,62,
172,Andre Brown\BrowAn03,NYG,RB,27,8,8,0,0,0,0,0,139,492,3.54,3,29,20,103,5.15,0,3,3,3,1,,74,93.5,102.5,83.5,,51,
173,Matt Flynn\FlynMa00,3TM,QB,28,9,5,124,200,1392,8,5,20,65,3.25,0,0,0,0,,0,7,6,0,,,72,72.2,86.2,77.2,,41,
174,Zach Ertz\ErtzZa00,PHI,TE,23,16,3,0,0,0,0,0,0,0,,0,57,36,469,13.03,4,0,0,4,,,71,106.9,109.9,88.9,,19,
175,Jeremy Kerley\KerlJe00,NYJ,WR,25,12,8,0,1,0,0,0,4,11,2.75,0,72,43,523,12.16,3,0,0,3,,,71,114.4,117.4,92.9,,63,
176,Kenbrell Thompkins\ThomKe02,NWE,WR,25,12,8,0,0,0,0,0,0,0,,0,69,32,466,14.56,4,0,0,4,,,71,102.6,105.6,86.6,,64,
177,Donnie Avery\AverDo00,KAN,WR,29,16,14,0,0,0,0,0,2,6,3.00,0,71,40,596,14.90,2,1,1,2,,,70,110.2,114.2,90.2,,65,
178,Jordan Reed\ReedJo02,WAS,TE,23,9,4,0,0,0,0,0,1,18,18.00,0,59,45,499,11.09,3,0,0,3,,,70,114.7,117.7,92.2,,20,
179,Julio Jones\JoneJu02,ATL,WR,24,5,5,0,0,0,0,0,1,7,7.00,0,59,41,580,14.15,2,2,1,2,,,69,109.7,113.7,89.2,,66,
180,Zach Miller\MillZa01,SEA,TE,28,14,12,0,0,0,0,0,0,0,,0,56,33,387,11.73,5,0,0,5,,,69,101.7,104.7,85.2,,21,
181,Tiquan Underwood\UndeTi00,TAM,WR,26,12,7,0,0,0,0,0,0,0,,0,46,24,440,18.33,4,0,0,4,,,68,92.0,95.0,80.0,,67,
182,Chris Ogbonnaya\OgboCh00,CLE,RB,27,16,7,0,0,0,0,0,49,240,4.90,0,74,48,343,7.15,2,2,2,2,,,66,114.3,122.3,90.3,,52,
183,Bernard Pierce\PierBe00,BAL,RB,22,16,1,0,0,0,0,0,152,436,2.87,2,25,20,104,5.20,0,0,0,2,,,66,86.0,92.0,76.0,,53,
184,Joseph Fauria\FaurJo00,DET,TE,23,16,2,0,0,0,0,0,0,0,,0,30,18,207,11.50,7,0,0,7,1,,65,82.7,85.7,73.7,,22,
185,Mychal Rivera\RiveMy00,OAK,TE,23,16,3,0,0,0,0,0,0,0,,0,60,38,407,10.71,4,0,0,4,,,65,102.7,105.7,83.7,,23,
186,Reggie Wayne\WaynRe00,IND,WR,35,7,7,0,0,0,0,0,1,5,5.00,0,58,38,503,13.24,2,0,0,2,1,,65,102.8,105.8,83.8,,68,
187,Jeff Cumberland\CumbJe00,NYJ,TE,26,15,12,0,0,0,0,0,0,0,,0,40,26,398,15.31,4,0,0,4,,,64,89.8,92.8,76.8,,24,
188,Jermaine Gresham\GresJe00,CIN,TE,25,14,14,0,0,0,0,0,0,0,,0,68,46,458,9.96,4,3,3,4,,,64,109.8,115.8,86.8,,25,
189,Jacoby Jones\JoneJa03,BAL,WR,29,12,9,0,0,0,0,0,2,0,0.00,0,68,37,455,12.30,2,0,0,3,,,64,100.5,103.5,82.0,,70,
190,Austin Pettis\PettAu00,STL,WR,25,16,6,0,0,0,0,0,0,0,,0,63,38,399,10.50,4,1,0,4,,,64,101.9,104.9,82.9,,69,
191,Heath Miller\MillHe00,PIT,TE,31,14,14,0,0,0,0,0,0,0,,0,79,58,593,10.22,1,1,1,1,,,63,121.3,125.3,92.3,,26,
192,Jason Snelling\SnelJa00,ATL,RB,30,14,1,0,0,0,0,0,44,164,3.73,1,34,29,216,7.45,3,0,0,4,,,62,91.0,97.0,76.5,,54,
193,Jarius Wright\WrigJa02,MIN,WR,24,16,3,0,0,0,0,0,0,0,,0,43,26,434,16.69,3,0,0,3,,,61,87.4,90.4,74.4,,71,
194,Brandon Bolden\BoldBr00,NWE,RB,23,12,2,0,0,0,0,0,55,271,4.93,3,29,21,152,7.24,0,0,0,3,,,60,81.3,87.3,70.8,,55,
195,Knile Davis\DaviKn00,KAN,RB,22,16,1,0,0,0,0,0,70,242,3.46,4,15,11,75,6.82,0,3,1,5,,,60,70.7,74.7,65.2,,56,
196,Ace Sanders\SandAc00,JAX,WR,22,15,4,1,1,21,1,0,2,4,2.00,0,87,51,484,9.49,1,0,0,1,,,60,110.6,113.6,85.1,,72,
197,Kris Durham\DurhKr00,DET,WR,25,16,13,0,0,0,0,0,0,0,,0,85,38,490,12.89,2,1,1,2,,,59,97.0,101.0,78.0,,75,
198,Justin Hunter\HuntJu00,TEN,WR,22,14,0,0,0,0,0,0,0,0,,0,42,18,354,19.67,4,0,0,4,,,59,77.4,80.4,68.4,,73,
199,Kendall Hunter\HuntKe00,SFO,RB,25,16,0,0,0,0,0,0,78,358,4.59,3,4,2,13,6.50,0,1,1,4,,,59,61.1,65.1,60.1,,57,
200,Thaddeus Lewis\LewiTh01,BUF,QB,28,6,5,93,157,1092,4,3,24,52,2.17,1,0,0,0,,0,7,3,1,,,59,58.9,67.9,61.9,,42,
201,Greg Little\LittGr00,CLE,WR,24,16,13,0,0,0,0,0,0,0,,0,99,41,465,11.34,2,0,0,2,,,59,99.5,102.5,79.0,,76,
202,Andre Roberts\RobeAn00,ARI,WR,25,16,2,0,0,0,0,0,0,0,,0,76,43,471,10.95,2,0,0,2,,,59,102.1,105.1,80.6,,74,
203,Marcedes Lewis\LewiMa00,JAX,TE,29,11,11,0,0,0,0,0,0,0,,0,47,25,359,14.36,4,1,1,4,,,58,82.9,86.9,70.4,,27,
204,Mohamed Sanu\SanuMo00,CIN,WR,24,16,14,1,1,25,0,0,4,16,4.00,0,77,47,455,9.68,2,1,1,2,,,58,105.1,109.1,81.6,,77,
205,Tyler Eifert\EifeTy00,CIN,TE,23,15,15,0,0,0,0,0,0,0,,0,60,39,445,11.41,2,0,0,2,,,57,95.5,98.5,76.0,,29,
206,Shonn Greene\GreeSh00,TEN,RB,28,11,0,0,0,0,0,0,77,295,3.83,4,8,6,39,6.50,0,0,0,4,,,57,63.4,66.4,60.4,,58,
207,Jermaine Kearse\KearJe01,SEA,WR,23,15,5,0,0,0,0,0,0,0,,0,38,22,346,15.73,4,2,1,4,,,57,78.6,82.6,67.6,,78,
208,Rishard Matthews\MattRi00,MIA,TE,24,16,5,0,0,0,0,0,0,0,,0,67,41,448,10.93,2,0,0,2,,,57,97.8,100.8,77.3,,28,
209,Chris Givens\GiveCh00,STL,WR,24,16,13,0,0,0,0,0,3,8,2.67,0,83,34,569,16.74,0,1,1,0,,,56,89.7,93.7,72.7,,80,
210,Ladarius Green\GreeLa00,SDG,WR,23,16,10,0,0,0,0,0,0,0,,0,30,17,376,22.12,3,0,0,3,,,56,72.6,75.6,64.1,,82,
211,Leonard Hankerson\HankLe00,WAS,WR,25,10,7,0,0,0,0,0,0,0,,0,50,30,375,12.50,3,0,0,3,,,56,85.5,88.5,70.5,,83,
212,Doug Martin\MartDo00,TAM,RB,24,6,6,0,0,0,0,0,127,456,3.59,1,24,12,66,5.50,0,2,1,1,,,56,68.2,72.2,62.2,,59,
213,Lance Moore\MoorLa00,NOR,WR,30,13,5,0,0,0,0,0,0,0,,0,54,37,457,12.35,2,1,1,2,,,56,92.7,96.7,74.2,,79,
214,Santana Moss\MossSa00,WAS,WR,34,16,1,0,0,0,0,0,3,25,8.33,0,79,42,452,10.76,2,2,2,2,,,56,97.7,102.7,76.7,,81,
215,Jason Avant\AvanJa00,PHI,WR,30,16,13,0,0,0,0,0,0,0,,0,77,38,447,11.76,2,1,1,2,,,55,92.7,96.7,73.7,,84,
216,Mike Brown\BrowMi00,JAX,WR,24,11,6,0,0,0,0,0,0,0,,0,56,32,446,13.94,2,2,1,2,,,55,86.6,90.6,70.6,,85,
217,Jerrel Jernigan\JernJe00,NYG,WR,24,15,3,0,0,0,0,0,2,57,28.50,1,45,29,329,11.34,2,1,1,3,,,55,83.6,87.6,69.1,,86,
218,Jordan Todman\TodmJo00,JAX,RB,23,16,2,0,0,0,0,0,76,256,3.37,2,26,14,116,8.29,1,0,0,3,,,55,69.2,75.2,62.2,,60,
219,Bryce Brown\BrowBr02,PHI,RB,22,16,1,0,0,0,0,0,75,314,4.19,2,13,8,84,10.50,0,0,0,2,1,,54,61.8,64.8,57.8,,61,
220,David Nelson\NelsDa01,NYJ,WR,27,12,6,0,0,0,0,0,0,0,,0,60,36,423,11.75,2,0,0,2,,,54,90.3,93.3,72.3,,87,
221,Vincent Brown\BrowVi00,SDG,WR,24,16,12,0,0,0,0,0,0,0,,0,70,41,472,11.51,1,0,0,1,,,53,94.2,97.2,73.7,,88,
222,Dallas Clark\ClarDa00,BAL,TE,34,12,0,0,0,0,0,0,0,0,,0,52,31,343,11.06,3,0,0,3,,,52,83.3,86.3,67.8,,30,
223,Santonio Holmes\HolmSa00,NYJ,WR,29,11,11,0,0,0,0,0,0,0,,0,59,23,456,19.83,1,0,0,1,,,52,74.6,77.6,63.1,,89,
224,Brandon Pettigrew\PettBr00,DET,TE,28,14,14,0,0,0,0,0,0,0,,0,63,41,416,10.15,2,1,1,2,,,52,92.6,96.6,72.1,,31,
225,Nate Burleson\BurlNa00,DET,WR,32,9,8,0,0,0,0,0,2,-8,-4.00,0,55,39,461,11.82,1,1,0,1,,,51,90.3,93.3,70.8,,90,
226,Brandon Gibson\GibsBr00,MIA,WR,26,7,3,0,0,0,0,0,0,0,,0,43,30,326,10.87,3,0,0,3,,,51,80.6,83.6,65.6,,91,
227,Rob Housler\HousRo01,ARI,TE,25,13,10,0,0,0,0,0,0,0,,0,57,39,454,11.64,1,1,0,1,,,51,90.4,93.4,70.9,,32,
228,Mark Ingram\IngrMa01,NOR,RB,24,11,3,0,0,0,0,0,78,386,4.95,1,11,7,68,9.71,0,1,0,1,,,51,58.4,61.4,54.9,,62,
229,Kellen Winslow\WinsKe01,NYJ,TE,30,12,3,0,0,0,0,0,0,0,,0,47,31,388,12.52,2,0,0,2,,,51,81.8,84.8,66.3,,33,
230,Earl Bennett\BennEa00,CHI,WR,26,15,3,0,0,0,0,0,0,0,,0,43,32,243,7.59,4,0,0,4,1,,50,82.3,85.3,66.3,,92,
231,Lance Kendricks\KendLa00,STL,TE,25,15,13,0,0,0,0,0,0,0,,0,46,32,258,8.06,4,0,0,4,,,50,81.8,84.8,65.8,,34,
232,Willis McGahee\McGaWi00,CLE,RB,32,12,6,0,0,0,0,0,138,377,2.73,2,11,8,20,2.50,0,1,1,2,,,50,57.7,61.7,53.7,,63,
233,Cole Beasley\BeasCo00,DAL,WR,24,14,3,0,0,0,0,0,0,0,,0,54,39,368,9.44,2,1,0,2,,,49,87.8,90.8,68.3,,94,
234,Michael Bush\BushMi00,CHI,RB,29,15,0,0,0,0,0,0,63,197,3.13,3,8,4,48,12.00,1,0,0,4,,,49,52.5,55.5,50.5,,64,
235,Andre Holmes\HolmAn00,OAK,WR,25,10,4,0,0,0,0,0,0,0,,0,52,25,431,17.24,1,0,0,1,,,49,74.1,77.1,61.6,,93,
236,Kyle Rudolph\RudoKy00,MIN,TE,24,8,8,0,0,0,0,0,0,0,,0,46,30,313,10.43,3,0,0,3,,,49,79.3,82.3,64.3,,35,
237,Davone Bess\BessDa00,CLE,WR,28,14,3,0,0,0,0,0,0,0,,0,86,42,362,8.62,2,1,1,2,1,,48,90.2,94.2,69.2,,95,
238,Jermichael Finley\FinlJe00,GNB,TE,26,6,5,0,0,0,0,0,0,0,,0,34,25,300,12.00,3,0,0,3,,,48,73.0,76.0,60.5,,36,
239,T.J. Graham\GrahT.00,BUF,WR,24,16,6,0,0,0,0,0,4,14,3.50,0,58,23,361,15.70,2,1,1,2,,,48,70.5,74.5,59.0,,97,
240,Aldrick Robinson\RobiAl00,WAS,WR,25,16,1,0,0,0,0,0,3,-4,-1.33,0,46,18,365,20.28,2,0,0,2,,,48,66.1,69.1,57.1,,96,
241,Justin Blackmon\BlacJu00,JAX,WR,23,4,4,0,0,0,0,0,1,-1,-1.00,0,48,29,415,14.31,1,0,0,1,,,47,76.4,79.4,61.9,,98,
242,Toby Gerhart\GerhTo00,MIN,RB,26,14,0,0,0,0,0,0,36,283,7.86,2,19,13,88,6.77,0,1,1,2,,,47,60.1,64.1,53.6,,65,
243,Brandon Jacobs\JacoBr00,NYG,RB,31,7,1,0,0,0,0,0,58,238,4.10,4,7,2,13,6.50,0,1,1,4,,,47,49.1,53.1,48.1,,66,
244,Marquise Goodwin\GoodMa00,BUF,WR,23,12,1,0,0,0,0,0,3,13,4.33,0,32,17,283,16.65,3,1,1,3,,,46,62.6,66.6,54.1,,99,
245,Peyton Hillis\HillPe00,NYG,RB,27,7,1,0,0,0,0,0,73,247,3.38,2,21,13,96,7.38,0,2,1,2,,,44,57.3,61.3,50.8,,67,
246,Robert Meachem\MeacRo00,NOR,WR,29,15,5,0,0,0,0,0,2,-1,-0.50,0,30,16,324,20.25,2,0,0,2,,,44,60.3,63.3,52.3,,100,
247,Owen Daniels\DaniOw00,HOU,TE,31,5,5,0,0,0,0,0,0,0,,0,41,24,252,10.50,3,0,0,3,,,43,67.2,70.2,55.2,,37,
248,Andrew Quarless\QuarAn00,GNB,TE,25,16,10,0,0,0,0,0,0,0,,0,53,32,312,9.75,2,0,0,2,,,43,75.2,78.2,59.2,,38,
249,Darrius Heyward-Bey\HeywDa00,IND,WR,26,16,11,0,0,0,0,0,3,26,8.67,0,64,29,309,10.66,1,0,0,1,1,,42,70.5,73.5,56.0,,102,
250,Sean McGrath\McGrSe00,KAN,TE,26,16,9,0,0,0,0,0,0,0,,0,40,26,302,11.62,2,0,0,2,,,42,68.2,71.2,55.2,,39,
251,Brian Quick\QuicBr00,STL,WR,24,16,5,0,0,0,0,0,0,0,,0,35,18,302,16.78,2,0,0,2,,,42,60.2,63.2,51.2,,101,
252,Keshawn Martin\MartKe01,HOU,WR,23,16,1,0,0,0,0,0,0,0,,0,40,22,253,11.50,2,2,1,3,,,41,63.3,67.3,52.3,,103,
253,Logan Paulsen\PaulLo00,WAS,TE,26,16,14,0,0,0,0,0,0,0,,0,50,28,267,9.54,3,2,2,3,,,41,68.7,73.7,54.7,,40,
254,Brian Hoyer\HoyeBr00,CLE,QB,28,3,3,57,96,615,5,3,6,16,2.67,0,0,0,0,,0,0,0,0,,,40,40.2,46.2,43.2,,43,
255,Andre Caldwell\CaldAn00,DEN,WR,28,16,2,0,0,0,0,0,1,7,7.00,0,29,16,200,12.50,3,0,0,3,,,39,54.7,57.7,46.7,,106,
256,Clay Harbor\HarbCl00,JAX,TE,26,16,7,0,0,0,0,0,0,0,,0,35,24,292,12.17,2,2,1,2,,,39,63.2,67.2,51.2,,41,
257,Kevin Ogletree\OgleKe00,2TM,WR,26,16,2,0,0,0,0,0,0,0,,0,45,21,269,12.81,2,0,0,2,,,39,59.9,62.9,49.4,,105,
258,Sidney Rice\RiceSi01,SEA,WR,27,8,6,0,0,0,0,0,0,0,,0,35,15,231,15.40,3,1,1,3,,,39,54.1,58.1,46.6,,104,
259,John Carlson\CarlJo00,MIN,TE,29,13,8,0,0,0,0,0,0,0,,0,48,32,344,10.75,1,1,1,1,,,38,70.4,74.4,54.4,,42,
260,Benny Cunningham\CunnBe01,STL,RB,23,14,0,0,0,0,0,0,47,261,5.55,1,10,6,59,9.83,0,2,1,1,1,,38,44.0,48.0,41.0,,68,
261,Anthony Fasano\FasaAn00,KAN,TE,29,9,9,0,0,0,0,0,0,0,,0,33,23,200,8.70,3,0,0,3,,,38,61.0,64.0,49.5,,43,
262,Ronnie Hillman\HillRo00,DEN,RB,22,10,0,0,0,0,0,0,55,218,3.96,1,14,12,119,9.92,0,2,1,1,,,38,49.7,56.7,43.7,,70,
263,Stephen Hill\HillSt00,NYJ,WR,22,12,11,0,0,0,0,0,0,0,,0,59,24,342,14.25,1,1,1,1,,,38,62.2,66.2,50.2,,107,
264,Mike James\JameMi00,TAM,RB,22,8,3,1,1,2,1,0,60,295,4.92,0,11,10,43,4.30,0,0,0,0,,,38,47.9,50.9,42.9,,69,
265,Griff Whalen\WhalGr00,IND,WR,23,9,3,0,0,0,0,0,0,0,,0,40,24,259,10.79,2,0,0,2,,,38,61.9,64.9,49.9,,108,
266,Brian Leonard\LeonBr00,TAM,RB,29,16,1,0,0,0,0,0,47,182,3.87,0,37,29,179,6.17,0,0,0,0,,,36,65.1,71.1,50.6,,71,
267,Edwin Baker\BakeEd01,CLE,RB,22,3,2,0,0,0,0,0,43,171,3.98,2,9,8,57,7.13,0,0,0,2,,,35,42.8,45.8,38.8,,75,
268,Ahmad Bradshaw\BradAh00,IND,RB,27,3,2,0,0,0,0,0,41,186,4.54,2,8,7,42,6.00,0,0,0,2,,,35,41.8,44.8,38.3,,74,
269,Tandon Doss\DossTa00,BAL,WR,24,15,2,0,0,0,0,0,0,0,,0,36,19,305,16.05,0,1,1,1,,,35,53.5,57.5,44.0,,109,
270,Joseph Randle\RandJo01,DAL,RB,22,13,2,0,0,0,0,0,54,164,3.04,2,10,8,61,7.63,0,0,0,2,,,35,42.5,45.5,38.5,,76,
271,Ben Watson\WatsBe00,NOR,TE,33,15,7,0,0,0,0,0,0,0,,0,30,19,226,11.89,2,0,0,2,,,35,53.6,56.6,44.1,,44,
272,Fozzy Whittaker\WhitFo00,2TM,RB,24,14,2,0,0,0,0,0,28,79,2.82,0,36,21,155,7.38,2,1,0,2,,,35,56.4,59.4,45.9,,72,
273,Darrel Young\YounDa01,WAS,RB,26,13,7,0,0,0,0,0,12,41,3.42,3,9,4,71,17.75,1,0,0,4,,,35,39.2,39.2,37.2,,73,
274,Matt Asiata\AsiaMa00,MIN,RB,26,11,1,0,0,0,0,0,44,166,3.77,3,8,5,13,2.60,0,1,1,3,,,34,38.9,42.9,36.4,,77,
275,Kirk Cousins\CousKi00,WAS,QB,25,5,3,81,155,854,4,7,4,14,3.50,0,0,0,0,,0,3,2,0,,,34,33.6,45.6,40.6,,45,
276,Michael Crabtree\CrabMi00,SFO,WR,26,5,5,0,0,0,0,0,0,0,,0,33,19,284,14.95,1,1,0,1,,,34,53.4,56.4,43.9,,110,
277,Drew Davis\DaviDr00,ATL,WR,24,16,3,0,0,0,0,0,0,0,,0,19,12,216,18.00,2,0,0,2,,,34,45.6,48.6,39.6,,111,
278,Chris Polk\PolkCh00,PHI,RB,24,15,0,0,0,0,0,0,11,98,8.91,3,5,4,61,15.25,0,0,0,3,,,34,37.9,37.9,35.9,,78,
279,Daryl Richardson\RichDa00,STL,RB,23,8,3,0,0,0,0,0,69,215,3.12,0,18,14,121,8.64,0,0,0,0,,,34,47.6,53.6,40.6,,79,
280,Scott Tolzien\TolzSc00,GNB,QB,26,3,2,55,90,717,1,5,5,55,11.00,1,0,0,0,,0,0,0,1,,,34,34.2,42.2,39.2,,44,
281,Mike Williams\WillMi04,TAM,WR,26,6,5,0,0,0,0,0,0,0,,0,40,22,216,9.82,2,0,0,2,,,34,55.6,58.6,44.6,,112,
282,Ed Dickson\DickEd00,BAL,TE,26,16,14,0,0,0,0,0,0,0,,0,43,25,273,10.92,1,0,0,1,,,33,58.3,61.3,45.8,,45,
283,Luke Willson\WillLu00,SEA,TE,23,16,7,0,0,0,0,0,0,0,,0,28,20,272,13.60,1,0,0,1,,,33,53.2,56.2,43.2,,46,
284,Stedman Bailey\BailSt01,STL,WR,23,16,2,0,0,0,0,0,2,33,16.50,1,25,17,226,13.29,0,0,0,1,,,32,48.9,51.9,40.4,,113,
285,Jim Dray\DrayJi00,ARI,TE,27,16,15,0,0,0,0,0,0,0,,0,32,26,215,8.27,2,1,1,2,,,32,57.5,61.5,44.5,,47,
286,Da'Rick Rogers\RogeDa01,IND,WR,22,5,3,0,0,0,0,0,1,0,0.00,0,23,14,192,13.71,2,0,0,2,,,31,45.2,48.2,38.2,,114,
287,Josh Freeman\FreeJo00,2TM,QB,25,4,4,63,147,761,2,4,5,20,4.00,0,0,0,0,,0,2,1,0,,,30,30.4,38.4,34.4,,46,
288,Ryan Griffin\GrifRy00,HOU,TE,23,15,8,0,0,0,0,0,0,0,,0,28,19,244,12.84,1,0,0,1,,,30,49.4,52.4,39.9,,48,
289,Robert Turbin\TurbRo00,SEA,RB,24,16,0,0,0,0,0,0,77,264,3.43,0,12,8,60,7.50,0,1,1,0,,,30,38.4,42.4,34.4,,80,
290,Kerry Taylor\TaylKe00,2TM,WR,24,10,4,0,0,0,0,0,0,0,,0,34,22,229,10.41,1,0,0,1,,,29,50.9,53.9,39.9,,115,
291,LaVon Brazill\BrazLa00,IND,WR,24,10,0,0,0,0,0,0,0,0,,0,27,12,161,13.42,2,1,0,2,,,28,40.1,43.1,34.1,,116,
292,Ronnie Brown\BrowRo05,SDG,RB,32,16,0,0,0,0,0,0,45,157,3.49,1,8,8,60,7.50,0,0,0,1,,,28,35.7,38.7,31.7,,82,
293,Khiry Robinson\RobiKh00,NOR,RB,24,10,0,0,0,0,0,0,54,224,4.15,1,0,0,0,,0,0,0,1,,,28,28.4,31.4,28.4,,81,
294,Antone Smith\SmitAn01,ATL,RB,28,15,0,0,0,0,0,0,5,145,29.00,2,3,2,10,5.00,0,0,0,2,,,28,29.5,32.5,28.5,,83,
295,Jeremy Ross\RossJe01,2TM,WR,25,13,2,0,0,0,0,0,2,40,20.00,0,12,6,67,11.17,1,2,1,3,,,27,32.7,33.7,29.7,,117,
296,Jonathan Dwyer\DwyeJo00,PIT,RB,24,15,0,0,0,0,0,0,49,197,4.02,0,11,8,64,8.00,0,0,0,0,,,26,34.1,37.1,30.1,,84,
297,Bruce Miller\MillBr02,SFO,RB,26,14,13,0,0,0,0,0,7,13,1.86,0,36,25,243,9.72,0,1,0,0,,,26,50.6,53.6,38.1,,85,
298,Gary Barnidge\BarnGa01,CLE,TE,28,16,12,0,0,0,0,0,0,0,,0,18,13,127,9.77,2,0,0,2,,,25,37.7,40.7,31.2,,50,
299,Gavin Escobar\EscoGa00,DAL,TE,22,16,1,0,0,0,0,0,0,0,,0,15,9,134,14.89,2,0,0,2,,,25,34.4,37.4,29.9,,49,
300,Dwayne Harris\HarrDw00,DAL,WR,26,13,3,0,0,0,0,0,1,6,6.00,0,14,9,80,8.89,2,2,1,3,,,25,33.6,34.6,29.1,,119,
301,Darius Johnson\JohnDa06,ATL,WR,22,10,2,0,0,0,0,0,0,0,,0,43,22,210,9.55,1,1,1,1,,,25,47.0,51.0,36.0,,118,
302,Frank Summers\SummFr00,BUF,RB,28,15,9,0,0,0,0,0,12,46,3.83,1,8,7,79,11.29,1,0,0,2,,,25,31.5,31.5,28.0,,86,
303,Miles Austin\AustMi00,DAL,WR,29,11,8,0,0,0,0,0,0,0,,0,49,24,244,10.17,0,0,0,0,,,24,48.4,51.4,36.4,,120,
304,Jackie Battle\BattJa00,TEN,RB,30,16,0,0,0,0,0,0,36,142,3.94,1,5,4,36,9.00,0,0,0,1,,,24,27.8,30.8,25.8,,87,
305,Jacob Tamme\TammJa00,DEN,TE,28,16,1,0,0,0,0,0,0,0,,0,25,20,184,9.20,1,0,0,1,,,24,44.4,47.4,34.4,,51,
306,Cory Harkey\HarkCo00,STL,RB,23,15,10,0,0,0,0,0,0,0,,0,18,13,113,8.69,2,0,0,2,,,23,36.3,39.3,29.8,,88,
307,Junior Hemingway\HemiJu00,KAN,WR,25,16,2,0,0,0,0,0,0,0,,0,20,13,125,9.62,2,2,1,2,,,23,35.5,39.5,29.0,,122,
308,Dennis Johnson\JohnDe02,HOU,RB,23,8,1,0,0,0,0,0,49,183,3.73,0,12,8,46,5.75,0,0,0,0,,,23,30.9,33.9,26.9,,89,
309,Felix Jones\JoneFe00,PIT,RB,26,16,2,0,0,0,0,0,48,184,3.83,0,13,9,63,7.00,0,1,1,0,,,23,31.7,35.7,27.2,,90,
310,Josh Morgan\MorgJo00,WAS,WR,28,14,7,0,0,0,0,0,2,13,6.50,0,34,20,214,10.70,0,2,0,0,,,23,42.7,45.7,32.7,,121,
311,Dennis Pitta\PittDe00,BAL,TE,28,4,1,0,0,0,0,0,0,0,,0,33,20,169,8.45,1,0,0,1,,,23,42.9,45.9,32.9,,52,
312,Jonathan Stewart\StewJo00,CAR,RB,26,6,1,0,0,0,0,0,48,180,3.75,0,7,7,44,6.29,0,1,0,0,,,22,29.4,32.4,25.9,,91,
313,Anthony Dixon\DixoAn00,SFO,RB,26,16,1,0,0,0,0,0,28,56,2.00,2,3,3,30,10.00,0,0,0,2,,,21,23.6,23.6,22.1,,92,
314,Kyle Orton\OrtoKy00,DAL,QB,31,3,1,33,51,398,2,2,1,8,8.00,0,0,0,0,,0,0,0,0,,,21,20.7,25.7,22.7,,47,
315,Jake Ballard\BallJa21,ARI,TE,26,8,3,0,0,0,0,0,0,0,,0,9,7,75,10.71,2,0,0,2,,,20,26.5,26.5,23.0,,54,
316,Jaron Brown\BrowJa03,ARI,WR,23,16,0,0,0,0,0,0,0,0,,0,17,11,140,12.73,1,0,0,1,,,20,31.0,34.0,25.5,,124,
317,Stanley Havili\HaviSt00,IND,RB,26,13,8,0,0,0,0,0,7,7,1.00,0,21,18,128,7.11,1,0,0,1,,,20,37.5,40.5,28.5,,94,
318,Andrew Hawkins\HawkAn00,CIN,WR,27,8,0,0,0,0,0,0,2,3,1.50,0,18,12,199,16.58,0,1,0,0,,,20,32.2,35.2,26.2,,123,
319,Michael Hoomanawanui\HoomMi00,NWE,TE,25,13,10,0,0,0,0,0,0,0,,0,19,12,136,11.33,1,0,0,1,,,20,31.6,34.6,25.6,,53,
320,Anthony Sherman\SherAn00,KAN,RB,25,16,8,0,0,0,0,0,2,3,1.50,0,24,18,155,8.61,1,1,1,1,,,20,37.8,41.8,28.8,,93,
321,Travis Benjamin\BenjTr00,CLE,WR,24,8,3,0,0,0,0,0,1,45,45.00,0,13,5,105,21.00,0,2,1,1,,,19,24.0,28.0,21.5,,125,
322,Tashard Choice\ChoiTa00,2TM,RB,29,15,0,0,0,0,0,0,46,170,3.70,0,9,5,15,3.00,0,0,0,0,,,19,23.5,26.5,21.0,,98,
323,Lance Dunbar\DunbLa00,DAL,RB,23,9,0,0,0,0,0,0,30,150,5.00,0,7,7,59,8.43,0,1,1,0,,,19,25.9,29.9,22.4,,96,
324,Jonathan Grimes\GrimJo01,HOU,RB,24,2,1,0,0,0,0,0,21,73,3.48,1,6,6,76,12.67,0,1,1,1,,,19,24.9,25.9,21.9,,95,
325,Stepfan Taylor\TaylSt00,ARI,RB,22,16,0,0,0,0,0,0,36,115,3.19,0,9,8,71,8.88,0,0,0,0,,,19,26.6,29.6,22.6,,97,
326,Brandon Bostick\BostBr00,GNB,TE,24,11,0,0,0,0,0,0,0,0,,0,14,7,120,17.14,1,0,0,1,,,18,25.0,28.0,21.5,,55,
327,Johnathan Franklin\FranJo01,GNB,RB,24,11,0,0,0,0,0,0,19,107,5.63,1,5,4,30,7.50,0,2,1,1,,,18,21.7,25.7,19.7,,99,
328,Marcus Thigpen\ThigMa00,MIA,RB,27,16,0,0,0,0,0,0,6,18,3.00,0,11,8,97,12.13,1,3,0,1,,,18,25.5,25.5,21.5,,100,
329,Levine Toilolo\ToilLe00,ATL,TE,22,16,3,0,0,0,0,0,0,0,,0,15,11,55,5.00,2,0,0,2,,,18,28.5,28.5,23.0,,56,
330,Chase Daniel\DaniCh00,KAN,QB,27,5,1,25,38,248,1,1,14,52,3.71,0,0,0,0,,0,0,0,0,,,17,17.1,18.1,18.1,,48,
331,David Wilson\WilsDa01,NYG,RB,22,5,4,0,0,0,0,0,44,146,3.32,1,6,2,8,4.00,0,2,2,1,,,17,19.4,24.4,18.4,,101,
332,Jed Collins\CollJe01,NOR,RB,27,16,8,0,0,0,0,0,15,45,3.00,1,17,14,54,3.86,0,0,0,1,,,16,29.9,29.9,22.9,,104,
333,Tarvaris Jackson\JackTa00,SEA,QB,30,3,0,10,13,151,1,0,4,1,0.25,1,0,0,0,,0,0,0,1,,,16,16.1,16.1,16.1,,49,
334,John Kuhn\KuhnJo00,GNB,RB,31,15,6,0,0,0,0,0,10,38,3.80,1,19,13,81,6.23,0,2,1,1,,,16,28.9,29.9,22.4,,103,
335,DeVier Posey\PoseDe00,HOU,WR,23,14,0,0,0,0,0,0,0,0,,0,25,15,155,10.33,0,0,0,0,,,16,30.5,33.5,23.0,,128,
336,Michael Preston\PresMi00,TEN,WR,24,7,0,0,0,0,0,0,0,0,,0,7,5,37,7.40,2,0,0,2,,,16,20.7,20.7,18.2,,127,
337,Alfonso Smith\SmitAl22,ARI,RB,26,16,0,0,0,0,0,0,18,54,3.00,1,13,10,68,6.80,0,2,1,1,,,16,26.2,27.2,21.2,,102,
338,Damian Williams\WillDa04,TEN,WR,25,10,1,0,0,0,0,0,0,0,,0,23,15,178,11.87,0,2,1,0,,,16,30.8,34.8,23.3,,126,
339,Malcom Floyd\FloyMa00,SDG,WR,32,2,2,0,0,0,0,0,0,0,,0,11,6,149,24.83,0,0,0,0,,,15,20.9,23.9,17.9,,129,
340,Brittan Golden\GoldBr00,ARI,WR,25,5,0,0,0,0,0,0,0,0,,0,10,4,136,34.00,0,0,0,0,,,14,17.6,20.6,15.6,,133,
341,A.J. Jenkins\JenkA.00,KAN,WR,24,16,1,0,0,0,0,0,2,6,3.00,0,17,8,130,16.25,0,0,0,0,,,14,21.6,24.6,17.6,,132,
342,Greg Salas\SalaGr00,NYJ,WR,25,8,0,0,0,0,0,0,0,0,,0,13,8,143,17.88,0,0,0,0,,,14,22.3,25.3,18.3,,130,
343,Kyle Williams\WillKy01,2TM,WR,25,10,5,0,0,0,0,0,2,23,11.50,0,27,12,113,9.42,0,2,0,0,,,14,25.6,28.6,19.6,,131,
344,Tommy Bohanon\BohaTo00,NYJ,RB,23,16,8,0,0,0,0,0,17,62,3.65,0,16,11,69,6.27,0,0,0,0,,,13,24.1,24.1,18.6,,105,
345,Derrick Coleman\ColeDe00,SEA,RB,23,12,3,0,0,0,0,0,2,3,1.50,0,8,8,62,7.75,1,1,0,1,,,13,20.5,20.5,16.5,,107,
346,Fred Davis\DaviFr01,WAS,TE,27,10,3,0,0,0,0,0,0,0,,0,18,7,70,10.00,1,0,0,1,,,13,20.0,20.0,16.5,,59,
347,James Develin\DeveJa00,NWE,TE,25,16,6,0,0,0,0,0,4,10,2.50,1,4,4,62,15.50,0,0,0,1,,,13,17.2,17.2,15.2,,58,
348,Chase Ford\FordCh00,MIN,TE,23,9,0,0,0,0,0,0,0,0,,0,16,11,133,12.09,0,0,0,0,,,13,24.3,27.3,18.8,,57,
349,Vonta Leach\LeacVo00,BAL,RB,32,16,7,0,0,0,0,0,11,23,2.09,0,20,11,47,4.27,1,1,0,1,,,13,24.0,24.0,18.5,,106,
350,Jeff Maehl\MaehJe00,PHI,WR,24,16,0,0,0,0,0,0,0,0,,0,9,4,67,16.75,1,0,0,1,,,13,16.7,16.7,14.7,,134,
351,Seyi Ajirotutu\AjirSe00,SDG,WR,26,14,0,0,0,0,0,0,0,0,,0,4,3,64,21.33,1,0,0,1,,,12,15.4,15.4,13.9,,135,
352,Josh Boyce\BoycJo00,NWE,WR,22,9,3,0,0,0,0,0,0,0,,0,19,9,121,13.44,0,0,0,0,,,12,21.1,24.1,16.6,,137,
353,Rhett Ellison\ElliRh00,MIN,RB,25,11,6,0,0,0,0,0,0,0,,0,10,5,61,12.20,1,0,0,1,,,12,17.1,17.1,14.6,,108,
354,Blaine Gabbert\GabbBl00,JAX,QB,24,3,3,42,86,481,1,7,9,32,3.56,0,0,0,0,,0,2,0,0,,,12,12.4,22.4,19.4,,50,
355,Clyde Gates\GateCl00,NYJ,WR,27,6,2,0,0,0,0,0,0,0,,0,24,12,122,10.17,0,0,0,0,,,12,24.2,27.2,18.2,,136,
356,Domenik Hixon\HixoDo00,CAR,WR,29,15,0,0,0,0,0,0,0,0,,0,9,7,55,7.86,1,0,0,1,,,12,18.5,18.5,15.0,,139,
357,Vance McDonald\McDoVa00,SFO,TE,23,15,4,0,0,0,0,0,0,0,,0,19,8,119,14.88,0,0,0,0,,,12,19.9,22.9,15.9,,61,
358,Danny Noble\NoblDa00,JAX,TE,24,8,1,0,0,0,0,0,0,0,,0,3,2,63,31.50,1,0,0,1,,,12,14.3,14.3,13.3,,60,
359,Isaiah Pead\PeadIs00,STL,RB,24,10,0,0,0,0,0,0,7,21,3.00,0,15,11,78,7.09,0,0,0,0,1,,12,22.9,22.9,17.4,,109,
360,Brandon Stokley\StokBr00,BAL,WR,37,6,0,0,0,0,0,0,0,0,,0,21,13,115,8.85,0,0,0,0,,,12,24.5,27.5,18.0,,138,
361,Jeff Tuel\TuelJe00,BUF,QB,22,2,1,26,59,309,1,3,3,17,5.67,0,0,0,0,,0,0,0,0,,,12,12.1,18.1,15.1,,51,
362,Joel Dreessen\DreeJo00,DEN,TE,31,13,0,0,0,0,0,0,0,0,,0,9,7,47,6.71,1,0,0,1,,,11,17.7,17.7,14.2,,63,
363,Justin Forsett\ForsJu00,JAX,RB,28,9,0,0,0,0,0,0,6,31,5.17,0,16,15,82,5.47,0,1,0,0,,,11,26.3,26.3,18.8,,110,
364,Chris Gragg\GragCh00,BUF,TE,23,9,1,0,0,0,0,0,0,0,,0,7,5,53,10.60,1,0,0,1,,,11,16.3,16.3,13.8,,62,
365,Chris Owusu\OwusCh00,TAM,WR,23,9,4,0,0,0,0,0,0,0,,0,20,13,114,8.77,0,0,0,0,,,11,24.4,27.4,17.9,,140,
366,Theo Riddick\RiddTh00,DET,RB,22,14,0,0,0,0,0,0,9,25,2.78,1,8,4,26,6.50,0,0,0,1,,,11,15.1,15.1,13.1,,111,
367,Phillip Tanner\TannPh00,DAL,RB,25,16,0,0,0,0,0,0,9,12,1.33,1,4,3,33,11.00,0,1,0,1,,,11,13.5,13.5,12.0,,112,
368,Kenny Britt\BritKe00,TEN,WR,25,12,3,0,0,0,0,0,0,0,,0,35,11,96,8.73,0,0,0,0,,,10,20.6,20.6,15.1,,143,
369,Brice Butler\ButlBr00,OAK,WR,23,10,2,0,0,0,0,0,0,0,,0,17,9,103,11.44,0,0,0,0,,,10,19.3,22.3,14.8,,141,
370,Josh Hill\HillJo02,NOR,TE,23,14,3,0,0,0,0,0,1,-8,-8.00,0,10,6,44,7.33,1,0,0,1,,,10,15.6,15.6,12.6,,64,
371,Will Johnson\JohnWi00,PIT,RB,24,15,5,0,0,0,0,0,0,0,,0,11,8,41,5.13,1,0,0,1,,,10,18.1,18.1,14.1,,113,
372,Matt Simms\SimmMa00,NYJ,QB,25,3,0,16,31,156,1,1,5,37,7.40,0,0,0,0,,0,1,1,0,,,10,9.9,11.9,10.9,,52,
373,Deonte Thompson\ThomDe04,BAL,WR,24,7,0,0,0,0,0,0,0,0,,0,20,10,96,9.60,0,0,0,0,,,10,19.6,19.6,14.6,,142,
374,Ryan Broyles\BroyRy00,DET,WR,25,6,3,0,0,0,0,0,0,0,,0,14,8,85,10.63,0,0,0,0,,,9,16.5,16.5,12.5,,147,
375,Kellen Davis\DaviKe01,SEA,TE,28,15,4,0,0,0,0,0,0,0,,0,4,3,32,10.67,1,0,0,1,,,9,12.2,12.2,10.7,,66,
376,Jacoby Ford\FordJa01,OAK,WR,26,14,1,0,0,0,0,0,5,15,3.00,0,24,13,99,7.62,0,4,1,0,,,9,22.4,23.4,15.9,,144,
377,Dan Herron\HerrDa00,IND,RB,24,6,0,0,0,0,0,0,5,33,6.60,0,1,1,57,57.00,0,0,0,0,,,9,10.0,10.0,9.5,,114,
378,Trindon Holliday\HollTr00,DEN,WR,27,15,0,0,0,0,0,0,1,7,7.00,0,0,0,0,,0,5,2,2,,,9,8.7,10.7,8.7,,145,
379,Mario Manningham\MannMa01,SFO,WR,27,6,3,0,0,0,0,0,0,0,,0,23,9,85,9.44,0,0,0,0,,,9,17.5,17.5,13.0,,146,
380,Jeron Mastrud\MastJe20,OAK,TE,26,16,12,0,0,0,0,0,0,0,,0,13,6,88,14.67,0,0,0,0,,,9,14.8,14.8,11.8,,67,
381,Dion Sims\SimsDi00,MIA,TE,22,15,5,0,0,0,0,0,0,0,,0,10,6,32,5.33,1,0,0,1,,,9,15.2,15.2,12.2,,65,
382,Dwayne Allen\AlleDw00,IND,TE,23,1,1,0,0,0,0,0,0,0,,0,2,1,20,20.00,1,0,0,1,,,8,9.0,9.0,8.5,,72,
383,Tom Crabtree\CrabTo00,TAM,TE,28,7,5,0,0,0,0,0,0,0,,0,7,4,21,5.25,1,0,0,1,,,8,12.1,12.1,10.1,,71,
384,Josh Cribbs\CribJo01,NYJ,WR,30,6,0,2,3,38,0,0,13,55,4.23,0,2,2,6,3.00,0,0,0,0,,,8,9.6,9.6,8.6,,154,
385,Mike Goodson\GoodMi00,NYJ,RB,26,2,0,0,0,0,0,0,7,61,8.71,0,3,2,19,9.50,0,0,0,0,,,8,10.0,10.0,9.0,,115,
386,Chris Hogan\HogaCh00,BUF,WR,26,16,0,0,0,0,0,0,0,0,,0,17,10,83,8.30,0,0,0,0,,,8,18.3,18.3,13.3,,148,
387,LaMichael James\JameLa00,SFO,RB,24,10,0,0,0,0,0,0,12,59,4.92,0,3,2,16,8.00,0,3,0,0,,,8,9.5,9.5,8.5,,117,
388,Ricardo Lockette\LockRi00,SEA,WR,27,8,1,0,0,0,0,0,1,-2,-2.00,0,7,5,82,16.40,0,0,0,0,,,8,13.0,13.0,10.5,,149,
389,Christine Michael\MichCh00,SEA,RB,23,4,0,0,0,0,0,0,18,79,4.39,0,0,0,0,,0,0,0,0,,,8,7.9,7.9,7.9,,116,
390,Derek Moye\MoyeDe00,PIT,WR,25,7,0,0,0,0,0,0,0,0,,0,6,2,20,10.00,1,0,0,1,,,8,10.0,10.0,9.0,,150,
391,Matthew Mulligan\MullMa00,NWE,TE,28,15,4,0,0,0,0,0,0,0,,0,3,2,16,8.00,1,0,0,1,,,8,9.6,9.6,8.6,,73,
392,Louis Murphy\MurpLo00,NYG,WR,26,14,0,0,0,0,0,0,0,0,,0,13,6,37,6.17,1,1,1,1,,,8,13.7,14.7,10.7,,153,
393,Kassim Osgood\OsgoKa00,SFO,WR,33,14,0,0,0,0,0,0,0,0,,0,1,1,17,17.00,0,0,0,1,,,8,8.7,8.7,8.2,,152,
394,Bear Pascoe\PascBe00,NYG,TE,27,16,6,0,0,0,0,0,1,2,2.00,0,20,12,81,6.75,0,0,0,0,,,8,20.3,20.3,14.3,,68,
395,David Paulson\PaulDa01,PIT,TE,24,16,4,0,0,0,0,0,0,0,,0,10,6,102,17.00,0,1,1,0,,,8,14.2,18.2,11.2,,69,
396,Tony Scheffler\ScheTo00,DET,TE,30,5,1,0,0,0,0,0,0,0,,0,12,7,82,11.71,0,0,0,0,,,8,15.2,15.2,11.7,,70,
397,Lee Smith\SmitLe00,BUF,WR,26,16,14,0,0,0,0,0,0,0,,0,9,5,78,15.60,0,0,0,0,,,8,12.8,12.8,10.3,,151,
398,Stephen Burton\BurtSt00,JAX,WR,24,4,2,0,0,0,0,0,1,-9,-9.00,0,13,8,76,9.50,0,0,0,0,,,7,14.7,14.7,10.7,,157,
399,Travaris Cadet\CadeTr00,NOR,RB,24,13,0,0,0,0,0,0,0,0,,0,2,2,5,2.50,1,0,0,1,,,7,8.5,8.5,7.5,,121,
400,Michael Egnew\EgneMi00,MIA,TE,24,16,5,0,0,0,0,0,0,0,,0,11,7,69,9.86,0,0,0,0,,,7,13.9,13.9,10.4,,80,
401,Cyrus Gray\GrayCy00,KAN,RB,24,16,0,0,0,0,0,0,9,24,2.67,0,10,7,46,6.57,0,0,0,0,,,7,14.0,14.0,10.5,,118,
402,James Hanna\HannJa00,DAL,TE,24,16,8,0,0,0,0,0,0,0,,0,15,12,73,6.08,0,0,0,0,,,7,19.3,19.3,13.3,,74,
403,David Johnson\JohnDa05,PIT,TE,26,5,2,0,0,0,0,0,0,0,,0,6,4,70,17.50,0,0,0,0,,,7,11.0,11.0,9.0,,78,
404,Nick Kasa\KasaNi00,OAK,TE,23,16,1,0,0,0,0,0,0,0,,0,5,1,9,9.00,1,0,0,1,,,7,7.9,7.9,7.4,,79,
405,Marlon Moore\MoorMa02,2TM,WR,26,14,0,0,0,0,0,0,1,9,9.00,0,15,7,62,8.86,0,0,0,0,,,7,14.1,14.1,10.6,,155,
406,Jamize Olawale\OlawJa00,OAK,RB,24,16,1,0,0,0,0,0,3,6,2.00,0,11,7,63,9.00,0,0,0,0,,,7,13.9,13.9,10.4,,119,
407,Alex Smith\SmitAl02,CIN,TE,31,16,1,0,0,0,0,0,0,0,,0,6,3,12,4.00,1,1,0,1,,,7,10.2,10.2,8.7,,76,
408,Matt Spaeth\SpaeMa00,PIT,TE,30,4,2,0,0,0,0,0,0,0,,0,2,1,11,11.00,1,0,0,1,,,7,8.1,8.1,7.6,,77,
409,Jeremy Stewart\StewJe00,OAK,RB,24,13,0,0,0,0,0,0,2,2,1.00,1,2,2,6,3.00,0,0,0,1,,,7,8.8,8.8,7.8,,120,
410,Taylor Thompson\ThomTa00,TEN,TE,24,16,3,0,0,0,0,0,0,0,,0,7,3,13,4.33,1,0,0,1,,,7,10.3,10.3,8.8,,75,
411,Nick Toon\ToonNi00,NOR,WR,25,8,3,0,0,0,0,0,0,0,,0,12,4,68,17.00,0,0,0,0,,,7,10.8,10.8,8.8,,156,
412,Myles White\WhitMy00,GNB,WR,23,7,0,0,0,0,0,0,0,0,,0,12,9,66,7.33,0,0,0,0,,,7,15.6,15.6,11.1,,158,
413,Vick Ballard\BallVi00,IND,RB,23,1,1,0,0,0,0,0,13,63,4.85,0,2,1,-5,-5.00,0,0,0,0,,,6,6.8,6.8,6.3,,123,
414,Austin Collie\CollAu00,NWE,WR,28,7,1,0,0,0,0,0,0,0,,0,11,6,63,10.50,0,0,0,0,,,6,12.3,12.3,9.3,,160,
415,Josh Cooper\CoopJo00,CLE,WR,24,5,0,0,0,0,0,0,0,0,,0,14,9,60,6.67,0,0,0,0,,,6,15.0,15.0,10.5,,163,
416,Michael Cox\CoxxMi00,NYG,RB,25,14,1,0,0,0,0,0,22,43,1.95,0,3,3,12,4.00,0,0,0,0,,,6,8.5,8.5,7.0,,125,
417,Tony Fiammetta\FiamTo00,CHI,RB,27,16,7,0,0,0,0,0,0,0,,0,6,4,57,14.25,0,0,0,0,,,6,9.7,9.7,7.7,,124,
418,Taiwan Jones\JoneTa00,OAK,RB,25,16,0,0,0,0,0,0,5,23,4.60,0,3,2,55,27.50,0,2,1,0,,,6,7.8,8.8,6.8,,122,
419,Quinton Patton\PattQu00,SFO,WR,23,6,0,0,0,0,0,0,1,26,26.00,0,5,3,34,11.33,0,0,0,0,,,6,9.0,9.0,7.5,,162,
420,Dane Sanzenbacher\SanzDa00,CIN,WR,25,10,1,0,0,0,0,0,0,0,,0,8,6,61,10.17,0,0,0,0,,,6,12.1,12.1,9.1,,161,
421,Zach Sudfeld\SudfZa00,2TM,TE,24,14,2,0,0,0,0,0,0,0,,0,10,5,63,12.60,0,0,0,0,,,6,11.3,11.3,8.8,,81,
422,Markus Wheaton\WheaMa00,PIT,WR,22,12,1,0,0,0,0,0,0,0,,0,13,6,64,10.67,0,0,0,0,,,6,12.4,12.4,9.4,,159,
423,Patrick DiMarco\DiMaPa00,ATL,RB,24,14,7,0,0,0,0,0,0,0,,0,10,8,49,6.13,0,0,0,0,,,5,12.9,12.9,8.9,,127,
424,Patrick Edwards\EdwaPa00,DET,WR,25,4,2,0,0,0,0,0,0,0,,0,11,5,46,9.20,0,0,0,0,,,5,9.6,9.6,7.1,,166,
425,MarQueis Gray\GrayMa00,CLE,TE,24,12,2,0,0,0,0,0,6,43,7.17,0,9,2,8,4.00,0,0,0,0,,,5,7.1,7.1,6.1,,82,
426,Virgil Green\GreeVi00,DEN,TE,25,16,3,0,0,0,0,0,0,0,,0,12,9,45,5.00,0,0,0,0,,,5,13.5,13.5,9.0,,84,
427,Michael Hill\HillMi00,2TM,RB,24,8,0,0,0,0,0,0,9,23,2.56,0,2,2,23,11.50,0,0,0,0,,,5,6.6,6.6,5.6,,129,
428,Deji Karim\KariDe00,HOU,RB,27,7,0,0,0,0,0,0,12,51,4.25,0,2,1,-1,-1.00,0,0,0,0,,,5,6.0,6.0,5.5,,126,
429,Erik Lorig\LoriEr99,TAM,RB,27,15,9,0,0,0,0,0,0,0,,0,14,11,47,4.27,0,0,0,0,,,5,15.7,15.7,10.2,,128,
430,Niles Paul\PaulNi00,WAS,WR,24,15,4,0,0,0,0,0,0,0,,0,8,4,51,12.75,0,0,0,0,,,5,9.1,9.1,7.1,,164,
431,Weslye Saunders\SaunWe00,IND,TE,24,6,1,0,0,0,0,0,0,0,,0,11,4,46,11.50,0,0,0,0,,,5,8.6,8.6,6.6,,83,
432,Tyrod Taylor\TaylTy00,BAL,QB,24,3,0,1,5,2,0,1,8,64,8.00,0,1,1,6,6.00,0,0,0,0,,,5,6.1,7.1,6.6,,53,
433,Teddy Williams\WillTe00,ARI,WR,25,3,0,0,0,0,0,0,0,0,,0,1,1,51,51.00,0,0,0,0,,,5,6.1,6.1,5.6,,165,
434,C.J. Anderson\AndeC.00,DEN,RB,22,5,0,0,0,0,0,0,7,38,5.43,0,1,0,0,,0,0,0,0,,,4,3.8,3.8,3.8,,132,
435,Kevin Brock\BrocKe00,2TM,TE,27,8,0,0,0,0,0,0,0,0,,0,6,3,36,12.00,0,0,0,0,,,4,6.6,6.6,5.1,,88,
436,Nate Byham\ByhaNa00,TAM,TE,25,4,3,0,0,0,0,0,0,0,,0,3,3,38,12.67,0,0,0,0,,,4,6.8,6.8,5.3,,86,
437,Garrett Celek\CeleGa00,SFO,TE,25,12,1,0,0,0,0,0,0,0,,0,4,2,38,19.00,0,1,0,0,,,4,5.8,5.8,4.8,,87,
438,Jeff Demps\DempJe00,TAM,RB,23,2,0,0,0,0,0,0,1,14,14.00,0,3,3,21,7.00,0,0,0,0,,,4,6.5,6.5,5.0,,135,
439,Jerome Felton\FeltJe00,MIN,RB,27,13,9,0,0,0,0,0,0,0,,0,8,6,37,6.17,0,0,0,0,,,4,9.7,9.7,6.7,,133,
440,Alex Green\GreeAl00,NYJ,RB,25,13,0,0,0,0,0,0,11,35,3.18,0,2,2,8,4.00,0,0,0,0,,,4,6.3,6.3,5.3,,130,
441,Lestar Jean\JeanLe01,HOU,WR,25,13,0,0,0,0,0,0,0,0,,0,8,4,35,8.75,0,0,0,0,,,4,7.5,7.5,5.5,,169,
442,Greg Jenkins\JenkGr00,OAK,,24,6,0,0,0,0,0,0,0,0,,0,1,0,0,,0,1,1,1,,,4,4.0,5.0,4.0,,168,
443,Greg Jones\JoneGr01,HOU,RB,32,16,5,0,0,0,0,0,2,2,1.00,0,11,5,34,6.80,0,0,0,0,,,4,8.6,8.6,6.1,,134,
444,Brock Osweiler\OsweBr00,DEN,QB,23,4,0,11,16,95,0,0,3,2,0.67,0,0,0,0,,0,0,0,0,,,4,4.0,4.0,4.0,,54,
445,Eric Page\PageEr00,TAM,WR,22,16,1,0,0,0,0,0,2,14,7.00,0,9,4,68,17.00,0,3,2,0,,,4,8.2,10.2,6.2,,167,
446,Allen Reisner\ReisAl00,JAX,TE,25,5,3,0,0,0,0,0,0,0,,0,9,5,40,8.00,0,0,0,0,,,4,9.0,9.0,6.5,,85,
447,Will Ta'ufo'ou\TaufWi00,JAX,RB,27,16,7,0,0,0,0,0,1,1,1.00,0,15,10,40,4.00,0,0,0,0,,,4,14.1,14.1,9.1,,131,
448,Seneca Wallace\WallSe00,GNB,QB,33,2,1,16,24,139,0,1,0,0,,0,0,0,0,,0,0,0,0,,,4,3.6,4.6,4.6,,55,
449,Nick Williams\WillNi02,WAS,WR,23,5,0,0,0,0,0,0,0,0,,0,11,3,15,5.00,0,1,0,0,1,,4,6.5,6.5,5.0,,170,
450,Jonathan Baldwin\BaldJo00,SFO,WR,24,7,1,0,0,0,0,0,0,0,,0,9,3,28,9.33,0,0,0,0,,,3,5.8,5.8,4.3,,175,
451,James Casey\CaseJa00,PHI,TE,29,15,1,0,0,0,0,0,0,0,,0,6,3,31,10.33,0,0,0,0,,,3,6.1,6.1,4.6,,91,
452,John Conner\ConnJo00,NYG,RB,26,13,7,0,0,0,0,0,0,0,,0,11,6,31,5.17,0,0,0,0,,,3,9.1,9.1,6.1,,137,
453,Juron Criner\CrinJu00,OAK,WR,24,1,0,0,0,0,0,0,0,0,,0,8,3,32,10.67,0,0,0,0,,,3,6.2,6.2,4.7,,172,
454,Dominique Davis\DaviDo02,ATL,QB,24,1,0,5,7,34,0,0,0,0,,0,0,0,0,,0,0,0,0,,1,3,3.4,3.4,3.4,,56,
455,Skye Dawson\DawsSk00,TAM,WR,23,7,0,0,0,0,0,0,2,15,7.50,0,7,2,12,6.00,0,1,0,0,,,3,4.7,4.7,3.7,,176,
456,Dorin Dickerson\DickDo00,DET,TE,25,5,0,0,0,0,0,0,0,0,,0,5,2,34,17.00,0,0,0,0,,,3,5.4,5.4,4.4,,89,
457,Larry Donnell\DonnLa00,NYG,TE,25,16,1,0,0,0,0,0,0,0,,0,6,3,31,10.33,0,0,0,0,,,3,6.1,6.1,4.6,,92,
458,Bradie Ewing\EwinBr00,ATL,RB,24,2,2,0,0,0,0,0,0,0,,0,2,2,29,14.50,0,0,0,0,,,3,4.9,4.9,3.9,,139,
459,Matt Hasselbeck\HassMa00,IND,QB,38,3,0,7,12,130,0,1,2,-2,-1.00,0,0,0,0,,0,0,0,0,,,3,3.0,4.0,4.0,,57,
460,Dominique Jones\JoneDo01,2TM,TE,26,8,2,0,0,0,0,0,0,0,,0,3,2,34,17.00,0,0,0,0,,,3,5.4,5.4,4.4,,90,
461,Le'Ron McClain\McClLe00,SDG,RB,29,16,2,0,0,0,0,0,11,32,2.91,0,4,2,-7,-3.50,0,0,0,0,,,3,4.5,4.5,3.5,,142,
462,Collin Mooney\MoonCo00,TEN,RB,27,12,4,0,0,0,0,0,0,0,,0,6,6,32,5.33,0,0,0,0,,,3,9.2,9.2,6.2,,136,
463,John Phillips\PhilJo00,SDG,TE,26,15,6,0,0,0,0,0,0,0,,0,6,4,30,7.50,0,0,0,0,,,3,7.0,7.0,5.0,,93,
464,Isaac Redman\RedmIs20,PIT,RB,29,3,1,0,0,0,0,0,10,12,1.20,0,5,4,14,3.50,0,1,0,0,,,3,6.6,6.6,4.6,,141,
465,Denard Robinson\RobiDe00,JAX,WR,23,16,0,0,1,0,0,0,20,66,3.30,0,1,0,0,,0,3,2,0,,,3,2.6,4.6,2.6,,177,
466,Michael Robinson\RobiMi00,SEA,RB,30,9,3,0,0,0,0,0,1,0,0.00,0,3,2,27,13.50,0,0,0,0,,,3,4.7,4.7,3.7,,140,
467,Brad Smith\SmitBr01,2TM,WR,30,8,0,0,1,0,0,0,2,2,1.00,0,2,2,27,13.50,0,1,0,0,,,3,4.9,4.9,3.9,,174,
468,LaRod Stephens-Howling\StepLa00,PIT,RB,26,1,0,0,0,0,0,0,6,19,3.17,0,3,2,11,5.50,0,0,0,0,,,3,5.0,5.0,4.0,,138,
469,Ryan Taylor\TaylRy00,GNB,TE,26,14,1,0,0,0,0,0,0,0,,0,9,6,30,5.00,0,1,0,0,,,3,9.0,9.0,6.0,,94,
470,Lamaar Thomas\ThomLa02,JAX,WR,23,2,0,0,0,0,0,0,0,0,,0,3,2,31,15.50,0,0,0,0,,,3,5.1,5.1,4.1,,173,
471,Joe Webb\WebbJo00,MIN,WR,27,16,1,0,0,0,0,0,0,0,,0,11,5,33,6.60,0,0,0,0,,,3,8.3,8.3,5.8,,171,
472,Billy Bajema\BajeBi00,BAL,TE,31,6,1,0,0,0,0,0,0,0,,0,2,2,18,9.00,0,0,0,0,,,2,3.8,3.8,2.8,,96,
473,Matt Barkley\BarkMa00,PHI,QB,23,3,0,30,49,300,0,4,2,-2,-1.00,0,0,0,0,,0,3,1,0,,,2,1.8,9.8,5.8,,59,
474,Jack Doyle\DoylJa00,IND,TE,23,15,4,0,0,0,0,0,0,0,,0,7,5,19,3.80,0,0,0,0,,,2,6.9,6.9,4.4,,95,
475,Jeremy Ebert\EberJe00,JAX,WR,24,5,0,0,0,0,0,0,0,0,,0,8,3,18,6.00,0,0,0,0,,,2,4.8,4.8,3.3,,179,
476,Mike Gillislee\GillMi00,MIA,RB,23,3,0,0,0,0,0,0,6,21,3.50,0,0,0,0,,0,0,0,0,,,2,2.1,2.1,2.1,,144,
477,Ray Graham\GrahRa00,HOU,RB,23,1,0,0,0,0,0,0,4,8,2.00,0,3,1,12,12.00,0,0,0,0,,,2,3.0,3.0,2.5,,145,
478,Tori Gurley\GurlTo00,CLE,WR,26,3,0,0,0,0,0,0,0,0,,0,3,1,15,15.00,0,0,0,0,,,2,2.5,2.5,2.0,,181,
479,Chad Hall\HallCh00,KAN,WR,27,9,0,0,0,0,0,0,0,0,,0,7,2,20,10.00,0,0,0,0,,,2,4.0,4.0,3.0,,178,
480,Percy Harvin\HarvPe00,SEA,WR,25,1,0,0,0,0,0,0,0,0,,0,1,1,17,17.00,0,0,0,0,,,2,2.7,2.7,2.2,,180,
481,Josh Johnson\JohnJo05,CIN,QB,27,2,0,0,0,0,0,0,7,20,2.86,0,0,0,0,,0,1,0,0,,,2,2.0,2.0,2.0,,58,
482,Cedric Peerman\PeerCe00,CIN,RB,27,16,0,0,0,0,0,0,8,17,2.13,0,0,0,0,,0,0,0,0,,,2,1.7,1.7,1.7,,146,
483,Bernard Scott\ScotBe00,BAL,RB,29,2,0,0,0,0,0,0,4,14,3.50,0,2,2,10,5.00,0,0,0,0,,,2,4.4,4.4,3.4,,143,
484,Kory Sperry\SperKo00,ARI,TE,28,8,2,0,0,0,0,0,0,0,,0,1,1,16,16.00,0,0,0,0,,,2,2.6,2.6,2.1,,97,
485,Joe Banyard\BanyJo00,MIN,RB,25,3,0,0,0,0,0,0,0,0,,0,1,1,11,11.00,0,0,0,0,,,1,2.1,2.1,1.6,,148,
486,Kenjon Barner\BarnKe00,CAR,RB,24,8,0,0,0,0,0,0,6,7,1.17,0,3,2,7,3.50,0,1,0,0,,,1,3.4,3.4,2.4,,147,
487,Orson Charles\CharOr00,CIN,TE,22,13,0,0,0,0,0,0,0,0,,0,2,1,8,8.00,0,0,0,0,,,1,1.8,1.8,1.3,,100,
488,Kevin Cone\ConeKe00,ATL,WR,25,16,0,0,0,0,0,0,0,0,,0,1,1,12,12.00,0,0,0,0,,,1,2.2,2.2,1.7,,184,
489,Marcus Easley\EaslMa00,BUF,WR,26,16,0,0,0,0,0,0,0,0,,0,5,2,13,6.50,0,0,0,0,,,1,3.3,3.3,2.3,,182,
490,Armanti Edwards\EdwaAr00,2TM,WR,25,6,0,0,0,0,0,0,1,0,0.00,0,5,1,10,10.00,0,0,0,0,,,1,2.0,2.0,1.5,,186,
491,Henry Hynoski\HynoHe01,NYG,RB,25,3,2,0,0,0,0,0,0,0,,0,2,1,5,5.00,0,0,0,0,,,1,1.5,1.5,1.0,,155,
492,Mikel Leshoure\LeshMi00,DET,RB,23,3,0,0,0,0,0,0,2,9,4.50,0,0,0,0,,0,0,0,0,,,1,0.9,0.9,0.9,,151,
493,Zach Line\LineZa01,MIN,RB,23,3,1,0,0,0,0,0,0,0,,0,3,1,8,8.00,0,0,0,0,,,1,1.8,1.8,1.3,,152,
494,Mike McNeill\McNeMi00,STL,TE,25,14,0,0,0,0,0,0,0,0,,0,1,1,5,5.00,0,0,0,0,,,1,1.5,1.5,1.0,,103,
495,Ben Obomanu\ObomBe00,NYJ,WR,30,3,0,0,0,0,0,0,0,0,,0,1,1,8,8.00,0,0,0,0,,,1,1.8,1.8,1.3,,188,
496,Michael Palmer\PalmMi00,PIT,TE,25,16,0,0,0,0,0,0,0,0,,0,1,1,8,8.00,0,0,0,0,,,1,1.8,1.8,1.3,,99,
497,Konrad Reuland\ReulKo00,NYJ,TE,26,10,0,0,0,0,0,0,0,0,,0,3,1,7,7.00,0,0,0,0,,,1,1.7,1.7,1.2,,101,
498,Dante Rosario\RosaDa00,CHI,TE,29,15,3,0,0,0,0,0,0,0,,0,4,1,13,13.00,0,0,0,0,,,1,2.3,2.3,1.8,,98,
499,Armond Smith\SmitAr00,CAR,RB,27,5,0,0,0,0,0,0,4,5,1.25,0,0,0,0,,0,0,0,0,,,1,0.5,0.5,0.5,,154,
500,Craig Stevens\StevCr00,TEN,TE,29,15,14,0,0,0,0,0,0,0,,0,6,2,5,2.50,0,0,0,0,,,1,2.5,2.5,1.5,,102,
501,Brandon Tate\TateBr00,CIN,WR,26,16,0,0,0,0,0,0,0,0,,0,2,1,6,6.00,0,2,0,0,,,1,1.6,1.6,1.1,,189,
502,Brian Tyms\TymsBr00,CLE,WR,24,7,0,0,0,0,0,0,0,0,,0,5,2,12,6.00,0,0,0,0,,,1,3.2,3.2,2.2,,185,
503,Spencer Ware\WareSp00,SEA,RB,22,2,0,0,0,0,0,0,3,10,3.33,0,0,0,0,,0,0,0,0,,,1,1.0,1.0,1.0,,149,
504,Eric Weems\WeemEr00,CHI,WR,28,16,0,0,0,0,0,0,0,0,,0,2,1,8,8.00,0,0,0,0,,,1,1.8,1.8,1.3,,187,
505,Marquess Wilson\WilsMa02,CHI,WR,21,10,1,0,0,0,0,0,0,0,,0,3,2,13,6.50,0,0,0,0,,,1,3.3,3.3,2.3,,183,
506,Ronnie Wingo\WingRo00,BUF,RB,22,2,0,0,0,0,0,0,1,4,4.00,0,1,1,2,2.00,0,0,0,0,,,1,1.6,1.6,1.1,,153,
507,Cierre Wood\WoodCi00,2TM,RB,22,5,0,0,0,0,0,0,3,9,3.00,0,0,0,0,,0,0,0,0,,,1,0.9,0.9,0.9,,150,
508,T.J. Yates\YateT.00,HOU,QB,26,3,0,15,22,113,0,2,1,0,0.00,0,0,0,0,,0,1,0,0,,,1,0.5,2.5,2.5,,60,
509,Derek Anderson\AndeDe00,CAR,QB,30,4,0,0,0,0,0,0,5,0,0.00,0,0,0,0,,0,0,0,0,,,,,,,,63,
510,Joe Anderson\AndeJo00,CHI,,25,6,0,0,0,0,0,0,0,0,,0,1,0,0,,0,0,0,0,,,,,,,,208,
511,Josh Bellamy\BellJo02,WAS,,24,5,0,0,0,0,0,0,0,0,,0,,0,0,,0,0,0,0,,,,,,,,199,
512,Kahlil Bell\BellKa00,GNB,,27,3,0,0,0,0,0,0,0,0,,0,,0,0,,0,0,0,0,,,,,,,,165,
513,Allen Bradford\BradAl00,2TM,,25,10,0,0,0,0,0,0,0,0,,0,,0,0,,0,0,0,0,,,,,,,,163,
514,Rex Burkhead\BurkRe00,CIN,,23,1,0,0,0,0,0,0,0,0,,0,,0,0,,0,0,,0,,,,,,,,166,
515,Jake Byrne\ByrnJa00,2TM,,23,8,0,0,0,0,0,0,0,0,,0,0,0,0,,0,0,,0,,,,,,,,107,
516,Derek Carrier\CarrDe00,SFO,,23,5,0,0,0,0,0,0,0,0,,0,,0,0,,0,0,,0,,,,,,,,192,
517,Delone Carter\CartDe01,JAX,,26,1,0,0,0,0,0,0,0,0,,0,,0,0,,0,0,,0,,,,,,,,164,
518,Chase Coffman\CoffCh00,ATL,,27,11,0,0,0,0,0,0,0,0,,0,2,0,0,,0,0,0,0,,,,,,,,121,
519,B.J. Cunningham\CunnB.00,PHI,,24,2,0,0,0,0,0,0,0,0,,0,,0,0,,0,0,,0,,,,,,,,210,
520,Justice Cunningham\CunnJu00,2TM,TE,22,2,0,0,0,0,0,0,0,0,,0,1,1,4,4.00,0,0,0,0,,,,1.4,1.4,0.9,,104,
521,Shaun Draughn\DrauSh00,BAL,RB,26,3,0,0,0,0,0,0,4,2,0.50,0,0,0,0,,0,0,0,0,,,,0.2,0.2,0.2,,157,
522,Michael Ford\FordMi00,CHI,,23,12,0,0,0,0,0,0,0,0,,0,,0,0,,0,0,0,0,,,,,,,,167,
523,Richard Gordon\GordRi00,KAN,TE,26,2,0,0,0,0,0,0,0,0,,0,1,1,3,3.00,0,0,0,0,,,,1.3,1.3,0.8,,105,
524,Saalim Hakim\HakiSa00,NYJ,WR,23,3,0,0,0,0,0,0,2,-3,-1.50,0,1,0,0,,0,0,0,0,,,,-0.3,-0.3,-0.3,,212,
525,Chris Harper\HarpCh00,GNB,,24,4,0,0,0,0,0,0,0,0,,0,,0,0,,0,0,0,0,,,,,,,,191,
526,Clark Harris\HarrCl20,CIN,,29,16,0,0,0,0,0,0,0,0,,0,,0,0,,0,0,0,0,,,,,,,,108,
527,Ben Hartsock\HartBe00,CAR,,33,13,2,0,0,0,0,0,0,0,,0,0,0,0,,0,0,,0,,,,,,,,110,
528,Lavelle Hawkins\HawkLa00,SDG,,27,4,0,0,0,0,0,0,0,0,,0,,0,0,,0,0,0,0,,,,,,,,194,
529,Shaun Hill\HillSh00,DET,QB,33,1,0,0,0,0,0,0,2,-2,-1.00,0,0,0,0,,0,0,0,0,,,,-0.2,-0.2,-0.2,,65,
530,D.C. Jefferson\JeffD.00,ARI,,24,4,0,0,0,0,0,0,0,0,,0,,0,0,,0,0,,0,,,,,,,,124,
531,Quinn Johnson\JohnQu00,TEN,,27,4,0,0,0,0,0,0,0,0,,0,1,0,0,,0,0,0,0,,,,,,,,161,
532,Landry Jones\JoneLa02,PIT,,24,1,0,0,0,0,0,0,0,0,,0,,0,0,,0,0,,0,,,,,,,,61,
533,Travis Kelce\KelcTr00,KAN,,24,1,0,0,0,0,0,0,0,0,,0,,0,0,,0,0,,0,,,,,,,,119,
534,Mike Leach\LeacMi00,ARI,,37,16,0,0,0,0,0,0,0,0,,0,,0,0,,0,0,0,0,,,,,,,,112,
535,Lance Lewis\LewiLa00,WAS,,25,3,0,0,0,0,0,0,0,0,,0,,0,0,,0,0,,0,,,,,,,,197,
536,Colt McCoy\McCoCo00,SFO,QB,27,4,0,1,1,13,0,0,6,-6,-1.00,0,0,0,0,,0,0,0,0,,,,-0.1,-0.1,-0.1,,64,
537,Luke McCown\McCoLu00,NOR,QB,32,16,0,0,1,0,0,0,3,-4,-1.33,0,0,0,0,,0,0,0,0,,,,-0.4,-0.4,-0.4,,66,
538,Marvin McNutt\McNuMa00,CAR,,24,1,0,0,0,0,0,0,0,0,,0,1,0,0,,0,0,0,0,,,,,,,,203,
539,Keavon Milton\MiltKe00,CLE,,23,8,0,0,0,0,0,0,0,0,,0,,0,0,,0,0,,0,,,,,,,,111,
540,Tony Moeaki\MoeaTo00,BUF,,26,2,0,0,0,0,0,0,0,0,,0,,0,0,,0,0,,0,,,,,,,,117,
541,Dan Orlovsky\OrloDa00,TAM,,30,2,0,0,0,0,0,0,0,0,,0,,0,0,,0,0,,0,,,,,,,,62,
542,Montell Owens\OwenMo01,DET,,29,1,0,0,0,0,0,0,0,0,,0,,0,0,,0,0,,0,,,,,,,,168,
543,Tobais Palmer\PalmTo00,JAX,,23,1,0,0,0,0,0,0,0,0,,0,,0,0,,0,0,,0,,,,,,,,202,
544,Chris Rainey\RainCh00,IND,,25,2,0,0,0,0,0,0,0,0,,0,1,0,0,,0,2,0,0,,,,,,,,162,
545,David Reed\ReedDa00,IND,WR,26,7,0,0,0,0,0,0,0,0,,0,3,1,2,2.00,0,0,0,0,,,,1.2,1.2,0.7,,190,
546,Adrien Robinson\RobiAd00,NYG,,25,1,0,0,0,0,0,0,0,0,,0,,0,0,,0,0,,0,,,,,,,,125,
547,Brian Robiskie\RobiBr00,ATL,,26,1,0,0,0,0,0,0,0,0,,0,1,0,0,,0,0,0,0,,,,,,,,193,
548,Evan Rodriguez\RodrEv00,BUF,,25,7,0,0,0,0,0,0,0,0,,0,1,0,0,,0,0,0,0,,,,,,,,114,
549,Evan Royster\RoysEv00,WAS,RB,26,10,0,0,0,0,0,0,2,0,0.00,0,1,1,3,3.00,0,0,0,0,,,,1.3,1.3,0.8,,156,
550,Russell Shepard\ShepRu00,TAM,,23,14,0,0,0,0,0,0,0,0,,0,0,0,0,,0,0,0,0,,,,,,,,204,
551,Visanthe Shiancoe\ShiaVi00,TEN,TE,33,1,1,0,0,0,0,0,0,0,,0,2,2,2,1.00,0,0,0,0,,,,2.2,2.2,1.2,,106,
552,Matthew Slater*\SlatMa00,NWE,,28,12,0,0,0,0,0,0,0,0,,0,,0,0,,0,0,0,0,,,,,,,,205,
553,Brad Smelley\SmelBr00,HOU,,24,2,0,0,0,0,0,0,0,0,,0,,0,0,,0,0,,0,,,,,,,,109,
554,Rodney Smith\SmitRo05,MIN,,23,4,0,0,0,0,0,0,0,0,,0,0,0,0,,0,0,0,0,,,,,,,,195,
555,Nate Solder\SoldNa00,NWE,,25,15,15,0,0,0,0,0,0,0,,0,1,0,0,,0,0,0,0,,,,,,,,115,
556,Ryan Spadola\SpadRy00,2TM,,22,4,0,0,0,0,0,0,0,0,,0,1,0,0,,0,0,0,0,,,,,,,,196,
557,Micheal Spurlock\SpurMi00,2TM,,30,11,0,0,0,0,0,0,0,0,,0,0,0,0,,0,0,0,0,,,,,,,,211,
558,Luke Stocker\StocLu00,TAM,,25,2,2,0,0,0,0,0,0,0,,0,,0,0,,0,0,,0,,,,,,,,120,
559,Jake Stoneburner\StonJa01,GNB,,24,9,0,0,0,0,0,0,0,0,,0,0,0,0,,0,0,0,0,,,,,,,,116,
560,Phillip Supernaw\SupePh00,HOU,,23,1,0,0,0,0,0,0,0,0,,0,,0,0,,0,0,,0,,,,,,,,122,
561,Julian Talley\TallJu00,NYG,,24,2,0,0,0,0,0,0,0,0,,0,2,0,0,,0,0,0,0,,,,,,,,206,
562,Chris Thompson\ThomCh03,WAS,,23,4,0,0,0,0,0,0,0,0,,0,0,0,0,,0,0,0,0,,,,,,,,159,
563,Matthew Tucker\TuckMa00,PHI,,22,2,0,0,0,0,0,0,0,0,,0,,0,0,,0,0,,0,,,,,,,,160,
564,Josh Vaughan\VaugJo01,ATL,RB,27,6,0,0,0,0,0,0,1,1,1.00,0,1,1,-5,-5.00,0,0,0,0,,,,0.6,0.6,0.1,,169,
565,Matt Veldman\VeldMa00,DET,,25,1,0,0,0,0,0,0,0,0,,0,,0,0,,0,0,,0,,,,,,,,113,
566,Justin Veltung\VeltJu00,STL,,22,3,0,0,0,0,0,0,0,0,,0,0,0,0,,0,0,0,0,,,,,,,,209,
567,Ryan Whalen\WhalRy00,CIN,,24,4,0,0,0,0,0,0,0,0,,0,,0,0,,0,0,0,0,,,,,,,,201,
568,Brandon Williams\WillBr04,CAR,,26,9,0,0,0,0,0,0,0,0,,0,,0,0,,0,0,0,0,,,,,,,,123,
569,Chris Williams\WillCh03,STL,,28,16,16,0,0,0,0,0,0,0,,0,0,0,0,,0,0,,0,,,,,,,,198,
570,Kerwynn Williams\WillKe05,2TM,,22,2,0,0,0,0,0,0,0,0,,0,,0,0,,0,0,0,0,,,,,,,,158,
571,Stephen Williams\WillSt01,2TM,,27,6,0,0,0,0,0,0,0,0,,0,4,0,0,,0,0,0,0,,,,,,,,207,
572,George Wilson\WilsGe01,TEN,,32,16,3,0,0,0,0,0,0,0,,0,0,0,0,,0,0,0,0,,,,,,,,200,
573,Will Yeatman\YeatWi00,MIA,,25,8,0,0,0,0,0,0,0,0,,0,,0,0,,0,0,,0,,,,,,,,118,
574,Richie Brockel\BrocRi00,CAR,TE,27,16,0,0,0,0,0,0,1,1,1.00,0,1,1,12,12.00,0,1,1,0,,,-1,0.3,1.3,-0.2,,126,
575,Damaris Johnson\JohnDa04,PHI,WR,24,13,0,0,0,0,0,0,0,0,,0,3,2,14,7.00,0,1,1,0,,,-1,1.4,2.4,0.4,,213,
576,Charlie Whitehurst\WhitCh02,SDG,QB,31,2,0,0,0,0,0,0,6,-5,-0.83,0,0,0,0,,0,0,0,0,,,-1,-0.5,-0.5,-0.5,,67,
577,Tyler Clutts\ClutTy00,2TM,RB,29,8,0,0,0,0,0,0,0,0,,0,2,1,4,4.00,0,1,1,0,,,-2,-0.6,0.4,-1.1,,170,
578,Matt Moore\MoorMa01,MIA,QB,29,1,0,2,6,53,0,2,0,0,,0,0,0,0,,0,1,0,0,,,-2,-1.9,0.1,0.1,,68,
579,Curtis Painter\PainCu00,NYG,QB,28,3,0,8,16,57,0,2,3,-2,-0.67,0,0,0,0,,0,2,0,0,,,-2,-1.9,0.1,0.1,,69,
580,Devon Wylie\WyliDe00,TEN,,25,2,0,0,0,0,0,0,0,0,,0,,0,0,,0,2,1,0,,,-2,-2.0,-1.0,-2.0,,214,