,,,,,Games,Games,Passing,Passing,Passing,Passing,Passing,Rushing,Rushing,Rushing,Rushing,Receiving,Receiving,Receiving,Receiving,Receiving,Fumbles,Fumbles,Scoring,Scoring,Scoring,Fantasy,Fantasy,Fantasy,Fantasy,Fantasy,Fantasy,Fantasy
Rk,Player,Tm,FantPos,Age,G,GS,Cmp,Att,Yds,TD,Int,Att,Yds,Y/A,TD,Tgt,Rec,Yds,Y/R,TD,Fmb,FL,TD,2PM,2PP,FantPt,PPR,DKPt,FDPt,VBD,PosRank,OvRank
1,DeMarco Murray*+\MurrDe00,DAL,RB,26,16,16,0,0,0,0,0,392,1845,4.71,13,64,57,416,7.30,0,6,5,13,,,294,351.1,362.1,322.6,173,1,1
2,Le'Veon Bell*+\BellLe00,PIT,RB,22,16,16,0,0,0,0,0,290,1361,4.69,8,105,83,854,10.29,3,0,0,11,,,288,370.5,376.5,329.0,167,2,2
3,Marshawn Lynch *\LyncMa00,SEA,RB,28,16,14,0,0,0,0,0,280,1306,4.66,13,48,37,367,9.92,4,4,2,17,,,265,302.3,310.3,283.8,144,3,3
4,Antonio Brown *+\BrowAn04,PIT,WR,26,16,16,2,2,20,1,0,4,13,3.25,0,181,129,1698,13.16,13,2,2,14,1,,258,386.9,391.9,322.4,136,1,4
5,Matt Forte\FortMa00,CHI,RB,29,16,16,0,0,0,0,0,266,1038,3.90,6,130,102,808,7.92,4,2,2,10,2,,245,346.6,354.6,295.6,124,4,5
6,Arian Foster *\FostAr00,HOU,RB,28,13,13,1,1,5,1,0,260,1246,4.79,8,59,38,327,8.61,5,2,2,13,,,236,273.5,281.5,254.5,115,5,6
7,Eddie Lacy\LacyEd00,GNB,RB,24,16,16,0,0,0,0,0,246,1139,4.63,9,55,42,427,10.17,4,3,2,13,,,231,272.6,280.6,251.6,110,6,7
8,Jordy Nelson*\NelsJo00,GNB,WR,29,16,16,0,0,0,0,0,0,0,,0,151,98,1519,15.50,13,0,0,13,,,230,327.9,330.9,278.9,108,3,8
9,Demaryius Thomas*\ThomDe03,DEN,WR,27,16,16,0,0,0,0,0,0,0,,0,184,111,1619,14.59,11,0,0,11,1,,230,340.9,343.9,285.4,108,2,9
10,Dez Bryant*+\BryaDe01,DAL,WR,26,16,16,0,0,0,0,0,0,0,,0,136,88,1320,15.00,16,1,0,16,,,228,316.0,319.0,272.0,106,4,10
11,Rob Gronkowski*+\GronRo00,NWE,TE,25,15,10,0,0,0,0,0,0,0,,0,131,82,1124,13.71,12,0,0,12,,,184,266.4,269.4,225.4,94,1,11
12,Jamaal Charles*\CharJa00,KAN,RB,28,15,15,0,0,0,0,0,206,1033,5.01,9,59,40,291,7.28,5,5,3,14,,,210,250.4,259.4,230.4,89,7,12
13,Aaron Rodgers *+\RodgAa00,GNB,QB,31,16,16,341,520,4381,38,5,43,269,6.26,2,0,0,0,,0,12,2,2,,1,354,354.1,367.1,359.1,89,1,13
14,Andrew Luck *\LuckAn00,IND,QB,25,16,16,380,616,4761,40,16,64,273,4.27,3,0,0,0,,0,13,6,3,,,352,351.7,379.7,367.7,86,2,14
15,Odell Beckham Jr.*\BeckOd00,NYG,WR,22,12,11,0,1,0,0,0,7,35,5.00,0,130,91,1305,14.34,12,1,1,12,,,204,295.0,299.0,249.5,82,5,15
16,Justin Forsett*\ForsJu00,BAL,RB,29,16,14,0,0,0,0,0,235,1266,5.39,8,59,44,263,5.98,0,2,0,8,1,,203,246.9,252.9,224.9,82,8,16
17,Randall Cobb*\CobbRa00,GNB,WR,24,16,16,0,0,0,0,0,11,37,3.36,0,127,91,1287,14.14,12,4,2,12,1,,202,293.4,298.4,247.9,81,6,17
18,Emmanuel Sanders *\SandEm00,DEN,WR,27,16,16,0,0,0,0,0,8,44,5.50,0,141,101,1404,13.90,9,1,0,9,1,,201,301.8,304.8,251.3,79,7,18
19,Julio Jones *\JoneJu02,ATL,WR,25,15,15,0,0,0,0,0,1,1,1.00,0,163,104,1593,15.32,6,2,1,6,,,193,297.4,301.4,245.4,72,8,19
20,Jeremy Maclin\MaclJe00,PHI,WR,26,16,16,0,0,0,0,0,0,0,,0,143,85,1318,15.51,10,0,0,10,,,192,276.8,279.8,234.3,70,9,20
21,Lamar Miller\MillLa01,MIA,RB,23,16,16,0,0,0,0,0,216,1099,5.09,8,52,38,275,7.24,1,3,3,9,,,185,223.4,232.4,204.4,64,9,21
22,Russell Wilson\WilsRu00,SEA,QB,26,16,16,285,452,3475,20,7,118,849,7.19,6,1,1,17,17.00,0,13,0,6,,1,330,330.6,343.6,337.1,64,3,22
23,Antonio Gates\GateAn00,SDG,TE,34,16,14,0,0,0,0,0,0,0,,0,98,69,821,11.90,12,1,0,12,,,154,223.1,226.1,188.6,64,2,23
24,Jeremy Hill\HillJe01,CIN,RB,22,16,8,0,0,0,0,0,222,1124,5.06,9,32,27,215,7.96,0,5,2,9,,,184,210.9,218.9,197.4,63,10,24
25,C.J. Anderson*\AndeC.00,DEN,RB,23,15,7,0,0,0,0,0,179,849,4.74,8,44,34,324,9.53,2,1,0,10,,,177,211.3,217.3,194.3,56,11,25
26,Mike Evans\EvanMi00,TAM,WR,21,15,15,0,0,0,0,0,0,0,,0,122,68,1051,15.46,12,0,0,12,,,177,245.1,248.1,211.1,56,10,26
27,Alshon Jeffery\JeffAl00,CHI,WR,24,16,16,0,0,0,0,0,6,33,5.50,0,145,85,1133,13.33,10,1,0,10,,,177,261.6,264.6,219.1,55,11,27
28,T.Y. Hilton*\HiltT.00,IND,WR,25,15,15,0,0,0,0,0,2,20,10.00,0,131,82,1345,16.40,7,3,1,7,,,177,258.5,262.5,217.5,55,12,28
29,Jimmy Graham*\GrahJi00,NOR,TE,28,16,13,0,0,0,0,0,0,0,,0,125,85,889,10.46,10,2,2,10,,,145,229.9,234.9,187.4,55,3,29
30,LeSean McCoy*\McCoLe01,PHI,RB,26,16,16,0,0,0,0,0,312,1319,4.23,5,37,28,155,5.54,0,4,3,5,,,171,199.4,208.4,185.4,50,12,30
31,Alfred Morris *\MorrAl00,WAS,RB,26,16,16,0,0,0,0,0,265,1074,4.05,8,26,17,155,9.12,0,2,0,8,,,171,187.9,193.9,179.4,50,13,31
32,Peyton Manning *\MannPe00,DEN,QB,38,16,16,395,597,4727,39,15,24,-24,-1.00,0,0,0,0,,0,6,2,0,,2,313,312.7,332.7,327.7,47,4,32
33,Greg Olsen*\OlseGr00,CAR,TE,29,16,16,0,0,0,0,0,0,0,,0,123,84,1008,12.00,6,1,0,6,,,137,220.8,223.8,178.8,47,4,33
34,Joique Bell\BellJo01,DET,RB,28,15,6,0,0,0,0,0,223,860,3.86,7,53,34,322,9.47,1,5,1,8,,,164,198.2,205.2,181.2,43,14,34
35,Mark Ingram*\IngrMa01,NOR,RB,25,13,9,0,0,0,0,0,226,964,4.27,9,36,29,145,5.00,0,3,1,9,,,163,191.9,198.9,177.4,42,15,35
36,Martellus Bennett *\BennMa00,CHI,TE,27,16,15,0,0,0,0,0,0,0,,0,128,90,916,10.18,6,0,0,6,2,,132,221.6,224.6,176.6,41,5,36
37,Ben Roethlisberger*\RoetBe00,PIT,QB,32,16,16,408,608,4952,32,9,33,27,0.82,0,0,0,-6,,0,9,5,0,,3,306,306.2,323.2,315.2,41,5,37
38,Golden Tate*\TateGo00,DET,WR,26,16,16,0,0,0,0,0,5,30,6.00,0,144,99,1331,13.44,4,1,0,4,,,160,259.1,262.1,209.6,39,13,38
39,Drew Brees*\BreeDr00,NOR,QB,35,16,16,456,659,4952,33,17,27,68,2.52,1,1,1,1,1.00,0,7,3,1,,,303,304.0,327.0,320.5,37,6,39
40,Coby Fleener\FleeCo00,IND,TE,26,16,12,0,0,0,0,0,0,0,,0,92,51,774,15.18,8,0,0,8,,,125,176.4,179.4,150.9,35,6,40
41,Calvin Johnson *\JohnCa00,DET,WR,29,13,13,0,0,0,0,0,0,0,,0,128,71,1077,15.17,8,0,0,8,,,156,226.7,229.7,191.2,34,14,41
42,DeAndre Hopkins\HopkDe00,HOU,WR,22,16,16,0,0,0,0,0,0,0,,0,127,76,1210,15.92,6,2,1,6,,,155,231.0,235.0,193.0,33,15,42
43,DeSean Jackson\JackDe00,WAS,WR,28,15,13,0,0,0,0,0,4,7,1.75,0,95,56,1169,20.88,6,0,0,6,,,154,209.6,212.6,181.6,32,16,43
44,Kelvin Benjamin\BenjKe00,CAR,WR,23,16,15,0,0,0,0,0,0,0,,0,145,73,1008,13.81,9,1,1,9,,,153,225.8,229.8,189.3,31,17,44
45,Julius Thomas*\ThomJu00,DEN,TE,26,13,10,0,0,0,0,0,0,0,,0,62,43,489,11.37,12,1,0,12,,,121,163.9,166.9,142.4,31,7,45
46,Matt Asiata\AsiaMa00,MIN,RB,27,15,9,0,0,0,0,0,164,570,3.48,9,63,44,312,7.09,1,1,1,10,2,,150,194.2,201.2,172.2,29,16,46
47,Frank Gore\GoreFr00,SFO,RB,31,16,16,0,0,0,0,0,255,1106,4.34,4,19,11,111,10.09,1,2,2,5,,,148,158.7,166.7,153.2,27,17,47
48,Travis Kelce\KelcTr00,KAN,TE,25,16,11,0,0,0,0,0,0,0,,0,87,67,862,12.87,5,4,3,6,,,116,183.2,189.2,149.7,26,8,48
49,Mike Wallace\WallMi00,MIA,WR,28,16,16,0,1,0,0,0,4,16,4.00,0,115,67,862,12.87,10,2,1,10,,,146,212.8,216.8,179.3,24,18,49
50,Giovani Bernard\BernGi00,CIN,RB,23,13,9,0,0,0,0,0,168,680,4.05,5,59,43,349,8.12,2,0,0,7,,,145,187.9,193.9,166.4,24,18,50
51,Delanie Walker\WalkHu00,TEN,TE,30,15,14,0,0,0,0,0,0,0,,0,106,63,890,14.13,4,2,0,4,,,113,176.0,179.0,144.5,23,9,51
52,Torrey Smith\SmitTo02,BAL,WR,25,16,16,0,0,0,0,0,0,0,,0,92,49,767,15.65,11,0,0,11,,,143,191.7,194.7,167.2,21,19,52
53,Steve Smith\SmitSt01,BAL,WR,35,16,16,0,0,0,0,0,0,0,,0,134,79,1065,13.48,6,1,1,6,,,141,219.5,223.5,180.0,19,20,53
54,Matt Ryan*\RyanMa00,ATL,QB,29,16,16,415,628,4694,28,14,29,145,5.00,0,0,0,0,,0,5,2,0,,1,284,284.3,306.3,298.3,19,7,54
55,Anquan Boldin\BoldAn00,SFO,WR,34,16,16,0,1,0,0,0,1,4,4.00,0,130,83,1062,12.80,5,0,0,5,,,137,219.6,222.6,178.1,15,22,55
56,Julian Edelman\EdelJu00,NWE,WR,28,14,13,0,0,0,0,0,10,94,9.40,0,134,92,972,10.57,4,5,0,5,,,137,228.6,231.6,182.6,15,21,56
57,Brandon LaFell\LaFeBr00,NWE,WR,28,16,13,0,0,0,0,0,2,13,6.50,0,119,74,953,12.88,7,1,1,7,,,137,210.6,214.6,173.6,15,23,57
58,A.J. Green*\GreeA.00,CIN,WR,26,13,13,0,0,0,0,0,2,2,1.00,0,117,69,1041,15.09,6,3,2,6,,,136,205.3,210.3,170.8,15,24,58
59,Jordan Matthews\MattJo00,PHI,WR,22,16,10,0,0,0,0,0,0,0,,0,103,67,872,13.01,8,0,0,8,,,135,202.2,205.2,168.7,14,25,59
60,Chris Ivory\IvorCh00,NYJ,RB,26,16,10,0,0,0,0,0,198,821,4.15,6,27,18,123,6.83,1,2,1,7,,,134,152.4,159.4,143.4,13,19,60
61,Ryan Tannehill\TannRy00,MIA,QB,26,16,16,392,590,4045,27,12,56,311,5.55,1,1,1,-4,-4.00,0,10,2,1,,,279,279.5,299.5,291.0,13,8,61
62,Tom Brady *\BradTo00,NWE,QB,37,16,16,373,582,4109,33,9,36,57,1.58,0,0,0,0,,0,6,3,0,,,278,278.1,293.1,287.1,12,9,62
63,Sammy Watkins\WatkSa00,BUF,WR,21,16,16,0,0,0,0,0,2,8,4.00,0,128,65,982,15.11,6,1,1,6,,,133,198.0,202.0,165.5,11,26,63
64,Roddy White\WhitRo00,ATL,WR,33,14,14,0,0,0,0,0,0,0,,0,125,80,921,11.51,7,3,1,7,,,132,212.1,216.1,172.1,11,27,64
65,Andre Ellington\ElliAn00,ARI,RB,25,12,12,0,0,0,0,0,201,660,3.28,3,64,46,395,8.59,2,2,2,5,,,132,177.5,185.5,154.5,11,20,65
66,Jason Witten*\WittJa00,DAL,TE,32,16,16,0,0,0,0,0,0,0,,0,90,64,703,10.98,5,0,0,5,,,100,164.3,167.3,132.3,10,10,66
67,Andre Williams\WillAn00,NYG,RB,22,16,7,0,0,0,0,0,217,721,3.32,7,37,18,130,7.22,0,1,0,7,,,127,145.1,151.1,136.1,6,21,67
68,Eric Decker\DeckEr00,NYJ,WR,27,15,15,0,0,0,0,0,0,0,,0,115,74,962,13.00,5,0,0,5,,,126,200.2,203.2,163.2,5,28,68
69,Eli Manning\MannEl00,NYG,QB,33,16,16,379,601,4410,30,14,12,31,2.58,1,0,0,0,,0,7,4,1,,,270,269.5,290.5,283.5,4,10,69
70,Heath Miller\MillHe00,PIT,TE,32,16,16,0,0,0,0,0,0,0,,0,91,66,761,11.53,3,2,1,3,1,,94,160.1,164.1,127.1,4,11,70
71,Mohamed Sanu\SanuMo00,CIN,WR,25,16,13,3,3,79,1,0,7,51,7.29,0,98,56,790,14.11,5,0,0,5,1,,123,179.3,182.3,151.3,2,29,71
72,Fred Jackson\JackFr02,BUF,RB,33,14,9,0,1,0,0,0,141,525,3.72,2,90,66,501,7.59,1,5,0,3,1,,123,188.6,194.6,155.6,2,22,72
73,Tony Romo *\RomoTo00,DAL,QB,34,15,15,304,435,3705,34,9,26,61,2.35,0,0,0,0,,0,9,3,0,,,266,266.3,281.3,275.3,1,11,73
74,Steven Jackson\JackSt00,ATL,RB,31,15,15,0,0,0,0,0,190,707,3.72,6,27,20,148,7.40,0,0,0,6,,,122,141.5,147.5,131.5,1,23,74
75,Corey Knox\KnoxCo00,BUF,,25,0,,0,0,0,0,0,0,0,,0,,0,0,,0,0,,0,,,,,,,,5,75
76,Bradie Ewing\EwinBr00,JAX,,25,0,,0,0,0,0,0,0,0,,0,,0,0,,0,0,,0,,,,,,,,7,76
77,Philip Rivers\RivePh00,SDG,QB,33,16,16,379,570,4286,31,18,37,102,2.76,0,0,0,0,,0,8,2,0,,,266,265.6,291.6,283.6,,12,77
78,Richie Brockel\BrocRi00,CAR,,28,4,0,0,0,0,0,0,0,0,,0,,0,0,,0,0,0,0,,,,,,,,6,78
79,Joe Flacco\FlacJo00,BAL,QB,29,16,16,344,554,3986,27,12,39,70,1.79,2,0,0,0,,0,6,0,2,,,262,262.4,277.4,274.4,,13,
80,Jay Cutler\CutlJa00,CHI,QB,31,15,15,370,561,3812,28,18,39,191,4.90,2,0,0,0,,0,12,6,2,,4,256,255.6,285.6,273.6,,14,
81,Matthew Stafford*\StafMa00,DET,QB,26,16,16,363,602,4257,22,12,43,93,2.16,2,0,0,0,,0,10,3,2,,1,252,251.6,269.6,263.6,,15,
82,Colin Kaepernick\KaepCo00,SFO,QB,27,16,16,289,478,3369,19,10,104,639,6.14,1,0,0,0,,0,8,5,1,,,251,250.7,271.7,260.7,,16,
83,Cam Newton\NewtCa00,CAR,QB,25,14,14,262,448,3127,18,12,103,539,5.23,5,0,0,0,,0,12,5,5,,1,249,249.0,272.0,261.0,,17,
84,Andy Dalton*\DaltAn00,CIN,QB,27,16,16,309,481,3398,19,17,60,169,2.82,4,1,1,18,18.00,1,4,2,5,,1,225,225.6,250.6,242.1,,18,
85,Alex Smith\SmitAl03,KAN,QB,30,15,15,303,464,3265,18,6,49,254,5.18,1,0,0,0,,0,4,1,1,,,220,220.0,233.0,226.0,,19,
86,Derek Carr\CarrDe02,OAK,QB,23,16,16,348,599,3270,21,12,29,92,3.17,0,1,0,0,,0,10,4,0,,,192,192.0,211.0,204.0,,20,
87,Teddy Bridgewater\BridTe00,MIN,QB,22,13,12,259,402,2919,14,12,47,209,4.45,1,0,0,0,,0,3,0,1,,2,180,179.7,197.7,191.7,,22,
88,Ryan Fitzpatrick\FitzRy00,HOU,QB,32,12,12,197,312,2483,17,8,50,184,3.68,2,0,0,0,,0,5,1,2,,,180,179.7,194.7,187.7,,21,
89,Kyle Orton\OrtoKy00,BUF,QB,32,12,12,287,447,3018,18,10,15,14,0.93,1,0,0,0,,0,3,3,1,,1,176,176.1,192.1,186.1,,23,
90,Blake Bortles\BortBl00,JAX,QB,22,14,13,280,475,2908,11,17,56,419,7.48,0,0,0,0,,0,7,1,0,,1,168,168.2,192.2,185.2,,24,
91,Brian Hoyer\HoyeBr00,CLE,QB,29,14,13,242,438,3326,12,13,24,39,1.63,0,0,0,0,,0,4,1,0,,,157,156.9,173.9,169.9,,25,
92,Geno Smith\SmitGe00,NYJ,QB,24,14,13,219,367,2525,13,13,59,238,4.03,1,1,0,0,,0,8,3,1,,,151,150.8,172.8,163.8,,26,
93,Mark Sanchez\SancMa00,PHI,QB,28,9,8,198,309,2418,14,11,34,87,2.56,1,0,0,0,,0,7,3,1,,,139,139.4,156.4,150.4,,27,
94,Josh McCown\McCoJo01,TAM,QB,35,11,11,184,327,2206,11,14,25,127,5.08,3,0,0,0,,0,10,4,3,,,127,126.9,150.9,140.9,,28,
95,Malcom Floyd\FloyMa00,SDG,WR,33,16,16,0,0,0,0,0,0,0,,0,92,52,856,16.46,6,0,0,6,,,122,173.6,176.6,147.6,,30,
96,Jonathan Stewart\StewJo00,CAR,RB,27,13,8,0,0,0,0,0,175,809,4.62,3,31,25,181,7.24,1,3,1,4,,,121,146.0,153.0,133.5,,24,
97,Nick Foles\FoleNi00,PHI,QB,25,8,8,186,311,2163,13,10,16,68,4.25,0,0,0,0,,0,4,3,0,,,119,119.3,135.3,129.3,,29,
98,Tre Mason\MasoTr00,STL,RB,21,12,9,0,0,0,0,0,179,765,4.27,4,26,16,148,9.25,1,2,1,5,,,119,135.3,142.3,127.3,,25,
99,Eddie Royal\RoyaEd00,SDG,WR,28,16,11,0,0,0,0,0,3,14,4.67,0,91,62,778,12.55,7,1,1,7,,,119,181.2,185.2,150.2,,31,
100,Marques Colston\ColsMa00,NOR,WR,31,16,13,0,0,0,0,0,0,0,,0,100,59,902,15.29,5,1,1,5,,,118,177.2,181.2,147.7,,33,
101,Michael Floyd\FloyMi00,ARI,WR,25,16,14,0,0,0,0,0,1,2,2.00,0,99,47,841,17.89,6,4,1,6,,,118,165.3,169.3,141.8,,32,
102,Brandon Marshall\MarsBr00,CHI,WR,30,13,13,0,0,0,0,0,0,0,,0,106,61,721,11.82,8,1,1,8,,,118,179.1,183.1,148.6,,34,
103,Darren Sproles *\SproDa00,PHI,RB,31,15,0,0,0,0,0,0,57,329,5.77,6,62,40,387,9.68,0,4,1,8,,,118,157.6,164.6,137.6,,26,
104,Ahmad Bradshaw\BradAh00,IND,RB,28,10,1,0,0,0,0,0,90,425,4.72,2,47,38,300,7.89,6,3,2,8,,,117,154.5,162.5,135.5,,27,
105,Shane Vereen\VereSh00,NWE,RB,25,16,6,0,0,0,0,0,96,391,4.07,2,77,52,447,8.60,3,0,0,5,,,114,165.8,171.8,139.8,,28,
106,Isaiah Crowell\CrowIs00,CLE,RB,21,16,4,0,0,0,0,0,148,607,4.10,8,14,9,87,9.67,0,3,2,8,,,113,122.4,127.4,117.9,,29,
107,Rueben Randle\RandRu00,NYG,WR,23,16,13,0,0,0,0,0,0,0,,0,127,71,938,13.21,3,0,0,3,,,112,182.8,185.8,147.3,,35,
108,Kenny Stills\StilKe00,NOR,WR,22,15,7,0,0,0,0,0,1,-2,-2.00,0,83,63,931,14.78,3,1,0,3,,,111,173.9,176.9,142.4,,37,
109,Kendall Wright\WrigKe01,TEN,WR,25,14,11,0,0,0,0,0,4,54,13.50,0,93,57,715,12.54,6,1,1,6,,,111,167.9,171.9,139.4,,36,
110,Vincent Jackson\JackVi00,TAM,WR,31,16,16,0,0,0,0,0,0,0,,0,142,70,1002,14.31,2,1,1,2,,,110,180.2,184.2,145.2,,38,
111,Greg Jennings\JennGr00,MIN,WR,31,16,13,0,0,0,0,0,0,0,,0,92,59,742,12.58,6,1,0,6,,,110,169.2,172.2,139.7,,39,
112,Terrance Williams\WillTe01,DAL,WR,25,16,16,0,0,0,0,0,0,0,,0,66,37,621,16.78,8,0,0,8,,,110,147.1,150.1,128.6,,40,
113,Rashad Jennings\JennRa00,NYG,RB,29,11,9,0,0,0,0,0,167,639,3.83,4,41,30,226,7.53,0,1,1,4,,,109,138.5,145.5,123.5,,31,
114,Branden Oliver\OlivBr01,SDG,RB,23,14,7,0,0,0,0,0,160,582,3.64,3,45,36,271,7.53,1,0,0,4,,,109,145.3,151.3,127.3,,30,
115,Austin Davis\DaviAu00,STL,QB,25,10,8,180,284,2001,12,9,16,36,2.25,0,0,0,0,,0,5,3,0,,,108,107.6,122.6,116.6,,30,
116,Andre Johnson\JohnAn02,HOU,WR,33,15,15,0,0,0,0,0,0,0,,0,146,85,936,11.01,3,3,3,3,,,106,190.6,196.6,148.1,,41,
117,Knile Davis\DaviKn00,KAN,RB,23,16,1,0,0,0,0,0,134,463,3.46,6,25,16,147,9.19,1,4,2,8,,,105,121.0,129.0,113.0,,32,
118,Martavis Bryant\BryaMa00,PIT,WR,23,10,3,0,0,0,0,0,3,12,4.00,0,48,26,549,21.12,8,0,0,8,,,104,130.1,133.1,117.1,,42,
119,Allen Hurns\HurnAl01,JAX,WR,23,16,8,0,0,0,0,0,0,0,,0,97,51,677,13.27,6,0,0,6,,,104,154.7,157.7,129.2,,43,
120,Carson Palmer\PalmCa00,ARI,QB,35,6,6,141,224,1626,11,3,8,25,3.13,0,1,0,0,,0,3,1,0,,,104,103.5,110.5,106.5,,31,
121,Terrance West\WestTe00,CLE,RB,23,14,6,0,0,0,0,0,171,673,3.94,4,13,11,64,5.82,1,2,1,5,,,102,112.7,116.7,107.2,,33,
122,Doug Baldwin\BaldDo00,SEA,WR,26,16,16,0,0,0,0,0,1,8,8.00,0,98,66,825,12.50,3,1,0,3,,,101,167.3,170.3,134.3,,44,
123,James Jones\JoneJa04,OAK,WR,30,16,10,0,0,0,0,0,0,0,,0,112,73,666,9.12,6,3,1,6,,,101,173.6,177.6,137.1,,45,
124,Robert Woods\WoodRo02,BUF,WR,22,16,15,0,0,0,0,0,0,0,,0,104,65,699,10.75,5,1,1,5,1,,100,164.9,168.9,132.4,,46,
125,John Brown\BrowJo02,ARI,WR,24,16,5,0,0,0,0,0,3,-6,-2.00,0,102,48,696,14.50,5,0,0,5,,,99,147.0,150.0,123.0,,47,
126,Keenan Allen\AlleKe00,SDG,WR,22,14,14,0,0,0,0,0,0,0,,0,121,77,783,10.17,4,2,2,4,,,98,175.3,180.3,136.8,,48,
127,Jarvis Landry\LandJa00,MIA,WR,22,16,11,0,0,0,0,0,2,-4,-2.00,0,112,84,758,9.02,5,7,4,5,,,97,181.4,188.4,139.4,,49,
128,Andrew Hawkins\HawkAn00,CLE,WR,28,15,15,0,0,0,0,0,3,15,5.00,0,112,63,824,13.08,2,0,0,2,,,96,158.9,161.9,127.4,,50,
129,Drew Stanton\StanDr00,ARI,QB,30,9,8,132,240,1711,7,5,25,63,2.52,0,0,0,0,,0,1,0,0,,1,95,94.7,102.7,99.7,,32,
130,Kenny Britt\BritKe00,STL,WR,26,16,13,0,0,0,0,0,2,14,7.00,0,84,48,748,15.58,3,0,0,3,,,94,142.2,145.2,118.2,,52,
131,Michael Crabtree\CrabMi00,SFO,WR,27,16,16,0,0,0,0,0,1,4,4.00,0,108,68,698,10.26,4,0,0,4,,,94,162.2,165.2,128.2,,51,
132,Pierre Garcon\GarcPi00,WAS,WR,28,16,14,0,1,0,0,0,0,0,,0,105,68,752,11.06,3,0,0,3,,,93,161.2,164.2,127.2,,54,
133,Andre Holmes\HolmAn00,OAK,WR,26,16,13,0,0,0,0,0,0,0,,0,99,47,693,14.74,4,0,0,4,,,93,140.3,143.3,116.8,,53,
134,Chris Johnson\JohnCh04,NYJ,RB,29,16,6,0,0,0,0,0,155,663,4.28,1,34,24,151,6.29,1,1,1,2,,,91,115.4,122.4,103.4,,34,
135,Trent Richardson\RichTr00,IND,RB,24,15,12,0,0,0,0,0,159,519,3.26,3,34,27,229,8.48,0,2,1,3,,,91,117.8,124.8,104.3,,35,
136,Denard Robinson\RobiDe00,JAX,RB,24,13,9,0,1,0,0,0,135,582,4.31,4,31,23,124,5.39,0,2,2,4,,,91,113.6,121.6,102.1,,36,
137,Larry Donnell\DonnLa00,NYG,TE,26,16,12,0,0,0,0,0,0,0,,0,92,63,623,9.89,6,4,4,6,,,90,153.3,160.3,121.8,,12,
138,Mike Glennon\GlenMi00,TAM,QB,25,6,5,117,203,1417,10,6,10,49,4.90,0,0,0,0,,0,2,0,0,,,90,89.6,98.6,95.6,,33,
139,Shaun Hill\HillSh00,STL,QB,34,9,8,145,229,1657,8,7,10,10,1.00,1,1,1,0,0.00,0,7,1,1,,,89,90.3,101.3,96.8,,34,
140,Dwayne Allen\AlleDw00,IND,TE,24,13,13,0,0,0,0,0,0,0,,0,50,29,395,13.62,8,1,0,8,,,88,116.5,119.5,102.0,,13,
141,LeGarrette Blount\BlouLe00,2TM,RB,28,16,1,0,0,0,0,0,125,547,4.38,5,12,10,54,5.40,0,1,1,5,,,88,98.1,102.1,93.1,,37,
142,Kirk Cousins\CousKi00,WAS,QB,26,6,5,126,204,1710,10,9,7,20,2.86,0,0,0,0,,0,2,2,0,,,88,88.4,102.4,97.4,,35,
143,Larry Fitzgerald\FitzLa00,ARI,WR,31,14,13,0,0,0,0,0,0,0,,0,103,63,784,12.44,2,1,1,2,,,88,151.4,155.4,119.9,,55,
144,Reggie Wayne\WaynRe00,IND,WR,36,15,15,0,0,0,0,0,0,0,,0,116,64,779,12.17,2,1,1,2,,,88,151.9,155.9,119.9,,56,
145,Robert Griffin III\GrifRo01,WAS,QB,24,9,7,147,214,1694,4,6,38,176,4.63,1,0,0,0,,0,9,4,1,,,87,87.4,103.4,93.4,,36,
146,Charlie Whitehurst\WhitCh02,TEN,QB,32,7,5,105,185,1326,7,2,20,90,4.50,0,0,0,10,,0,3,0,0,,,87,87.0,92.0,89.0,,37,
147,Brandin Cooks\CookBr00,NOR,WR,21,10,7,0,0,0,0,0,7,73,10.43,1,69,53,550,10.38,3,1,0,4,,,86,139.3,142.3,112.8,,57,
148,Zach Ertz\ErtzZa00,PHI,TE,24,16,5,0,0,0,0,0,0,0,,0,89,58,702,12.10,3,1,1,3,,,86,144.2,148.2,115.2,,14,
149,Roy Helu\HeluRo00,WAS,RB,26,14,0,0,0,0,0,0,40,216,5.40,1,47,42,477,11.36,2,2,1,3,,,85,127.3,134.3,106.3,,38,
150,Darren McFadden\McFaDa00,OAK,RB,27,16,12,0,1,0,0,0,155,534,3.45,2,56,36,212,5.89,0,1,1,2,,,85,120.6,127.6,102.6,,39,
151,Alfred Blue\BlueAl00,HOU,RB,23,16,3,0,0,0,0,0,169,528,3.12,2,18,15,113,7.53,1,0,0,3,,,82,97.1,103.1,89.6,,40,
152,Jared Cook\CookJa02,STL,TE,27,16,6,0,0,0,0,0,1,0,0.00,0,99,52,634,12.19,3,0,0,3,,,81,133.4,136.4,107.4,,15,
153,Ronnie Hillman\HillRo00,DEN,RB,23,8,4,0,0,0,0,0,106,434,4.09,3,34,21,139,6.62,1,1,0,4,,,81,102.3,108.3,91.8,,41,
154,Benny Cunningham\CunnBe01,STL,RB,24,16,2,0,0,0,0,0,66,246,3.73,3,52,45,352,7.82,1,2,2,4,,,80,124.8,132.8,102.3,,42,
155,Charles Clay\ClayCh00,MIA,TE,25,14,14,0,0,0,0,0,0,0,,0,84,58,605,10.43,3,0,0,3,,,79,136.5,139.5,107.5,,16,
156,Percy Harvin\HarvPe00,2TM,WR,26,13,12,0,0,0,0,0,33,202,6.12,1,78,51,483,9.47,1,3,1,2,,,79,129.5,136.5,104.0,,58,
157,Bobby Rainey\RainBo00,TAM,RB,27,15,5,0,1,0,0,0,94,406,4.32,1,45,33,315,9.55,1,3,3,2,,,78,111.1,120.1,94.6,,44,
158,Bishop Sankey\SankBi00,TEN,RB,22,16,9,0,0,0,0,0,152,569,3.74,2,23,18,133,7.39,0,2,2,2,,,78,96.2,104.2,87.2,,43,
159,Pierre Thomas\ThomPi00,NOR,RB,30,11,3,0,0,0,0,0,45,222,4.93,2,55,45,378,8.40,1,0,0,3,,,78,123.0,129.0,100.5,,45,
160,Markus Wheaton\WheaMa00,PIT,WR,23,16,11,0,0,0,0,0,4,19,4.75,0,86,53,644,12.15,2,0,0,2,,,78,131.3,134.3,104.8,,59,
161,Jarius Wright\WrigJa02,MIN,WR,25,16,7,0,0,0,0,0,5,71,14.20,0,62,42,588,14.00,2,0,0,2,,,78,119.9,122.9,98.9,,60,
162,Owen Daniels\DaniOw00,BAL,TE,32,15,13,0,0,0,0,0,0,0,,0,79,48,527,10.98,4,0,0,4,,,77,124.7,127.7,100.7,,17,
163,Nate Washington\WashNa00,TEN,WR,31,16,11,0,0,0,0,0,0,0,,0,72,40,647,16.18,2,0,0,2,,,77,116.7,119.7,96.7,,61,
164,Jermaine Gresham\GresJe00,CIN,TE,26,15,15,0,0,0,0,0,0,0,,0,79,62,460,7.42,5,3,0,5,,,76,138.0,141.0,107.0,,18,
165,Devin Hester*\HestDe99,ATL,WR,32,16,1,0,0,0,0,0,6,36,6.00,1,59,38,504,13.26,2,2,1,4,,,76,114.0,118.0,95.0,,62,
166,Dwayne Bowe\BoweDw00,KAN,WR,30,15,15,0,0,0,0,0,0,0,,0,95,60,754,12.57,0,2,0,0,,,75,135.4,138.4,105.4,,63,
167,Mychal Rivera\RiveMy00,OAK,TE,24,16,10,0,0,0,0,0,0,0,,0,99,58,534,9.21,4,3,1,4,,,75,133.4,137.4,104.4,,19,
168,Riley Cooper\CoopRi00,PHI,WR,27,16,16,0,0,0,0,0,0,0,,0,95,55,577,10.49,3,1,1,3,,,74,128.7,132.7,101.2,,64,
169,Jonas Gray\GrayJo00,NWE,RB,24,8,3,0,0,0,0,0,89,412,4.63,5,3,1,7,7.00,0,0,0,5,,,72,72.9,75.9,72.4,,46,
170,Zach Mettenberger\MettZa00,TEN,QB,23,7,6,107,179,1412,8,7,5,4,0.80,0,0,0,0,,0,4,2,0,,,71,70.9,82.9,77.9,,38,
171,Harry Douglas\DougHa00,ATL,WR,30,12,6,0,0,0,0,0,0,0,,0,74,51,556,10.90,2,0,0,2,1,,70,120.6,123.6,95.1,,65,
172,Miles Austin\AustMi00,CLE,WR,30,12,11,0,0,0,0,0,0,0,,0,73,47,568,12.09,2,0,0,2,,,69,115.8,118.8,92.3,,67,
173,Taylor Gabriel\GabrTa00,CLE,WR,23,16,2,0,0,0,0,0,4,10,2.50,0,72,36,621,17.25,1,0,0,1,,,69,105.1,108.1,87.1,,66,
174,Latavius Murray\MurrLa00,OAK,RB,24,15,3,0,0,0,0,0,82,424,5.17,2,23,17,143,8.41,0,1,0,2,,,69,85.7,91.7,77.2,,47,
175,Allen Robinson\RobiAl02,JAX,WR,21,10,8,0,0,0,0,0,0,0,,0,81,48,548,11.42,2,0,0,2,1,,69,116.8,119.8,92.8,,68,
176,Scott Chandler\ChanSc00,BUF,TE,29,16,5,0,0,0,0,0,0,0,,0,70,47,497,10.57,3,0,0,3,,,68,114.7,117.7,91.2,,20,
177,Justin Hunter\HuntJu00,TEN,WR,23,12,8,0,0,0,0,0,0,0,,0,67,28,498,17.79,3,0,0,3,,,68,95.8,98.8,81.8,,69,
178,Doug Martin\MartDo00,TAM,RB,25,11,11,0,0,0,0,0,134,494,3.69,2,20,13,64,4.92,0,0,0,2,,,68,80.8,83.8,74.3,,48,
179,Reggie Bush\BushRe00,DET,RB,29,11,9,0,0,0,0,0,76,297,3.91,2,56,40,253,6.33,0,1,0,2,,,67,107.0,113.0,87.0,,51,
180,Jerick McKinnon\McKiJe00,MIN,RB,22,11,6,0,0,0,0,0,113,538,4.76,0,41,27,135,5.00,0,0,0,0,,,67,94.3,100.3,80.8,,49,
181,Ben Tate\TateBe00,2TM,RB,26,11,6,0,0,0,0,0,119,371,3.12,4,12,9,60,6.67,0,0,0,4,,,67,76.1,79.1,71.6,,50,
182,Jerricho Cotchery\CotcJe00,CAR,WR,32,15,13,0,0,0,0,0,0,0,,0,78,48,580,12.08,1,0,0,1,1,,66,114.0,117.0,90.0,,70,
183,Tavon Austin\AustTa00,STL,WR,24,15,8,0,0,0,0,0,36,224,6.22,2,44,31,242,7.81,0,5,0,3,,,65,95.6,101.6,80.1,,72,
184,Hakeem Nicks\NickHa01,IND,WR,26,16,6,0,0,0,0,0,0,0,,0,68,38,405,10.66,4,0,0,4,,,65,102.5,105.5,83.5,,73,
185,Cecil Shorts\ShorCe00,JAX,WR,27,13,12,2,2,32,1,0,0,0,,0,110,53,557,10.51,1,1,1,1,,,65,118.0,122.0,91.5,,71,
186,Antone Smith\SmitAn01,ATL,RB,29,10,0,0,0,0,0,0,23,144,6.26,2,15,13,222,17.08,3,1,1,5,,,65,77.6,84.6,71.1,,52,
187,Jake Locker\LockJa00,TEN,QB,26,7,5,86,146,993,5,7,22,142,6.45,1,0,0,0,,0,3,1,1,,,64,63.9,77.9,70.9,,39,
188,Donte Moncrief\MoncDo00,IND,WR,21,16,2,0,0,0,0,0,4,17,4.25,0,49,32,444,13.88,3,0,0,3,,,64,96.1,99.1,80.1,,74,
189,Davante Adams\AdamDa01,GNB,WR,22,16,11,0,0,0,0,0,0,0,,0,66,38,446,11.74,3,0,0,3,,,63,100.6,103.6,81.6,,76,
190,Chris Hogan\HogaCh00,BUF,WR,27,16,2,0,0,0,0,0,0,0,,0,61,41,426,10.39,4,2,2,4,,,63,103.6,108.6,83.1,,75,
191,Colt McCoy\McCoCo00,WAS,QB,28,5,4,91,128,1057,4,3,16,66,4.13,1,0,0,0,,0,6,1,1,,,63,62.9,69.9,65.9,,40,
192,Lorenzo Taliaferro\TaliLo00,BAL,RB,23,13,0,0,0,0,0,0,68,292,4.29,4,10,8,114,14.25,0,1,1,4,,,63,70.6,77.6,66.6,,53,
193,Cole Beasley\BeasCo00,DAL,WR,25,16,2,0,0,0,0,0,0,0,,0,49,37,420,11.35,4,2,2,4,,,62,99.0,104.0,80.5,,77,
194,Carlos Hyde\HydeCa00,SFO,RB,24,14,0,0,0,0,0,0,83,333,4.01,4,16,12,68,5.67,0,1,1,4,,,62,74.1,78.1,68.1,,54,
195,Steve Johnson\JohnSt00,SFO,WR,28,13,1,0,0,0,0,0,0,0,,0,50,35,435,12.43,3,0,0,3,,,62,96.5,99.5,79.0,,79,
196,Jermaine Kearse\KearJe01,SEA,WR,24,15,14,1,1,17,0,0,2,15,7.50,0,69,38,537,14.13,1,0,0,1,,,62,99.9,102.9,80.9,,78,
197,Tim Wright\WrigTi01,NWE,TE,24,16,2,0,0,0,0,0,1,-2,-2.00,0,33,26,259,9.96,6,0,0,6,,,62,87.7,90.7,74.7,,21,
198,Toby Gerhart\GerhTo00,JAX,RB,27,14,7,0,0,0,0,0,101,326,3.23,2,24,20,186,9.30,0,1,1,2,,,61,81.2,88.2,71.2,,55,
199,Theo Riddick\RiddTh00,DET,RB,23,14,2,0,0,0,0,0,20,51,2.55,0,50,34,316,9.29,4,0,0,4,,,61,94.7,97.7,77.7,,56,
200,Anthony Dixon\DixoAn00,BUF,RB,27,16,0,0,0,0,0,0,105,432,4.11,2,9,8,49,6.13,0,1,0,2,,,60,68.1,71.1,64.1,,57,
201,Charles Johnson\JohnCh08,MIN,WR,25,12,6,0,0,0,0,0,1,-11,-11.00,0,59,31,475,15.32,2,1,0,2,1,,60,91.4,94.4,75.9,,80,
202,Cordarrelle Patterson\PattCo00,MIN,WR,23,16,7,0,0,0,0,0,10,117,11.70,1,67,33,384,11.64,1,1,1,2,,,60,93.1,100.1,76.6,,81,
203,Robert Turbin\TurbRo00,SEA,RB,25,16,3,0,0,0,0,0,74,310,4.19,0,20,16,186,11.63,2,1,1,2,,,60,75.6,82.6,67.6,,58,
204,Brian Hartline\HartBr00,MIA,WR,28,16,16,0,0,0,0,0,0,0,,0,63,39,474,12.15,2,0,0,2,,,59,98.4,101.4,78.9,,82,
205,EJ Manuel\ManuEJ00,BUF,QB,24,5,4,76,131,838,5,3,16,52,3.25,1,0,0,0,,0,1,0,1,,,59,58.7,64.7,61.7,,41,
206,James Starks\StarJa00,GNB,RB,28,16,0,0,0,0,0,0,85,333,3.92,2,29,18,140,7.78,0,1,0,2,,,59,77.3,83.3,68.3,,59,
207,Ryan Mathews\MathRy00,SDG,RB,27,6,6,0,0,0,0,0,74,330,4.46,3,10,9,69,7.67,0,1,0,3,,,58,66.9,69.9,62.4,,60,
208,Wes Welker\WelkWe00,DEN,WR,33,14,8,0,0,0,0,0,0,0,,0,64,49,464,9.47,2,0,0,2,,,58,107.4,110.4,82.9,,83,
209,Stedman Bailey\BailSt01,STL,WR,24,14,3,0,0,0,0,0,1,13,13.00,0,46,30,435,14.50,1,0,0,2,,,57,86.8,89.8,71.8,,84,
210,Devonta Freeman\FreeDe00,ATL,RB,22,16,0,0,0,0,0,0,65,248,3.82,1,37,30,225,7.50,1,1,1,2,,,57,87.3,94.3,72.3,,61,
211,Khiry Robinson\RobiKh00,NOR,RB,25,10,3,0,0,0,0,0,76,362,4.76,3,11,8,63,7.88,0,2,2,3,,,57,64.5,69.5,60.5,,62,
212,Lance Kendricks\KendLa00,STL,TE,26,16,14,0,0,0,0,0,0,0,,0,38,27,259,9.59,5,0,0,5,,,56,82.9,85.9,69.4,,22,
213,Jeremy Kerley\KerlJe00,NYJ,WR,26,16,7,0,1,0,0,0,4,86,21.50,0,75,38,409,10.76,1,1,0,1,,,56,93.5,96.5,74.5,,86,
214,Brian Quick\QuicBr00,STL,WR,25,7,7,0,0,0,0,0,0,0,,0,39,25,375,15.00,3,0,0,3,,,56,80.5,83.5,68.0,,85,
215,Corey Brown\BrowPh00,CAR,WR,23,13,3,0,0,0,0,0,8,95,11.88,0,36,21,296,14.10,2,3,1,3,,,55,76.1,80.1,65.6,,88,
216,Niles Paul\PaulNi00,WAS,TE,25,16,7,0,0,0,0,0,0,0,,0,52,39,507,13.00,1,1,1,1,,,55,93.7,97.7,74.2,,23,
217,Andre Roberts\RobeAn00,WAS,WR,26,16,4,0,0,0,0,0,2,21,10.50,0,73,36,453,12.58,2,4,2,2,,,55,91.4,96.4,73.4,,87,
218,Stepfan Taylor\TaylSt00,ARI,RB,23,14,4,0,0,0,0,0,63,208,3.30,1,15,11,79,7.18,3,0,0,4,1,,55,65.7,68.7,60.2,,63,
219,Jordan Cameron\CameJo00,CLE,TE,26,10,9,0,0,0,0,0,0,0,,0,48,24,424,17.67,2,0,0,2,,,54,78.4,81.4,66.4,,24,
220,Dan Herron\HerrDa00,IND,RB,25,16,3,0,0,0,0,0,78,351,4.50,1,26,21,173,8.24,0,4,2,1,,,54,75.4,83.4,64.9,,64,
221,Luke Willson\WillLu00,SEA,TE,24,15,10,0,0,0,0,0,0,0,,0,40,22,362,16.45,3,0,0,3,,,54,76.2,79.2,65.2,,25,
222,C.J. Spiller\SpilC.00,BUF,RB,27,9,5,0,0,0,0,0,78,300,3.85,0,22,19,125,6.58,1,3,1,2,,,53,71.5,78.5,62.0,,65,
223,Preston Parker\ParkPr00,NYG,WR,27,16,7,0,0,0,0,0,0,0,,0,56,36,418,11.61,2,2,1,2,,,52,87.8,91.8,69.8,,89,
224,Travis Benjamin\BenjTr00,CLE,WR,25,16,0,0,0,0,0,0,3,11,3.67,0,46,18,314,17.44,3,2,0,3,,,51,68.5,71.5,59.5,,90,
225,Shonn Greene\GreeSh00,TEN,RB,29,13,5,0,0,0,0,0,94,392,4.17,2,3,1,13,13.00,0,1,1,2,,,51,51.5,55.5,51.0,,68,
226,Joseph Randle\RandJo01,DAL,RB,23,16,0,0,0,0,0,0,51,343,6.73,3,5,4,23,5.75,0,2,2,3,,,51,54.6,59.6,52.6,,67,
227,Jacquizz Rodgers\RodgJa00,ATL,RB,24,16,1,0,0,0,0,0,58,217,3.74,1,40,29,173,5.97,1,1,0,2,,,51,80.0,86.0,65.5,,66,
228,Derek Anderson\AndeDe00,CAR,QB,31,6,2,65,97,701,5,0,8,24,3.00,0,0,0,0,,0,2,0,0,,,50,50.4,53.4,50.4,,42,
229,Louis Murphy\MurpLo00,TAM,WR,27,11,3,0,0,0,0,0,0,0,,0,56,31,380,12.26,2,1,0,2,,,50,81.0,84.0,65.5,,91,
230,Andrew Quarless\QuarAn00,GNB,TE,26,16,11,0,0,0,0,0,0,0,,0,46,29,323,11.14,3,0,0,3,,,50,79.3,82.3,64.8,,26,
231,Jordan Todman\TodmJo00,JAX,RB,24,16,1,0,0,0,0,0,32,186,5.81,1,37,25,198,7.92,1,0,0,2,,,50,75.4,81.4,62.9,,69,
232,Marqise Lee\LeexMa00,JAX,WR,23,13,8,0,0,0,0,0,3,9,3.00,0,69,37,422,11.41,1,0,0,1,,,49,86.1,89.1,67.6,,92,
233,Chris Polk\PolkCh00,PHI,RB,25,14,0,0,0,0,0,0,46,172,3.74,4,3,2,16,8.00,0,1,0,5,,,49,50.8,53.8,49.8,,70,
234,Josh Hill\HillJo02,NOR,TE,24,16,3,0,0,0,0,0,0,0,,0,20,14,176,12.57,5,0,0,5,,,48,61.6,64.6,54.6,,27,
235,Bernard Pierce\PierBe00,BAL,RB,23,13,2,0,0,0,0,0,93,366,3.94,2,6,2,13,6.50,0,1,1,2,,,48,49.9,53.9,48.9,,72,
236,Stevan Ridley\RidlSt00,NWE,RB,25,6,5,0,0,0,0,0,94,340,3.62,2,5,4,20,5.00,0,0,0,2,,,48,52.0,55.0,50.0,,71,
237,Juwan Thompson\ThomJu01,DEN,RB,22,15,0,0,0,0,0,0,54,272,5.04,3,7,4,25,6.25,0,1,0,3,,,48,51.7,54.7,49.7,,73,
238,Jace Amaro\AmarJa00,NYJ,TE,22,14,4,0,0,0,0,0,0,0,,0,53,38,345,9.08,2,1,0,2,,,47,84.5,87.5,65.5,,29,
239,Anthony Fasano\FasaAn00,KAN,TE,30,15,13,0,0,0,0,0,0,0,,0,36,25,226,9.04,4,0,0,4,,,47,71.6,74.6,59.1,,28,
240,Zac Stacy\StacZa00,STL,RB,23,13,5,0,0,0,0,0,76,293,3.86,1,23,18,152,8.44,0,2,2,1,,,47,64.5,72.5,55.5,,74,
241,Kamar Aiken\AikeKa00,BAL,WR,25,16,0,0,0,0,0,0,0,0,,0,32,24,267,11.13,3,0,0,3,,,45,68.7,71.7,56.7,,93,
242,Jordan Reed\ReedJo02,WAS,TE,24,11,2,0,0,0,0,0,0,0,,0,65,50,465,9.30,0,1,1,0,,,45,94.5,98.5,69.5,,30,
243,Donald Brown\BrowDo00,SDG,RB,27,13,3,0,0,0,0,0,85,223,2.62,0,41,29,211,7.28,0,1,0,0,,,43,72.4,78.4,57.9,,75,
244,John Carlson\CarlJo00,ARI,RB,30,16,12,0,0,0,0,0,0,0,,0,55,33,350,10.61,1,0,0,1,1,,43,76.0,79.0,59.5,,76,
245,Jeff Cumberland\CumbJe00,NYJ,TE,27,16,14,0,0,0,0,0,0,0,,0,47,23,247,10.74,3,0,0,3,,,43,65.7,68.7,54.2,,31,
246,Michael Vick\VickMi00,NYJ,QB,34,10,3,64,121,604,3,2,26,153,5.88,0,0,0,0,,0,5,2,0,,,43,43.5,53.5,45.5,,43,
247,Charles Sims\SimsCh00,TAM,RB,24,8,0,0,0,0,0,0,66,185,2.80,1,27,19,190,10.00,0,2,1,1,,,42,60.5,67.5,51.0,,77,
248,Jason Avant\AvanJa00,2TM,WR,31,16,0,0,0,0,0,0,1,1,1.00,0,62,34,353,10.38,1,0,0,1,,,41,75.4,78.4,58.4,,94,
249,Daniel Fells\FellDa00,NYG,TE,31,16,9,0,0,0,0,0,0,0,,0,20,16,188,11.75,4,1,1,4,,,41,56.8,60.8,48.8,,32,
250,Damaris Johnson\JohnDa04,HOU,WR,25,16,8,0,0,0,0,0,5,19,3.80,0,49,31,331,10.68,1,2,0,1,,,41,72.0,75.0,56.5,,95,
251,Daniel Thomas\ThomDa03,MIA,RB,27,12,0,0,0,0,0,0,44,168,3.82,2,19,13,121,9.31,0,1,1,2,1,,41,53.9,60.9,47.4,,78,
252,Brice Butler\ButlBr00,OAK,WR,24,15,0,0,0,0,0,0,0,0,,0,35,21,280,13.33,2,0,0,2,,,40,61.0,64.0,50.5,,96,
253,Victor Cruz\CruzVi00,NYG,WR,28,6,6,0,0,0,0,0,0,0,,0,41,23,337,14.65,1,0,0,1,,,40,62.7,65.7,51.2,,97,
254,Dion Sims\SimsDi00,MIA,TE,23,14,2,0,0,0,0,0,0,0,,0,36,24,284,11.83,2,0,0,2,,,40,64.4,67.4,52.4,,33,
255,Darrel Young\YounDa01,WAS,RB,27,16,10,0,0,0,0,0,9,22,2.44,3,14,11,81,7.36,2,0,0,5,,,40,51.3,51.3,45.8,,79,
256,Marcel Reece *\ReecMa00,OAK,RB,29,15,15,0,0,0,0,0,21,85,4.05,0,59,37,265,7.16,1,1,1,1,,,39,76.0,80.0,57.5,,80,
257,De'Anthony Thomas\ThomDe05,KAN,RB,21,12,3,0,0,0,0,0,14,113,8.07,1,31,23,156,6.78,0,0,0,2,,,39,61.9,67.9,50.4,,81,
258,Brent Celek\CeleBr00,PHI,TE,29,16,15,0,0,0,0,0,0,0,,0,51,32,340,10.63,1,1,1,1,,,38,70.0,74.0,54.0,,34,
259,Vernon Davis\DaviVe00,SFO,TE,30,14,14,0,0,0,0,0,1,4,4.00,0,50,26,245,9.42,2,0,0,2,,,37,62.9,65.9,49.9,,35,
260,Dexter McCluster\McClDe00,TEN,RB,25,14,2,0,0,0,0,0,40,131,3.28,0,36,26,197,7.58,1,1,1,1,,,37,62.8,69.8,49.8,,83,
261,Damien Williams\WillDa05,MIA,RB,22,16,0,0,0,0,0,0,36,122,3.39,0,27,21,187,8.90,1,0,0,1,,,37,57.9,63.9,47.4,,82,
262,Brandon Gibson\GibsBr00,MIA,WR,27,14,5,0,0,0,0,0,0,0,,0,51,29,295,10.17,1,2,0,1,,,36,64.5,67.5,50.0,,98,
263,Jaron Brown\BrowJa03,ARI,WR,24,16,2,0,0,0,0,0,0,0,,0,32,22,229,10.41,2,1,0,2,,,35,56.9,59.9,45.9,,100,
264,Travaris Cadet\CadeTr00,NOR,RB,25,15,1,0,0,0,0,0,10,32,3.20,0,51,38,296,7.79,1,2,2,1,,,35,72.8,77.8,53.8,,84,
265,Gavin Escobar\EscoGa00,DAL,TE,23,16,1,0,0,0,0,0,0,0,,0,13,9,105,11.67,4,0,0,4,,,35,43.5,46.5,39.0,,38,
266,Clay Harbor\HarbCl00,JAX,TE,27,13,8,0,0,0,0,0,0,0,,0,35,26,289,11.12,1,0,0,1,,,35,60.9,63.9,47.9,,37,
267,Brandon Lloyd\LloyBr00,SFO,WR,33,14,3,0,0,0,0,0,0,0,,0,35,14,294,21.00,1,0,0,1,,,35,49.4,52.4,42.4,,99,
268,Richard Rodgers\RodgRi00,GNB,TE,22,16,5,0,0,0,0,0,0,0,,0,30,20,225,11.25,2,0,0,2,,,35,54.5,57.5,44.5,,39,
269,Kyle Rudolph\RudoKy00,MIN,TE,25,9,8,0,0,0,0,0,0,0,,0,34,24,231,9.63,2,1,0,2,,,35,59.1,62.1,47.1,,36,
270,Lance Moore\MoorLa00,PIT,WR,31,14,2,0,0,0,0,0,0,0,,0,26,14,198,14.14,2,0,0,2,1,,34,47.8,50.8,40.8,,101,
271,Levine Toilolo\ToilLe00,ATL,TE,23,16,16,0,0,0,0,0,0,0,,0,54,31,238,7.68,2,1,1,2,,,34,64.8,68.8,49.3,,40,
272,Marcedes Lewis\LewiMa00,JAX,TE,30,8,8,0,0,0,0,0,0,0,,0,31,18,206,11.44,2,0,0,2,,,33,50.6,53.6,41.6,,41,
273,Paul Richardson\RichPa01,SEA,WR,22,15,6,0,0,0,0,0,0,0,,0,44,29,271,9.34,1,1,0,1,,,33,62.1,65.1,47.6,,103,
274,Jeremy Ross\RossJe01,DET,WR,26,16,13,0,0,0,0,0,2,-1,-0.50,0,35,24,314,13.08,1,5,2,1,,,33,57.3,62.3,45.3,,102,
275,Fozzy Whittaker\WhitFo00,CAR,RB,25,10,1,0,0,0,0,0,32,145,4.53,1,6,5,60,12.00,1,0,0,2,,,33,37.5,40.5,35.0,,85,
276,Lance Dunbar\DunbLa00,DAL,RB,24,16,0,0,0,0,0,0,29,99,3.41,0,22,18,217,12.06,0,0,0,0,,,32,49.6,52.6,40.6,,87,
277,Chase Ford\FordCh00,MIN,TE,24,11,5,0,0,0,0,0,0,0,,0,35,23,258,11.22,1,0,0,1,,,32,54.8,57.8,43.3,,43,
278,Ricardo Lockette\LockRi00,SEA,WR,28,16,0,0,0,0,0,0,1,2,2.00,0,15,11,195,17.73,2,0,0,2,,,32,42.7,45.7,37.2,,104,
279,Austin Seferian-Jenkins\SefeAu00,TAM,TE,22,9,9,0,0,0,0,0,0,0,,0,38,21,221,10.52,2,1,1,2,,,32,53.1,57.1,42.6,,42,
280,Leon Washington\WashLe00,TEN,RB,32,16,0,0,0,0,0,0,13,57,4.38,0,31,22,159,7.23,2,3,1,2,,,32,53.6,57.6,42.6,,86,
281,Eric Ebron\EbroEr00,DET,TE,21,13,7,0,0,0,0,0,0,0,,0,47,25,248,9.92,1,0,0,1,,,31,55.8,58.8,43.3,,44,
282,Derek Hagan\HagaDe00,TEN,WR,30,16,3,0,0,0,0,0,0,0,,0,34,19,254,13.37,1,0,0,1,,,31,50.4,53.4,40.9,,105,
283,Cooper Helfet\HelfCo00,SEA,TE,25,10,2,0,0,0,0,0,0,0,,0,24,12,185,15.42,2,0,0,2,,,31,42.5,45.5,36.5,,45,
284,Jim Dray\DrayJi00,CLE,TE,28,16,8,0,0,0,0,0,0,0,,0,27,17,242,14.24,1,0,0,1,,,30,47.2,50.2,38.7,,46,
285,Josh Gordon\GordJo02,CLE,WR,23,5,5,0,1,0,0,0,0,0,,0,47,24,303,12.63,0,0,0,0,,,30,54.3,57.3,42.3,,106,
286,Chad Henne\HennCh01,JAX,QB,29,3,3,42,78,492,3,1,4,25,6.25,0,0,0,0,,0,1,1,0,,,30,30.2,35.2,31.2,,44,
287,Bruce Miller\MillBr02,SFO,RB,27,16,8,0,0,0,0,0,6,9,1.50,0,25,18,189,10.50,2,1,1,2,,,30,47.8,51.8,38.8,,88,
288,Rhett Ellison\ElliRh00,MIN,RB,26,16,13,0,0,0,0,0,0,0,,0,26,19,208,10.95,1,0,0,1,1,,29,47.8,50.8,38.3,,90,
289,Bilal Powell\PoweBi00,NYJ,RB,26,15,1,0,0,0,0,0,33,141,4.27,1,15,11,92,8.36,0,0,0,1,,,29,40.3,43.3,34.8,,89,
290,Bryce Brown\BrowBr02,BUF,RB,23,7,2,0,0,0,0,0,36,126,3.50,0,25,16,176,11.00,0,1,1,0,,,28,44.2,51.2,36.2,,91,
291,Montee Ball\BallMo00,DEN,RB,24,5,3,0,0,0,0,0,55,172,3.13,1,13,9,62,6.89,0,1,1,1,,,27,36.4,40.4,31.9,,92,
292,Bruce Ellington\ElliBr00,SFO,WR,23,13,0,0,0,0,0,0,6,28,4.67,1,12,6,62,10.33,2,1,0,3,,,27,33.0,33.0,30.0,,107,
293,Kenbrell Thompkins\ThomKe02,2TM,WR,26,14,7,0,0,0,0,0,2,5,2.50,0,48,21,262,12.48,0,0,0,0,,,27,47.7,50.7,37.2,,108,
294,Danny Amendola\AmenDa00,NWE,WR,29,16,4,0,0,0,0,0,0,0,,0,42,27,200,7.41,1,1,0,1,,,26,53.0,56.0,39.5,,110,
295,Marlon Brown\BrowMa00,BAL,WR,23,14,1,0,0,0,0,0,0,0,,0,31,24,255,10.63,0,0,0,0,,,26,49.5,52.5,37.5,,113,
296,Ted Ginn Jr.\GinnTe00,ARI,WR,29,16,0,1,1,10,0,0,3,6,2.00,0,26,14,190,13.57,0,3,0,1,,,26,40.0,43.0,33.0,,109,
297,Garrett Graham\GrahGa00,HOU,RB,28,11,9,0,0,0,0,0,0,0,,0,28,18,197,10.94,1,0,0,1,,,26,43.7,46.7,34.7,,93,
298,Rishard Matthews\MattRi00,MIA,TE,25,14,0,0,0,0,0,0,1,3,3.00,0,22,12,135,11.25,2,1,0,2,,,26,37.8,40.8,31.8,,47,
299,Nick Toon\ToonNi00,NOR,WR,26,8,2,0,0,0,0,0,1,4,4.00,0,23,17,215,12.65,1,1,1,1,,,26,42.9,46.9,34.4,,112,
300,Ben Watson\WatsBe00,NOR,TE,34,16,8,0,0,0,0,0,0,0,,0,31,20,136,6.80,2,0,0,2,,,26,45.6,48.6,35.6,,48,
301,Kerwynn Williams\WillKe05,ARI,RB,23,5,0,0,0,0,0,0,53,246,4.64,0,6,2,11,5.50,0,1,0,0,,,26,27.7,30.7,26.7,,94,
302,Albert Wilson\WilsAl02,KAN,WR,22,12,2,0,0,0,0,0,0,0,,0,28,16,260,16.25,0,0,0,0,,,26,42.0,45.0,34.0,,111,
303,Corey Fuller\FullCo00,DET,WR,24,16,2,0,0,0,0,0,0,0,,0,31,14,212,15.14,1,1,1,1,,,25,39.2,43.2,32.2,,115,
304,Greg Salas\SalaGr00,NYJ,WR,26,10,2,0,0,0,0,0,1,20,20.00,1,23,8,167,20.88,0,0,0,1,,,25,32.7,35.7,28.7,,116,
305,Brandon Tate\TateBr00,CIN,WR,27,16,4,0,0,0,0,0,3,21,7.00,0,26,17,193,11.35,1,2,1,1,,,25,42.4,46.4,33.9,,114,
306,Jack Doyle\DoylJa00,IND,TE,24,16,1,0,0,0,0,0,0,0,,0,22,18,118,6.56,2,0,0,2,,,24,41.8,44.8,32.8,,49,
307,Jonathan Grimes\GrimJo01,HOU,RB,25,16,0,0,0,0,0,0,39,153,3.92,0,8,6,86,14.33,0,0,0,0,,,24,29.9,32.9,26.9,,97,
308,Silas Redd\ReddSi00,WAS,RB,22,15,0,0,0,0,0,0,16,75,4.69,1,10,8,107,13.38,0,1,0,1,,,24,32.2,35.2,28.2,,96,
309,DeAngelo Williams\WillDe02,CAR,RB,31,6,6,0,0,0,0,0,62,219,3.53,0,6,5,44,8.80,0,1,1,0,,,24,29.3,33.3,26.8,,95,
310,Matt Cassel\CassMa00,MIN,QB,32,3,3,41,71,425,3,4,9,18,2.00,0,0,0,0,,0,3,0,0,,,23,22.8,29.8,26.8,,46,
311,Ladarius Green\GreeLa00,SDG,WR,24,14,4,0,0,0,0,0,0,0,,0,25,19,226,11.89,0,0,0,0,,,23,41.6,44.6,32.1,,117,
312,Case Keenum\KeenCa00,2TM,QB,26,2,2,45,77,435,2,2,10,35,3.50,0,0,0,0,,0,1,1,0,,,23,22.9,28.9,24.9,,45,
313,Ka'Deem Carey\CareKa00,CHI,RB,22,14,0,0,0,0,0,0,36,158,4.39,0,6,5,57,11.40,0,0,0,0,,,22,26.5,29.5,24.0,,99,
314,Chris Givens\GiveCh00,STL,WR,25,14,0,0,0,0,0,0,1,4,4.00,0,20,11,159,14.45,1,0,0,1,,,22,33.3,36.3,27.8,,118,
315,Ryan Lindley\LindRy00,2TM,QB,25,3,2,45,93,562,2,4,0,0,,0,0,0,0,,0,2,0,0,,,22,22.5,29.5,26.5,,47,
316,Knowshon Moreno\MoreKn00,MIA,RB,27,3,0,0,0,0,0,0,31,148,4.77,1,1,1,8,8.00,0,0,0,1,,,22,22.6,25.6,22.1,,98,
317,Chris Owusu\OwusCh00,2TM,WR,24,8,0,0,0,0,0,0,1,23,23.00,1,6,6,78,13.00,1,0,0,2,,,22,28.1,28.1,25.1,,120,
318,Eric Weems\WeemEr00,ATL,WR,29,16,0,0,0,0,0,0,0,0,,0,11,10,102,10.20,2,0,0,2,,,22,32.2,35.2,27.2,,119,
319,Brenton Bersin\BersBr00,CAR,WR,24,15,1,0,0,0,0,0,0,0,,0,20,13,151,11.62,1,3,0,1,,,21,34.1,37.1,27.6,,121,
320,Jacob Tamme\TammJa00,DEN,TE,29,15,0,0,0,0,0,0,0,0,,0,28,14,109,7.79,2,1,1,2,,,21,34.9,38.9,27.9,,50,
321,Peyton Hillis\HillPe00,NYG,RB,28,9,0,0,0,0,0,0,26,115,4.42,0,16,10,87,8.70,0,0,0,0,,,20,30.2,33.2,25.2,,102,
322,Storm Johnson\JohnSt03,JAX,RB,22,6,1,0,0,0,0,0,29,86,2.97,2,1,1,-4,-4.00,0,0,0,2,,,20,21.2,21.2,20.7,,101,
323,Kyle Juszczyk\JuszKy00,BAL,RB,23,16,14,0,0,0,0,0,0,0,,0,27,19,182,9.58,1,3,2,1,,,20,39.2,44.2,29.7,,100,
324,Ryan Mallett\MallRy00,HOU,QB,26,3,2,41,75,400,2,2,6,-2,-0.33,0,0,0,0,,0,0,0,0,,,20,19.8,24.8,21.8,,49,
325,Adam Thielen\ThieAd00,MIN,WR,24,16,2,0,0,0,0,0,0,0,,0,13,8,137,17.13,1,0,0,1,,,20,27.7,30.7,23.7,,124,
326,Brandon Weeden\WeedBr00,DAL,QB,31,5,1,24,41,303,3,2,6,-1,-0.17,0,0,0,0,,0,1,0,0,,,20,20.0,25.0,22.0,,48,
327,Mike Williams\WillMi04,BUF,WR,27,9,0,0,0,0,0,0,0,0,,0,19,8,142,17.75,1,0,0,1,,,20,28.2,31.2,24.2,,122,
328,Marquess Wilson\WilsMa02,CHI,WR,22,7,6,0,0,0,0,0,0,0,,0,32,17,140,8.24,1,0,0,1,,,20,37.0,40.0,28.5,,123,
329,Joe McKnight\McKnJo00,KAN,RB,26,2,0,0,0,0,0,0,1,3,3.00,0,7,6,64,10.67,2,0,0,2,,,19,24.7,24.7,21.7,,103,
330,Christine Michael\MichCh00,SEA,RB,24,10,0,0,0,0,0,0,34,175,5.15,0,2,1,12,12.00,0,1,0,0,,,19,19.7,22.7,19.2,,104,
331,Tony Moeaki\MoeaTo00,SEA,TE,27,6,2,0,0,0,0,0,0,0,,0,13,8,134,16.75,1,0,0,1,,,19,27.4,30.4,23.4,,51,
332,Brandon Myers\MyerBr00,TAM,TE,29,14,6,0,0,0,0,0,0,0,,0,32,22,190,8.64,0,0,0,0,,,19,41.0,44.0,30.0,,52,
333,James Casey\CaseJa00,PHI,TE,30,16,2,0,0,0,0,0,0,0,,0,3,3,59,19.67,2,0,0,2,,,18,20.9,20.9,19.4,,54,
334,Ed Dickson\DickEd00,CAR,TE,27,16,10,0,0,0,0,0,0,0,,0,17,10,115,11.50,1,1,0,1,,,18,27.5,30.5,22.5,,55,
335,Crockett Gillmore\GillCr00,BAL,TE,23,15,1,0,0,0,0,0,0,0,,0,15,10,121,12.10,1,0,0,1,,,18,28.1,31.1,23.1,,53,
336,Austin Pettis\PettAu00,2TM,WR,26,9,0,0,0,0,0,0,0,0,,0,17,12,118,9.83,1,0,0,1,,,18,29.8,32.8,23.8,,125,
337,Maurice Jones-Drew\DrewMa00,OAK,RB,29,12,1,0,0,0,0,0,43,96,2.23,0,16,11,71,6.45,0,1,0,0,,,17,27.7,27.7,22.2,,107,
338,Matt Hasselbeck\HassMa00,IND,QB,39,4,0,30,44,301,2,0,8,-11,-1.38,0,0,0,0,,0,1,1,0,,,17,16.9,20.9,16.9,,50,
339,John Kuhn*+\KuhnJo00,GNB,RB,32,16,2,0,0,0,0,0,24,85,3.54,1,4,4,23,5.75,0,0,0,1,,,17,20.8,20.8,18.8,,106,
340,Mike Tolbert\TolbMi00,CAR,RB,29,8,6,0,0,0,0,0,37,78,2.11,0,17,12,93,7.75,0,0,0,0,,,17,29.1,29.1,23.1,,105,
341,Donnie Avery\AverDo00,KAN,WR,30,6,3,0,0,0,0,0,0,0,,0,26,15,176,11.73,0,1,1,0,,,16,30.6,34.6,23.1,,130,
342,Gary Barnidge\BarnGa01,CLE,TE,29,13,2,0,0,0,0,0,0,0,,0,25,13,156,12.00,0,0,0,0,,,16,28.6,31.6,22.1,,56,
343,Brandon Bolden\BoldBr00,NWE,RB,24,16,2,0,0,0,0,0,28,89,3.18,1,6,2,8,4.00,0,0,0,1,,,16,17.7,17.7,16.7,,108,
344,Michael Campanaro\CampMi02,BAL,WR,23,4,0,0,0,0,0,0,0,0,,0,9,7,102,14.57,1,0,0,1,,,16,23.2,26.2,19.7,,126,
345,Jimmy Clausen\ClauJi00,CHI,QB,27,4,1,26,48,223,2,1,3,9,3.00,0,0,0,0,,0,0,0,0,,,16,15.8,16.8,16.8,,51,
346,Dontrelle Inman\InmaDo00,SDG,WR,25,7,0,0,0,0,0,0,0,0,,0,17,12,158,13.17,0,0,0,0,,,16,27.8,30.8,21.8,,129,
347,Josh Morgan\MorgJo00,CHI,WR,29,14,7,0,0,0,0,0,2,30,15.00,0,19,10,70,7.00,1,0,0,1,,,16,26.0,26.0,21.0,,127,
348,Joe Morgan\MorgJo01,NOR,WR,26,5,2,0,0,0,0,0,1,67,67.00,0,10,4,92,23.00,0,0,0,0,,,16,19.9,19.9,17.9,,128,
349,Joe Banyard\BanyJo00,MIN,RB,26,15,0,0,0,0,0,0,21,88,4.19,0,11,9,62,6.89,0,0,0,0,,,15,24.0,24.0,19.5,,110,
350,Joseph Fauria\FaurJo00,DET,TE,24,7,0,0,0,0,0,0,0,0,,0,12,6,74,12.33,1,0,0,1,1,,15,21.4,21.4,18.4,,57,
351,T.J. Graham\GrahT.00,NYJ,WR,25,12,0,0,0,0,0,0,0,0,,0,8,3,87,29.00,1,0,0,1,,,15,17.7,17.7,16.2,,131,
352,Ryan Griffin\GrifRy00,HOU,TE,24,16,2,0,0,0,0,0,0,0,,0,16,10,91,9.10,1,0,0,1,,,15,25.1,25.1,20.1,,58,
353,Josh Huff\HuffJo00,PHI,WR,23,12,0,0,0,0,0,0,1,7,7.00,0,18,8,98,12.25,0,1,1,1,,,15,22.5,23.5,18.5,,132,
354,Robert Hughes\HughRo00,ARI,RB,25,16,4,0,0,0,0,0,7,11,1.57,0,12,8,140,17.50,0,0,0,0,,,15,23.1,26.1,19.1,,109,
355,Zurlon Tipton\TiptZu01,IND,RB,24,6,0,0,0,0,0,0,10,18,1.80,0,6,6,68,11.33,1,0,0,1,,,15,20.6,20.6,17.6,,111,
356,Rex Burkhead\BurkRe00,CIN,RB,24,9,0,0,0,0,0,0,9,27,3.00,1,10,7,49,7.00,0,0,0,1,,,14,20.6,20.6,17.1,,114,
357,Virgil Green\GreeVi00,DEN,TE,26,13,9,0,0,0,0,0,2,3,1.50,0,6,6,74,12.33,1,0,0,1,,,14,19.7,19.7,16.7,,59,
358,Cory Harkey\HarkCo00,STL,RB,24,16,13,0,0,0,0,0,0,0,,0,11,8,55,6.88,1,0,0,1,1,,14,21.5,21.5,17.5,,115,
359,Jamize Olawale\OlawJa00,OAK,RB,25,16,0,0,0,0,0,0,2,0,0.00,0,6,5,18,3.60,2,0,0,2,,,14,18.8,18.8,16.3,,113,
360,Anthony Sherman\SherAn00,KAN,RB,26,16,6,0,0,0,0,0,2,8,4.00,0,14,10,71,7.10,1,0,0,1,,,14,23.9,23.9,18.9,,112,
361,Rod Streater\StreRo00,OAK,WR,26,3,3,0,0,0,0,0,0,0,,0,13,9,84,9.33,1,0,0,1,,,14,23.4,23.4,18.9,,133,
362,Brian Tyms\TymsBr00,NWE,WR,25,11,2,0,0,0,0,0,0,0,,0,11,5,82,16.40,1,0,0,1,,,14,19.2,19.2,16.7,,134,
363,Orleans Darkwa\DarkOr00,2TM,RB,22,11,0,0,0,0,0,0,9,23,2.56,1,6,5,48,9.60,0,0,0,1,,,13,18.1,18.1,15.6,,116,
364,MarQueis Gray\GrayMa00,2TM,TE,25,13,5,0,0,0,0,0,0,0,,0,11,9,134,14.89,0,0,0,0,,,13,22.4,25.4,17.9,,60,
365,Marion Grice\GricMa00,ARI,RB,23,10,0,0,1,0,0,0,15,41,2.73,1,11,7,29,4.14,0,0,0,1,,,13,20.0,20.0,16.5,,117,
366,Rob Housler\HousRo01,ARI,TE,26,15,7,0,0,0,0,0,1,1,1.00,0,17,9,129,14.33,0,1,0,0,,,13,22.0,25.0,17.5,,61,
367,Dennis Pitta\PittDe00,BAL,TE,29,3,3,0,0,0,0,0,0,0,,0,21,16,125,7.81,0,0,0,0,,,13,28.5,31.5,20.5,,63,
368,Matt Spaeth\SpaeMa00,PIT,TE,31,15,8,0,0,0,0,0,0,0,,0,4,3,46,15.33,1,0,0,1,1,,13,15.6,15.6,14.1,,62,
369,Vincent Brown\BrowVi00,OAK,WR,25,7,0,0,0,0,0,0,0,0,,0,21,12,118,9.83,0,0,0,0,,,12,23.8,26.8,17.8,,136,
370,Chase Coffman\CoffCh00,TEN,TE,28,13,3,0,0,0,0,0,0,0,,0,14,6,64,10.67,1,0,0,1,,,12,18.4,18.4,15.4,,64,
371,Jed Collins\CollJe01,DET,RB,28,16,2,0,0,0,0,0,8,19,2.38,0,6,5,39,7.80,1,0,0,1,,,12,16.8,16.8,14.3,,120,
372,John Conner\ConnJo00,NYJ,RB,27,12,3,0,0,0,0,0,6,20,3.33,0,3,2,35,17.50,1,0,0,1,,,12,13.5,13.5,12.5,,121,
373,Patrick DiMarco\DiMaPa00,ATL,RB,25,16,7,0,0,0,0,0,0,0,,0,14,9,62,6.89,1,0,0,1,,,12,21.2,21.2,16.7,,118,
374,Jonathan Dwyer\DwyeJo00,ARI,RB,25,2,0,0,0,0,0,0,16,51,3.19,1,3,2,8,4.00,0,0,0,1,,,12,13.9,13.9,12.9,,119,
375,Jimmy Garoppolo\GaroJi00,NWE,QB,23,6,0,19,27,182,1,0,10,9,0.90,0,0,0,0,,0,0,0,0,,,12,12.2,12.2,12.2,,53,
376,Robert Herron\HerrRo00,TAM,WR,22,8,0,0,0,0,0,0,1,0,0.00,0,12,6,58,9.67,1,0,0,1,,,12,17.8,17.8,14.8,,137,
377,Johnny Manziel\ManzJo00,CLE,QB,22,5,2,18,35,175,0,2,9,29,3.22,1,0,0,0,,0,1,0,1,,,12,11.9,13.9,13.9,,54,
378,Santana Moss\MossSa00,WAS,WR,35,10,0,0,0,0,0,0,0,0,,0,15,10,116,11.60,0,0,0,0,,,12,21.6,24.6,16.6,,138,
379,Logan Paulsen\PaulLo00,WAS,TE,27,16,12,0,0,0,0,0,0,0,,0,16,13,78,6.00,1,1,1,1,,,12,24.8,25.8,18.3,,65,
380,Christian Ponder\PondCh00,MIN,QB,26,2,1,22,44,222,0,2,4,16,4.00,1,0,0,0,,0,0,0,1,,,12,12.5,14.5,14.5,,52,
381,Dante Rosario\RosaDa00,CHI,TE,30,16,3,0,0,0,0,0,0,0,,0,22,16,116,7.25,0,1,1,0,1,,12,27.6,31.6,19.6,,66,
382,James Wright\WrigJa03,CIN,WR,23,11,0,0,0,0,0,0,3,30,10.00,0,16,5,91,18.20,0,0,0,0,,,12,17.1,17.1,14.6,,135,
383,Ronnie Brown\BrowRo05,2TM,RB,33,10,0,0,0,0,0,0,20,63,3.15,0,8,5,44,8.80,0,0,0,0,,,11,15.7,15.7,13.2,,124,
384,Derek Carrier\CarrDe00,SFO,TE,24,11,1,0,0,0,0,0,1,2,2.00,0,14,9,105,11.67,0,1,0,0,,,11,19.7,22.7,15.2,,69,
385,Chris Gragg\GragCh00,BUF,TE,24,10,5,0,0,0,0,0,0,0,,0,10,7,48,6.86,1,0,0,1,,,11,17.8,17.8,14.3,,68,
386,Junior Hemingway\HemiJu00,KAN,WR,26,14,1,0,0,0,0,0,0,0,,0,22,12,108,9.00,0,0,0,0,,,11,22.8,25.8,16.8,,141,
387,Robert Meachem\MeacRo00,NOR,WR,30,11,2,0,0,0,0,0,0,0,,0,20,7,114,16.29,0,0,0,0,,,11,18.4,21.4,14.9,,139,
388,Chris Ogbonnaya\OgboCh00,2TM,RB,28,7,0,0,0,0,0,0,14,50,3.57,1,1,0,0,,0,0,0,1,,,11,11.0,11.0,11.0,,122,
389,Darrin Reaves\ReavDa00,CAR,RB,21,6,1,0,0,0,0,0,31,78,2.52,0,8,5,31,6.20,0,0,0,0,,,11,15.9,15.9,13.4,,123,
390,Adrien Robinson\RobiAd00,NYG,TE,26,16,1,0,0,0,0,0,0,0,,0,7,5,50,10.00,1,0,0,1,,,11,16.0,16.0,13.5,,67,
391,Corey Washington\WashCo01,NYG,WR,23,14,0,0,0,0,0,0,0,0,,0,8,5,52,10.40,1,0,0,1,,,11,16.2,16.2,13.7,,140,
392,Jackie Battle\BattJa00,TEN,RB,31,16,1,0,0,0,0,0,5,9,1.80,1,5,5,28,5.60,0,0,0,1,,,10,14.7,14.7,12.2,,127,
393,Austin Johnson\JohnAu00,NOR,RB,25,7,1,0,0,0,0,0,8,22,2.75,0,2,2,15,7.50,1,0,0,1,,,10,11.7,11.7,10.7,,126,
394,Brian Leonhardt\LeonBr01,OAK,TE,24,12,3,0,0,0,0,0,0,0,,0,8,6,35,5.83,1,0,0,1,,,10,15.5,15.5,12.5,,70,
395,Denarius Moore\MoorDe02,OAK,WR,26,10,2,0,0,0,0,0,1,1,1.00,0,27,12,115,9.58,0,1,1,0,,,10,21.6,25.6,15.6,,144,
396,Kevin Norwood\NorwKe00,SEA,WR,25,9,2,0,0,0,0,0,0,0,,0,10,9,102,11.33,0,0,0,0,,,10,19.2,22.2,14.7,,143,
397,Lee Smith\SmitLe00,BUF,WR,27,14,10,0,0,0,0,0,0,0,,0,8,7,42,6.00,1,0,0,1,,,10,17.2,17.2,13.7,,142,
398,Chris Thompson\ThomCh03,WAS,RB,24,2,0,0,0,0,0,0,3,12,4.00,0,7,6,27,4.50,1,0,0,1,,,10,15.9,15.9,12.9,,125,
399,Derrick Coleman\ColeDe00,SEA,RB,24,5,1,0,0,0,0,0,0,0,,0,2,2,29,14.50,1,0,0,1,,,9,10.9,10.9,9.9,,130,
400,Jerome Felton\FeltJe00,MIN,RB,28,16,3,0,0,0,0,0,4,27,6.75,0,2,0,0,,0,0,0,1,,,9,8.7,8.7,8.7,,131,
401,C.J. Fiedorowicz\FiedC.00,HOU,TE,23,15,8,0,0,0,0,0,0,0,,0,7,4,28,7.00,1,0,0,1,,,9,12.8,12.8,10.8,,71,
402,Cyrus Gray\GrayCy00,KAN,RB,25,9,0,0,0,0,0,0,8,31,3.88,1,0,0,0,,0,0,0,1,,,9,9.1,9.1,9.1,,129,
403,Ryan Hewitt\HewiRy00,CIN,TE,23,16,11,0,0,0,0,0,1,0,0.00,0,15,10,86,8.60,0,0,0,0,,,9,18.6,18.6,13.6,,72,
404,A.J. Jenkins\JenkA.00,KAN,WR,25,9,2,0,0,0,0,0,2,-2,-1.00,0,15,9,93,10.33,0,1,0,0,,,9,18.1,18.1,13.6,,145,
405,Adrian Peterson\PeteAd01,MIN,RB,29,1,1,0,0,0,0,0,21,75,3.57,0,3,2,18,9.00,0,0,0,0,,,9,11.3,11.3,10.3,,128,
406,Zach Sudfeld\SudfZa00,NYJ,TE,25,16,3,0,0,0,0,0,0,0,,0,7,5,85,17.00,0,0,0,0,,,9,13.5,13.5,11.0,,73,
407,Frank Summers\SummFr00,BUF,RB,29,10,6,0,0,0,0,0,6,17,2.83,1,8,5,9,1.80,0,0,0,1,,,9,13.6,13.6,11.1,,132,
408,Chase Daniel\DaniCh00,KAN,QB,28,3,1,16,28,157,0,0,4,15,3.75,0,0,0,0,,0,0,0,0,,,8,7.8,7.8,7.8,,55,
409,DuJuan Harris\HarrDu01,GNB,RB,26,15,0,0,0,0,0,0,16,64,4.00,0,2,1,11,11.00,0,0,0,0,,,8,8.5,8.5,8.0,,134,
410,Dwayne Harris\HarrDw00,DAL,WR,27,16,0,0,0,0,0,0,4,7,1.75,0,12,7,116,16.57,0,4,2,0,,,8,15.3,20.3,11.8,,147,
411,Nic Jacobs\JacoNi00,JAX,TE,23,13,4,0,0,0,0,0,0,0,,0,3,2,16,8.00,1,0,0,1,,,8,9.6,9.6,8.6,,75,
412,Keshawn Martin\MartKe01,HOU,WR,24,16,0,0,0,0,0,0,0,0,,0,12,6,78,13.00,0,0,0,0,,,8,13.8,13.8,10.8,,148,
413,Zach Miller\MillZa01,SEA,TE,29,3,3,0,0,0,0,0,0,0,,0,7,6,76,12.67,0,0,0,0,,,8,13.6,13.6,10.6,,74,
414,Dane Sanzenbacher\SanzDa00,CIN,WR,26,10,1,0,0,0,0,0,1,-1,-1.00,0,15,9,105,11.67,0,1,1,0,,,8,17.4,21.4,12.9,,146,
415,Will Ta'ufo'ou\TaufWi00,JAX,RB,28,16,4,0,0,0,0,0,0,0,,0,8,7,81,11.57,0,0,0,0,,,8,15.1,15.1,11.6,,133,
416,Justin Brown\BrowJu00,PIT,WR,23,8,1,0,0,0,0,0,0,0,,0,21,12,94,7.83,0,1,1,0,,,7,19.4,20.4,13.4,,149,
417,Mike Brown\BrowMi00,JAX,WR,25,5,1,0,0,0,0,0,0,0,,0,15,7,88,12.57,0,1,1,0,,,7,13.8,14.8,10.3,,151,
418,Darren Fells\FellDa01,ARI,TE,28,10,5,0,0,0,0,0,0,0,,0,12,5,71,14.20,0,0,0,0,,,7,12.1,12.1,9.6,,76,
419,Ryan Grant\GranRy01,WAS,WR,24,16,2,0,0,0,0,0,0,0,,0,15,7,68,9.71,0,0,0,0,,,7,13.8,13.8,10.3,,152,
420,Santonio Holmes\HolmSa00,CHI,WR,30,9,2,0,0,0,0,0,0,0,,0,14,8,67,8.38,0,1,0,0,,,7,14.7,14.7,10.7,,153,
421,Greg Little\LittGr00,CIN,WR,25,6,1,0,0,0,0,0,0,0,,0,12,6,69,11.50,0,0,0,0,,,7,12.9,12.9,9.9,,150,
422,Erik Lorig\LoriEr99,NOR,RB,28,10,6,0,0,0,0,0,3,4,1.33,0,10,9,27,3.00,1,1,1,1,,,7,16.1,17.1,11.6,,137,
423,David Nelson\NelsDa01,NYJ,WR,28,6,5,0,0,0,0,0,0,0,,0,16,8,65,8.13,0,2,0,0,,,7,14.5,14.5,10.5,,154,
424,Cedric Peerman\PeerCe00,CIN,RB,28,16,0,0,0,0,0,0,15,43,2.87,0,5,3,27,9.00,0,1,0,0,,,7,10.0,10.0,8.5,,138,
425,Brandon Pettigrew\PettBr00,DET,TE,29,14,9,0,0,0,0,0,0,0,,0,15,10,70,7.00,0,0,0,0,,,7,17.0,17.0,12.0,,77,
426,Logan Thomas\ThomLo00,ARI,QB,23,2,0,1,9,81,1,0,0,0,,0,0,0,0,,0,0,0,0,,,7,7.2,7.2,7.2,,56,
427,George Winn\WinnGe00,DET,RB,24,12,0,0,0,0,0,0,19,73,3.84,0,3,0,0,,0,0,0,0,,,7,7.3,7.3,7.3,,135,
428,Danny Woodhead\WoodDa02,SDG,RB,29,3,0,0,0,0,0,0,15,38,2.53,0,6,5,34,6.80,0,0,0,0,,,7,12.2,12.2,9.7,,136,
429,Dri Archer\ArchDr00,PIT,WR,23,12,0,0,0,0,0,0,10,40,4.00,0,10,7,23,3.29,0,0,0,0,,,6,13.3,13.3,9.8,,155,
430,Brandon Bostick\BostBr00,GNB,TE,25,13,0,0,0,0,0,0,0,0,,0,4,2,3,1.50,1,0,0,1,,,6,8.3,8.3,7.3,,78,
431,Blaine Gabbert\GabbBl00,SFO,QB,25,1,0,3,7,38,1,0,1,5,5.00,0,0,0,0,,0,0,0,0,,,6,6.0,6.0,6.0,,58,
432,Jorvorskie Lane\LaneJo00,TAM,TE,27,9,4,0,0,0,0,0,3,58,19.33,0,1,1,3,3.00,0,0,0,0,,,6,7.1,7.1,6.6,,80,
433,Brock Osweiler\OsweBr00,DEN,QB,24,4,0,4,10,52,1,0,8,0,0.00,0,0,0,0,,0,0,0,0,,,6,6.1,6.1,6.1,,57,
434,Michael Palmer\PalmMi00,PIT,TE,26,15,1,0,0,0,0,0,0,0,,0,2,1,1,1.00,1,0,0,1,,,6,7.1,7.1,6.6,,81,
435,Bear Pascoe\PascBe00,ATL,TE,28,16,2,0,0,0,0,0,0,0,,0,2,2,3,1.50,1,0,0,1,,,6,8.3,8.3,7.3,,79,
436,John Phillips\PhilJo00,SDG,TE,27,16,1,0,0,0,0,0,0,0,,0,1,1,1,1.00,1,0,0,1,,,6,7.1,7.1,6.6,,82,
437,Russell Shepard\ShepRu00,TAM,WR,24,16,0,0,0,0,0,0,0,0,,0,8,4,63,15.75,0,0,0,0,,,6,10.3,10.3,8.3,,156,
438,Bryan Walters\WaltBr00,SEA,WR,27,13,0,0,0,0,0,0,1,-2,-2.00,0,11,6,57,9.50,0,0,0,0,,,6,11.5,11.5,8.5,,157,
439,James White\WhitJa02,NWE,RB,22,3,0,0,0,0,0,0,9,38,4.22,0,5,5,23,4.60,0,0,0,0,,,6,11.1,11.1,8.6,,139,
440,Seyi Ajirotutu\AjirSe00,SDG,WR,27,16,1,0,0,0,0,0,0,0,,0,12,4,45,11.25,0,0,0,0,,,5,8.5,8.5,6.5,,164,
441,Andre Caldwell\CaldAn00,DEN,WR,29,16,2,0,0,0,0,0,0,0,,0,15,5,47,9.40,0,0,0,0,,,5,9.7,9.7,7.2,,162,
442,Garrett Celek\CeleGa00,SFO,TE,26,3,1,0,0,0,0,0,0,0,,0,2,2,53,26.50,0,0,0,0,,,5,7.3,7.3,6.3,,83,
443,James Develin\DeveJa00,NWE,TE,26,16,4,0,0,0,0,0,3,5,1.67,0,8,6,43,7.17,0,1,0,0,,,5,10.8,10.8,7.8,,85,
444,Kris Durham\DurhKr00,TEN,WR,26,4,0,0,0,0,0,0,0,0,,0,11,6,54,9.00,0,0,0,0,,,5,11.4,11.4,8.4,,158,
445,Marquise Goodwin\GoodMa00,BUF,WR,24,10,0,0,0,0,0,0,3,8,2.67,0,9,1,42,42.00,0,1,0,0,,,5,6.0,6.0,5.5,,160,
446,Frankie Hammond\HammFr00,KAN,WR,24,16,3,0,0,0,0,0,0,0,,0,11,4,45,11.25,0,0,0,0,,,5,8.5,8.5,6.5,,165,
447,James Hanna\HannJa00,DAL,TE,25,16,12,0,0,0,0,0,0,0,,0,6,4,48,12.00,0,0,0,0,,,5,8.8,8.8,6.8,,84,
448,Jeff Maehl\MaehJe00,PHI,WR,25,8,0,0,0,0,0,0,0,0,,0,5,5,46,9.20,0,0,0,0,,,5,9.6,9.6,7.1,,163,
449,Matt McGloin\McGlMa01,OAK,QB,25,1,0,12,19,129,1,2,2,3,1.50,0,0,0,0,,0,0,0,0,,,5,5.5,7.5,7.5,,59,
450,Kevin Ogletree\OgleKe00,NYG,WR,27,7,0,0,0,0,0,0,0,0,,0,9,5,50,10.00,0,0,0,0,,,5,10.0,10.0,7.5,,161,
451,Trey Watts\WattTr00,STL,RB,23,14,0,0,0,0,0,0,7,30,4.29,0,4,3,18,6.00,0,0,0,0,,,5,7.8,7.8,6.3,,140,
452,Chris Williams\WillCh06,CHI,WR,27,6,6,0,0,0,0,0,1,-8,-8.00,0,,0,0,,0,0,0,1,,,5,5.2,5.2,5.2,,159,
453,Michael Cox\CoxxMi00,NYG,RB,26,4,0,0,0,0,0,0,4,33,8.25,0,3,2,9,4.50,0,0,0,0,,,4,6.2,6.2,5.2,,141,
454,Aaron Dobson\DobsAa00,NWE,WR,23,4,1,0,0,0,0,0,0,0,,0,5,3,38,12.67,0,0,0,0,,,4,6.8,6.8,5.3,,167,
455,Tyler Eifert\EifeTy00,CIN,TE,24,1,1,0,0,0,0,0,0,0,,0,3,3,37,12.33,0,0,0,0,,,4,6.7,6.7,5.2,,90,
456,Michael Hoomanawanui\HoomMi00,NWE,TE,26,16,12,0,0,0,0,0,0,0,,0,6,3,44,14.67,0,0,0,0,,,4,7.4,7.4,5.9,,86,
457,Jerrel Jernigan\JernJe00,NYG,WR,25,2,1,0,0,0,0,0,1,-2,-2.00,0,9,6,40,6.67,0,0,0,0,,,4,9.8,9.8,6.8,,168,
458,Will Johnson\JohnWi00,PIT,RB,25,16,5,0,0,0,0,0,2,0,0.00,0,9,6,41,6.83,0,0,0,0,,,4,10.1,10.1,7.1,,142,
459,Troy Niklas\NiklTr00,ARI,TE,22,7,2,0,0,0,0,0,0,0,,0,3,3,38,12.67,0,0,0,0,,,4,6.8,6.8,5.3,,89,
460,Quinton Patton\PattQu00,SFO,WR,24,4,0,0,0,0,0,0,1,20,20.00,0,8,3,44,14.67,0,1,1,0,,,4,7.4,8.4,5.9,,166,
461,Ace Sanders\SandAc00,JAX,WR,23,12,0,0,0,0,0,0,0,0,,0,7,6,55,9.17,0,2,1,0,,,4,9.5,10.5,6.5,,169,
462,Connor Shaw\ShawCo00,CLE,QB,23,1,1,14,28,177,0,1,7,9,1.29,0,0,0,0,,0,1,1,0,,,4,4.0,6.0,5.0,,60,
463,Luke Stocker\StocLu00,TAM,TE,26,13,7,0,0,0,0,0,0,0,,0,11,7,41,5.86,0,0,0,0,,,4,11.1,11.1,7.6,,88,
464,Fitzgerald Toussaint\TousFi00,BAL,RB,24,4,0,0,0,0,0,0,6,12,2.00,0,6,3,27,9.00,0,0,0,0,,,4,6.9,6.9,5.4,,143,
465,Brandon Williams\WillBr04,CAR,TE,27,14,0,0,0,0,0,0,0,0,,0,8,4,44,11.00,0,0,0,0,,,4,8.4,8.4,6.4,,87,
466,Tommy Bohanon\BohaTo00,NYJ,RB,24,4,2,0,0,0,0,0,1,3,3.00,0,2,2,30,15.00,0,0,0,0,,,3,5.3,5.3,4.3,,144,
467,Ryan Broyles\BroyRy00,DET,WR,26,5,0,0,0,0,0,0,0,0,,0,5,2,25,12.50,0,0,0,0,,,3,4.5,4.5,3.5,,171,
468,Mike James\JameMi00,TAM,RB,23,11,0,0,0,0,0,0,19,37,1.95,0,1,1,-5,-5.00,0,0,0,0,,,3,4.2,4.2,3.7,,145,
469,DeVier Posey\PoseDe00,HOU,WR,24,1,1,0,0,0,0,0,0,0,,0,1,1,30,30.00,0,0,0,0,,,3,4.0,4.0,3.5,,170,
470,Alfonso Smith\SmitAl22,SFO,RB,27,6,0,0,0,0,0,0,7,19,2.71,0,4,3,11,3.67,0,0,0,0,,,3,6.0,6.0,4.5,,146,
471,Craig Stevens\StevCr00,TEN,TE,30,5,4,0,0,0,0,0,0,0,,0,2,2,26,13.00,0,0,0,0,,,3,4.6,4.6,3.6,,92,
472,Phillip Supernaw\SupePh00,2TM,TE,24,8,1,0,0,0,0,0,0,0,,0,3,3,30,10.00,0,0,0,0,,,3,6.0,6.0,4.5,,91,
473,Ray Agnew\AgneRa00,CLE,RB,23,12,9,0,0,0,0,0,2,2,1.00,0,9,3,15,5.00,0,0,0,0,,,2,4.7,4.7,3.2,,150,
474,Jarrett Boykin\BoykJa00,GNB,WR,25,13,3,0,0,0,0,0,0,0,,0,12,3,23,7.67,0,0,0,0,,,2,5.3,5.3,3.8,,173,
475,Cameron Brate\BratCa00,TAM,TE,23,5,1,0,0,0,0,0,0,0,,0,1,1,17,17.00,0,0,0,0,,,2,2.7,2.7,2.2,,97,
476,Kevin Brock\BrocKe00,CIN,TE,28,14,2,0,0,0,0,0,0,0,,0,6,5,21,4.20,0,0,0,0,,,2,7.1,7.1,4.6,,94,
477,Shaun Draughn\DrauSh00,3TM,RB,27,10,0,0,0,0,0,0,10,19,1.90,0,0,0,0,,0,0,0,0,,,2,1.9,1.9,1.9,,149,
478,Demetrius Harris\HarrDe03,KAN,TE,23,8,3,0,0,0,0,0,0,0,,0,5,3,20,6.67,0,0,0,0,,,2,5.0,5.0,3.5,,96,
479,Josh Harris\HarrJo04,PIT,RB,23,5,0,0,0,0,0,0,9,16,1.78,0,0,0,0,,0,0,0,0,,,2,1.6,1.6,1.6,,151,
480,Gator Hoskins\HoskHa00,2TM,TE,23,15,0,0,0,0,0,0,0,0,,0,4,3,21,7.00,0,0,0,0,,,2,5.1,5.1,3.6,,95,
481,Jeff Janis\JaniJe00,GNB,WR,23,3,0,0,0,0,0,0,0,0,,0,2,2,16,8.00,0,0,0,0,,,2,3.6,3.6,2.6,,176,
482,Cody Latimer\LatiCo00,DEN,WR,22,8,0,0,0,0,0,0,0,0,,0,4,2,23,11.50,0,0,0,0,,,2,4.3,4.3,3.3,,172,
483,Brian Leonard\LeonBr00,NOR,RB,30,1,0,0,0,0,0,0,0,0,,0,1,1,15,15.00,0,0,0,0,,,2,2.5,2.5,2.0,,152,
484,Ryan Nassib\NassRy00,NYG,QB,24,4,0,4,5,60,0,0,2,-3,-1.50,0,0,0,0,,0,1,0,0,,,2,2.1,2.1,2.1,,61,
485,Solomon Patton\PattSo01,2TM,WR,24,13,0,0,0,0,0,0,1,19,19.00,0,0,0,0,,0,1,0,0,,,2,1.9,1.9,1.9,,174,
486,Jay Prosch\ProsJa00,HOU,RB,22,16,5,0,0,0,0,0,0,0,,0,4,1,24,24.00,0,0,0,0,,,2,3.4,3.4,2.9,,147,
487,Matt Simms\SimmMa00,NYJ,QB,26,1,0,3,8,39,0,0,1,2,2.00,0,0,0,0,,0,0,0,0,,,2,1.8,1.8,1.8,,62,
488,Jeremy Stewart\StewJe00,DEN,RB,25,6,0,0,0,0,0,0,6,22,3.67,0,0,0,0,,0,0,0,0,,,2,2.2,2.2,2.2,,148,
489,Devin Street\StreDe00,DAL,WR,23,16,0,0,0,0,0,0,0,0,,0,7,2,18,9.00,0,0,0,0,,,2,3.8,3.8,2.8,,175,
490,Taylor Thompson\ThomTa00,TEN,TE,25,3,1,0,0,0,0,0,0,0,,0,4,2,24,12.00,0,0,0,0,,,2,4.4,4.4,3.4,,93,
491,Joe Webb\WebbJo00,CAR,QB,28,7,0,0,0,0,0,0,0,0,,0,3,1,16,16.00,0,0,0,0,,,2,2.6,2.6,2.1,,63,
492,Antonio Andrews\AndrAn00,TEN,RB,22,4,0,0,0,0,0,0,0,0,,0,2,2,11,5.50,0,0,0,0,,,1,3.1,3.1,2.1,,154,
493,David Ausberry\AusbDa00,OAK,TE,27,6,0,0,0,0,0,0,0,0,,0,4,2,14,7.00,0,0,0,0,,,1,3.4,3.4,2.4,,98,
494,Trey Burton\BurtTr01,PHI,TE,23,15,0,0,0,0,0,0,5,10,2.00,0,0,0,0,,0,0,0,0,,,1,1.0,1.0,1.0,,100,
495,Jason Campbell\CampJa00,CIN,QB,33,4,0,11,19,74,0,0,1,1,1.00,0,0,0,0,,0,1,1,0,,,1,1.1,2.1,1.1,,64,
496,Darrius Heyward-Bey\HeywDa00,PIT,WR,27,16,1,0,0,0,0,0,0,0,,0,5,3,33,11.00,0,1,1,0,,,1,4.3,5.3,2.8,,179,
497,Henry Hynoski\HynoHe01,NYG,RB,26,16,4,0,0,0,0,0,7,13,1.86,0,0,0,0,,0,0,0,0,,,1,1.3,1.3,1.3,,153,
498,LaMichael James\JameLa00,2TM,RB,25,3,0,0,0,0,0,0,5,9,1.80,0,1,0,0,,0,0,0,0,,,1,0.9,0.9,0.9,,155,
499,Marcel Jensen\JensMa01,JAX,TE,24,1,0,0,0,0,0,0,0,0,,0,1,1,8,8.00,0,0,0,0,,,1,1.8,1.8,1.3,,101,
500,Tavarres King\KingTa00,2TM,WR,24,2,0,0,0,0,0,0,0,0,,0,3,2,13,6.50,0,0,0,0,,,1,3.3,3.3,2.3,,178,
501,Vance McDonald\McDoVa00,SFO,TE,24,8,4,0,0,0,0,0,0,0,,0,8,2,30,15.00,0,1,1,0,,,1,3.0,4.0,2.0,,99,
502,Matt Moore\MoorMa01,MIA,QB,30,2,0,2,4,21,0,0,2,-2,-1.00,0,0,0,0,,0,0,0,0,,,1,0.6,0.6,0.6,,65,
503,Courtney Roby\RobyCo00,ATL,WR,31,4,0,0,0,0,0,0,0,0,,0,2,1,11,11.00,0,0,0,0,,,1,2.1,2.1,1.6,,181,
504,Brad Smith\SmitBr01,PHI,WR,31,13,0,0,0,0,0,0,0,0,,0,3,1,11,11.00,0,0,0,0,,,1,2.1,2.1,1.6,,180,
505,Micheal Spurlock\SpurMi00,CHI,WR,31,1,0,0,0,0,0,0,0,0,,0,3,1,8,8.00,0,0,0,0,,,1,1.8,1.8,1.3,,182,
506,Will Tukuafu\TukuWi00,SEA,RB,30,9,2,0,0,0,0,0,1,2,2.00,0,2,1,4,4.00,0,0,0,0,,,1,1.6,1.6,1.1,,156,
507,Damian Williams\WillDa04,2TM,WR,26,3,0,0,0,0,0,0,0,0,,0,1,1,14,14.00,0,0,0,0,,,1,2.4,2.4,1.9,,177,
508,T.J. Yates\YateT.00,ATL,QB,27,1,0,3,4,64,0,1,0,0,,0,0,0,0,,0,0,0,0,,,1,0.6,1.6,1.6,,66,
509,Jared Abbrederis\AbbrJa00,GNB,,24,0,,0,0,0,0,0,0,0,,0,,0,0,,0,0,,0,,,,,,,,274,
510,D.J. Adams\AdamD.00,SDG,,24,0,,0,0,0,0,0,0,0,,0,,0,0,,0,0,,0,,,,,,,,164,
511,Rashaun Allen\AlleRa00,SEA,,25,1,0,0,0,0,0,0,0,0,,0,,0,0,,0,0,,0,,,,,,,,134,
512,Torrence Allen\AlleTo00,SDG,,23,0,,0,0,0,0,0,0,0,,0,,0,0,,0,0,,0,,,,,,,,261,
513,Blake Annen\AnneBl01,CHI,,23,5,0,0,0,0,0,0,0,0,,0,,0,0,,0,0,,0,,,,,,,,126,
514,George Atkinson\AtkiGe01,OAK,,22,5,0,0,0,0,0,0,0,0,,0,0,0,0,,0,0,0,0,,,,,,,,170,
515,Edwin Baker\BakeEd01,NOR,RB,23,3,0,0,0,0,0,0,1,2,2.00,0,0,0,0,,0,0,0,0,,,,0.2,0.2,0.2,,157,
516,Vick Ballard\BallVi00,IND,,24,0,,0,0,0,0,0,0,0,,0,,0,0,,0,0,,0,,,,,,,,184,
517,Brandon Barden\BardBr00,KAN,,25,0,,0,0,0,0,0,0,0,,0,,0,0,,0,0,,0,,,,,,,,113,
518,Matt Barkley\BarkMa00,PHI,QB,24,1,0,0,1,0,0,0,3,0,0.00,0,0,0,0,,0,0,0,0,,,,,,,,83,
519,Kenjon Barner\BarnKe00,PHI,,25,0,,0,0,0,0,0,0,0,,0,,0,0,,0,0,,0,,,,,,,,171,
520,Phil Bates\BatePh00,2TM,,25,1,0,0,0,0,0,0,0,0,,0,,0,0,,0,0,,0,,,,,,,,228,
521,Zach Bauman\BaumZa00,ARI,,22,0,,0,0,0,0,0,0,0,,0,,0,0,,0,0,,0,,,,,,,,194,
522,Alex Bayer\BayeAl00,STL,,24,6,0,0,0,0,0,0,0,0,,0,,0,0,,0,0,0,0,,,,,,,,151,
523,Josh Bellamy\BellJo02,CHI,,25,4,0,0,0,0,0,0,0,0,,0,1,0,0,,0,0,0,0,,,,,,,,244,
524,Tim Benford\BenfTi00,DAL,,25,0,,0,0,0,0,0,0,0,,0,,0,0,,0,0,,0,,,,,,,,280,
525,Kapri Bibbs\BibbKa00,DEN,,21,0,,0,0,0,0,0,0,0,,0,,0,0,,0,0,,0,,,,,,,,195,
526,Justin Blackmon\BlacJu00,JAX,,24,0,,0,0,0,0,0,0,0,,0,,0,0,,0,0,,0,,,,,,,,191,
527,Emory Blake\BlakEm00,STL,,23,0,,0,0,0,0,0,0,0,,0,,0,0,,0,0,,0,,,,,,,,231,
528,Matt Blanchard\BlanMa00,CAR,,25,0,,0,0,0,0,0,0,0,,0,,0,0,,0,0,,0,,,,,,,,72,
529,Rob Blanchflower\BlanRo01,PIT,,24,0,,0,0,0,0,0,0,0,,0,,0,0,,0,0,,0,,,,,,,,121,
530,Ted Bolser\BolsTe00,2TM,,24,0,,0,0,0,0,0,0,0,,0,,0,0,,0,0,,0,,,,,,,,144,
531,Alan Bonner\BonnAl00,HOU,,24,0,,0,0,0,0,0,0,0,,0,,0,0,,0,0,,0,,,,,,,,252,
532,Kadron Boone\BoonKa00,STL,,23,0,,0,0,0,0,0,0,0,,0,,0,0,,0,0,,0,,,,,,,,254,
533,Josh Boyce\BoycJo00,NWE,,23,1,0,0,0,0,0,0,0,0,,0,,0,0,,0,0,,0,,,,,,,,238,
534,Chris Boyd\BoydCh00,DAL,,23,0,,0,0,0,0,0,0,0,,0,,0,0,,0,0,,0,,,,,,,,263,
535,Allen Bradford\BradAl00,2TM,,26,1,0,0,0,0,0,0,0,0,,0,,0,0,,0,0,,0,,,,,,,,181,
536,Sam Bradford\BradSa00,STL,,27,0,,0,0,0,0,0,0,0,,0,,0,0,,0,0,,0,,,,,,,,99,
537,Tyler Bray\BrayTy00,KAN,,23,0,,0,0,0,0,0,0,0,,0,,0,0,,0,0,,0,,,,,,,,100,
538,Demitrius Bronson\BronDe00,SEA,,24,0,,0,0,0,0,0,0,0,,0,,0,0,,0,0,,0,,,,,,,,180,
539,Michael Bush\BushMi00,ARI,,30,0,,0,0,0,0,0,0,0,,0,,0,0,,0,0,,0,,,,,,,,193,
540,Jeremy Butler\ButlJe01,BAL,,23,0,,0,0,0,0,0,0,0,,0,,0,0,,0,0,,0,,,,,,,,255,
541,LaRon Byrd\ByrdLa00,2TM,,25,1,0,0,0,0,0,0,0,0,,0,,0,0,,0,0,,0,,,,,,,,224,
542,Jake Byrne\ByrnJa00,SDG,,24,0,,0,0,0,0,0,0,0,,0,,0,0,,0,0,,0,,,,,,,,111,
543,Brelon Chancellor\ChanBr00,SDG,,22,0,,0,0,0,0,0,0,0,,0,,0,0,,0,0,,0,,,,,,,,246,
544,Orson Charles\CharOr00,NOR,,23,0,,0,0,0,0,0,0,0,,0,,0,0,,0,0,,0,,,,,,,,153,
545,Jamie Childers\ChilJa00,BUF,,26,0,,0,0,0,0,0,0,0,,0,,0,0,,0,0,,0,,,,,,,,138,
546,Kellen Clemens\ClemKe00,SDG,QB,31,2,0,1,3,10,0,0,0,0,,0,0,0,0,,0,0,0,0,,,,0.4,0.4,0.4,,68,
547,Asante Cleveland\ClevAs00,SFO,,22,6,0,0,0,0,0,0,0,0,,0,1,0,0,,0,0,0,0,,,,,,,,128,
548,Tyler Clutts\ClutTy00,DAL,RB,30,16,1,0,0,0,0,0,0,0,,0,1,1,1,1.00,0,0,0,0,,,,1.1,1.1,0.6,,158,
549,Brandon Coleman\ColeBr00,NOR,,22,0,,0,0,0,0,0,0,0,,0,,0,0,,0,0,,0,,,,,,,,222,
550,Kain Colter\ColtKa00,MIN,,24,0,,0,0,0,0,0,0,0,,0,,0,0,,0,0,,0,,,,,,,,236,
551,Kevin Cone\ConeKe00,2TM,,26,0,,0,0,0,0,0,0,0,,0,,0,0,,0,0,,0,,,,,,,,229,
552,Damian Copeland\CopeDa00,JAX,,24,0,,0,0,0,0,0,0,0,,0,,0,0,,0,0,,0,,,,,,,,259,
553,Tom Crabtree\CrabTo00,NOR,,29,0,,0,0,0,0,0,0,0,,0,,0,0,,0,0,,0,,,,,,,,145,
554,Juron Criner\CrinJu00,NYG,,25,0,,0,0,0,0,0,0,0,,0,,0,0,,0,0,,0,,,,,,,,202,
555,B.J. Cunningham\CunnB.00,CHI,,25,0,,0,0,0,0,0,0,0,,0,,0,0,,0,0,,0,,,,,,,,206,
556,Jerome Cunningham\CunnJe00,NYG,,23,0,,0,0,0,0,0,0,0,,0,,0,0,,0,0,,0,,,,,,,,146,
557,Justice Cunningham\CunnJu00,STL,,23,0,,0,0,0,0,0,0,0,,0,,0,0,,0,0,,0,,,,,,,,142,
558,B.J. Daniels\DaniB.00,SEA,,26,0,,0,0,0,0,0,0,0,,0,,0,0,,0,0,,0,,,,,,,,77,
559,Dominique Davis\DaviDo02,IND,,25,0,,0,0,0,0,0,0,0,,0,0,0,0,,0,0,,0,,,,,,,,73,
560,Jace Davis\DaviJa04,2TM,,23,0,,0,0,0,0,0,0,0,,0,,0,0,,0,0,,0,,,,,,,,243,
561,Kellen Davis\DaviKe01,DET,,29,6,0,0,0,0,0,0,0,0,,0,3,0,0,,0,0,0,0,,,,,,,,104,
562,Skye Dawson\DawsSk00,DET,,24,0,,0,0,0,0,0,0,0,,0,,0,0,,0,0,,0,,,,,,,,221,
563,Jeff Demps\DempJe00,2TM,,24,0,,0,0,0,0,0,0,0,,0,,0,0,,0,0,,0,,,,,,,,190,
564,Anthony Denham\DenhAn00,HOU,,23,4,0,0,0,0,0,0,0,0,,0,0,0,0,,0,0,0,0,,,,,,,,154,
565,Chase Dixon\DixoCh00,WAS,,23,0,,0,0,0,0,0,0,0,,0,,0,0,,0,0,,0,,,,,,,,141,
566,Dennis Dixon\DixoDe00,ARI,,29,0,,0,0,0,0,0,0,0,,0,,0,0,,0,0,,0,,,,,,,,96,
567,Kevin Dorsey\DorsKe01,GNB,WR,24,3,0,0,0,0,0,0,0,0,,0,2,1,4,4.00,0,0,0,0,,,,1.4,1.4,0.9,,183,
568,Tandon Doss\DossTa00,JAX,,25,0,,0,0,0,0,0,0,0,,0,,0,0,,0,0,,0,,,,,,,,285,
569,Reggie Dunn\DunnRe00,DAL,,25,0,,0,0,0,0,0,0,0,,0,,0,0,,0,0,,0,,,,,,,,225,
570,Zac Dysert\DyseZa00,DEN,,24,0,,0,0,0,0,0,0,0,,0,,0,0,,0,0,,0,,,,,,,,87,
571,Patrick Edwards\EdwaPa00,DET,,26,0,,0,0,0,0,0,0,0,,0,,0,0,,0,0,,0,,,,,,,,234,
572,Quincy Enunwa\EnunQu00,NYJ,,22,1,0,0,0,0,0,0,0,0,,0,,0,0,,0,0,,0,,,,,,,,245,
573,Shaquelle Evans\EvanSh00,NYJ,,23,0,,0,0,0,0,0,0,0,,0,,0,0,,0,0,,0,,,,,,,,207,
574,David Fales\FaleDa00,CHI,,24,0,,0,0,0,0,0,0,0,,0,,0,0,,0,0,,0,,,,,,,,75,
575,Tony Fiammetta\FiamTo00,CHI,,28,1,0,0,0,0,0,0,0,0,,0,,0,0,,0,0,,0,,,,,,,,174,
576,Donte Foster\FostDo01,MIN,,24,0,,0,0,0,0,0,0,0,,0,,0,0,,0,0,,0,,,,,,,,193,
577,Bennie Fowler\FowlBe00,DEN,,23,0,,0,0,0,0,0,0,0,,0,,0,0,,0,0,,0,,,,,,,,203,
578,Tyler Gaffney\GaffTy00,NWE,,23,0,,0,0,0,0,0,0,0,,0,,0,0,,0,0,,0,,,,,,,,162,
579,Kendall Gaskins\GaskKe00,SFO,,24,0,,0,0,0,0,0,0,0,,0,,0,0,,0,0,,0,,,,,,,,168,
580,Garrett Gilbert\GilbGa01,2TM,,23,0,,0,0,0,0,0,0,0,,0,,0,0,,0,0,,0,,,,,,,,74,
581,Alex Gillett\GillAl00,GNB,,23,0,,0,0,0,0,0,0,0,,0,,0,0,,0,0,,0,,,,,,,,233,
582,Mike Gillislee\GillMi00,MIA,,24,0,,0,0,0,0,0,0,0,,0,,0,0,,0,0,,0,,,,,,,,192,
583,Brittan Golden\GoldBr00,ARI,,26,0,,0,0,0,0,0,0,0,,0,,0,0,,0,0,,0,,,,,,,,262,
584,C.J. Goodwin\GoodC.00,PIT,,24,0,,0,0,0,0,0,0,0,,0,,0,0,,0,0,,0,,,,,,,,220,
585,Richard Gordon\GordRi00,2TM,,27,5,3,0,0,0,0,0,0,0,,0,1,0,0,,0,0,0,0,,,,,,,,147,
586,Bruce Gradkowski\GradBr00,PIT,QB,31,1,0,0,0,0,0,0,2,-2,-1.00,0,0,0,0,,0,0,0,0,,,,-0.2,-0.2,-0.2,,101,
587,Kevin Greene\GreeKe01,2TM,,24,0,,0,0,0,0,0,0,0,,0,,0,0,,0,0,,0,,,,,,,,110,
588,Ryan Griffin\GrifRy01,NOR,,25,0,,0,0,0,0,0,0,0,,0,,0,0,,0,0,,0,,,,,,,,88,
589,Xavier Grimble\GrimXa00,2TM,,22,0,,0,0,0,0,0,0,0,,0,,0,0,,0,0,,0,,,,,,,,109,
590,Saalim Hakim\HakiSa00,NYJ,,24,16,0,0,0,0,0,0,0,0,,0,0,0,0,,0,0,0,0,,,,,,,,282,
591,Cobi Hamilton\HamiCo00,2TM,,24,0,1,0,0,0,0,0,0,0,,0,,0,0,,0,0,0,0,,,,,,,,214,
592,Je'Ron Hamm\HammJe01,WAS,,22,0,,0,0,0,0,0,0,0,,0,,0,0,,0,0,,0,,,,,,,,148,
593,Leonard Hankerson\HankLe00,WAS,,26,1,0,0,0,0,0,0,0,0,,0,1,0,0,,0,0,0,0,,,,,,,,260,
594,Andre Hardy\HardAn01,ARI,,27,0,,0,0,0,0,0,0,0,,0,,0,0,,0,0,,0,,,,,,,,158,
595,Chandler Harnish\HarnCh00,MIN,,26,0,,0,0,0,0,0,0,0,,0,,0,0,,0,0,,0,,,,,,,,97,
596,Chris Harper\HarpCh00,NYG,,25,0,,0,0,0,0,0,0,0,,0,,0,0,,0,0,,0,,,,,,,,211,
597,Clark Harris\HarrCl20,CIN,,30,16,0,0,0,0,0,0,0,0,,0,,0,0,,0,0,0,0,,,,,,,,119,
598,Travis Harvey\HarvTr00,3TM,,24,0,,0,0,0,0,0,0,0,,0,,0,0,,0,0,,0,,,,,,,,209,
599,Micah Hatfield\HatfMi00,SDG,,25,0,,0,0,0,0,0,0,0,,0,,0,0,,0,0,,0,,,,,,,,219,
600,Matt Hazel\HazeMa01,MIA,,22,0,,0,0,0,0,0,0,0,,0,,0,0,,0,0,,0,,,,,,,,186,
601,Javontee Herndon\HernJa00,SDG,,23,0,,0,0,0,0,0,0,0,,0,,0,0,,0,0,,0,,,,,,,,192,
602,Michael Hill\HillMi00,3TM,,25,0,,0,0,0,0,0,0,0,,0,,0,0,,0,0,,0,,,,,,,,163,
603,Stephen Hill\HillSt00,CAR,,23,0,,0,0,0,0,0,0,0,,0,,0,0,,0,0,,0,,,,,,,,187,
604,Caleb Holley\HollCa00,BUF,,24,0,,0,0,0,0,0,0,0,,0,,0,0,,0,0,,0,,,,,,,,197,
605,Emil Igwenagu\IgweEm00,DET,,25,0,,0,0,0,0,0,0,0,,0,,0,0,,0,0,,0,,,,,,,,4,
606,Tarvaris Jackson\JackTa00,SEA,QB,31,1,0,1,1,0,0,0,0,0,,0,0,0,0,,0,0,0,0,,,,,,,,78,
607,Chuck Jacobs\JacoCh00,SFO,,24,0,,0,0,0,0,0,0,0,,0,,0,0,,0,0,,0,,,,,,,,216,
608,Greg Jenkins\JenkGr00,OAK,,25,0,,0,0,0,0,0,0,0,,0,,0,0,,0,0,,0,,,,,,,,194,
609,David Johnson\JohnDa05,SDG,TE,27,14,2,0,0,0,0,0,0,0,,0,,1,4,4.00,0,0,0,0,,,,1.4,1.4,0.9,,102,
610,Josh Johnson\JohnJo05,SFO,,28,0,,0,0,0,0,0,0,0,,0,,0,0,,0,0,,0,,,,,,,,85,
611,Chandler Jones\JoneCh07,2TM,,23,0,,0,0,0,0,0,0,0,,0,,0,0,,0,0,,0,,,,,,,,247,
612,Dominique Jones\JoneDo01,DEN,,27,1,0,0,0,0,0,0,0,0,,0,,0,0,,0,0,,0,,,,,,,,149,
613,Kadeem Jones\JoneKa00,STL,,22,0,,0,0,0,0,0,0,0,,0,,0,0,,0,0,,0,,,,,,,,3,
614,Landry Jones\JoneLa02,PIT,,25,0,,0,0,0,0,0,0,0,,0,,0,0,,0,0,,0,,,,,,,,79,
615,Seantavius Jones\JoneSe01,NOR,,22,0,,0,0,0,0,0,0,0,,0,,0,0,,0,0,,0,,,,,,,,276,
616,T.J. Jones\JoneT.00,DET,,22,0,,0,0,0,0,0,0,0,,0,,0,0,,0,0,,0,,,,,,,,277,
617,Henry Josey\JoseHe00,2TM,,23,0,,0,0,0,0,0,0,0,,0,,0,0,,0,0,,0,,,,,,,,189,
618,Mike Kafka\KafkMi00,TAM,,27,0,,0,0,0,0,0,0,0,,0,,0,0,,0,0,,0,,,,,,,,81,
619,Nick Kasa\KasaNi00,OAK,,24,0,,0,0,0,0,0,0,0,,0,,0,0,,0,0,,0,,,,,,,,117,
620,Jeremy Kelley\KellJe00,DEN,,26,0,,0,0,0,0,0,0,0,,0,,0,0,,0,0,,0,,,,,,,,212,
621,G.J. Kinne\KinnG.00,PHI,,26,0,,0,0,0,0,0,0,0,,0,,0,0,,0,0,,0,,,,,,,,91,
622,Travis Labhart\LabhTr00,HOU,,23,0,,0,0,0,0,0,0,0,,0,,0,0,,0,0,,0,,,,,,,,278,
623,Ryan Lankford\LankRy00,IND,,23,0,,0,0,0,0,0,0,0,,0,,0,0,,0,0,,0,,,,,,,,241,
624,Marcus Lattimore\LattMa00,SFO,,23,0,,0,0,0,0,0,0,0,,0,,0,0,,0,0,,0,,,,,,,,159,
625,Rashad Lawrence\LawrRa00,CHI,,22,0,,0,0,0,0,0,0,0,,0,,0,0,,0,0,,0,,,,,,,,275,
626,Mike Leach\LeacMi00,ARI,,38,16,0,0,0,0,0,0,0,0,,0,,0,0,,0,0,0,0,,,,,,,,125,
627,Alec Lemon\LemoAl00,BAL,,23,0,,0,0,0,0,0,0,0,,0,,0,0,,0,0,,0,,,,,,,,215,
628,Josh Lenz\LenzJo00,IND,,24,0,,0,0,0,0,0,0,0,,0,,0,0,,0,0,,0,,,,,,,,258,
629,Lance Lewis\LewiLa00,SFO,,26,0,,0,0,0,0,0,0,0,,0,,0,0,,0,0,,0,,,,,,,,232,
630,Zach Line\LineZa01,MIN,,24,1,0,0,0,0,0,0,0,0,,0,,0,0,,0,0,,0,,,,,,,,11,
631,Seth Lobato\LobaSe00,MIA,,24,0,,0,0,0,0,0,0,0,,0,,0,0,,0,0,,0,,,,,,,,98,
632,Colin Lockett\LockCo00,2TM,,23,0,,0,0,0,0,0,0,0,,0,,0,0,,0,0,,0,,,,,,,,205,
633,Corbin Louks\LoukCo00,KAN,,25,0,,0,0,0,0,0,0,0,,0,,0,0,,0,0,,0,,,,,,,,198,
634,Marcus Lucas\LucaMa01,CAR,,22,0,,0,0,0,0,0,0,0,,0,,0,0,,0,0,,0,,,,,,,,208,
635,Arthur Lynch\LyncAr00,MIA,,24,0,,0,0,0,0,0,0,0,,0,,0,0,,0,0,,0,,,,,,,,130,
636,Ben Malena\MaleBe00,HOU,,22,0,,0,0,0,0,0,0,0,,0,,0,0,,0,0,,0,,,,,,,,173,
637,Chris Manhertz\ManhCh00,BUF,,22,0,,0,0,0,0,0,0,0,,0,,0,0,,0,0,,0,,,,,,,,140,
638,Mario Manningham\MannMa01,NYG,,28,0,,0,0,0,0,0,0,0,,0,,0,0,,0,0,,0,,,,,,,,189,
639,Freddie Martino\MartFr00,ATL,,23,1,0,0,0,0,0,0,0,0,,0,1,0,0,,0,0,0,0,,,,,,,,200,
640,Jacob Maxwell\MaxwJa00,2TM,,23,0,,0,0,0,0,0,0,0,,0,,0,0,,0,0,,0,,,,,,,,107,
641,A.J. McCarron\McCaA.00,CIN,,24,0,,0,0,0,0,0,0,0,,0,,0,0,,0,0,,0,,,,,,,,92,
642,Onterio McCalebb\McCaOn00,CIN,,25,1,0,0,0,0,0,0,0,0,,0,,0,0,,0,0,,0,,,,,,,,182,
643,Anthony McCoy\McCoAn00,SEA,,27,0,,0,0,0,0,0,0,0,,0,,0,0,,0,0,,0,,,,,,,,143,
644,Luke McCown\McCoLu00,NOR,,33,16,0,0,0,0,0,0,0,0,,0,,0,0,,0,0,,0,,,,,,,,89,
645,Marvin McNutt\McNuMa00,WAS,,25,0,,0,0,0,0,0,0,0,,0,,0,0,,0,0,,0,,,,,,,,256,
646,Trey Millard\MillTr00,SFO,,23,0,,0,0,0,0,0,0,0,,0,,0,0,,0,0,,0,,,,,,,,8,
647,Zach Miller\MillZa02,CHI,,30,0,,0,0,0,0,0,0,0,,0,,0,0,,0,0,,0,,,,,,,,150,
648,Keavon Milton\MiltKe00,SEA,,24,1,0,0,0,0,0,0,0,0,,0,,0,0,,0,0,,0,,,,,,,,124,
649,T.J. Moe\MoexT.00,STL,,24,0,,0,0,0,0,0,0,0,,0,,0,0,,0,0,,0,,,,,,,,188,
650,Ifeanyi Momah\MomaIf00,DET,,25,0,,0,0,0,0,0,0,0,,0,,0,0,,0,0,,0,,,,,,,,264,
651,Kellen Moore\MoorKe02,DET,,25,0,,0,0,0,0,0,0,0,,0,,0,0,,0,0,,0,,,,,,,,84,
652,Marlon Moore\MoorMa02,CLE,,27,13,0,0,0,0,0,0,0,0,,0,0,0,0,,0,0,0,0,,,,,,,,273,
653,Stephen Morris\MorrSt00,JAX,,22,0,,0,0,0,0,0,0,0,,0,,0,0,,0,0,,0,,,,,,,,93,
654,Derek Moye\MoyeDe00,2TM,,26,0,,0,0,0,0,0,0,0,,0,,0,0,,0,0,,0,,,,,,,,196,
655,Matthew Mulligan\MullMa00,3TM,,29,4,2,0,0,0,0,0,0,0,,0,0,0,0,,0,0,,0,,,,,,,,116,
656,Jake Murphy\MurpJa01,2TM,,25,0,,0,0,0,0,0,0,0,,0,,0,0,,0,0,,0,,,,,,,,156,
657,Will Murphy\MurpWi00,PHI,,24,0,,0,0,0,0,0,0,0,,0,,0,0,,0,0,,0,,,,,,,,272,
658,Aaron Murray\MurrAa00,KAN,,24,0,,0,0,0,0,0,0,0,,0,,0,0,,0,0,,0,,,,,,,,94,
659,Jordan Najvar\NajvJo01,DAL,,23,0,,0,0,0,0,0,0,0,,0,,0,0,,0,0,,0,,,,,,,,131,
660,Rajion Neal\NealRa01,GNB,,22,0,,0,0,0,0,0,0,0,,0,,0,0,,0,0,,0,,,,,,,,183,
661,Jordan Norwood\NorwJo00,DEN,,28,0,,0,0,0,0,0,0,0,,0,,0,0,,0,0,,0,,,,,,,,217,
662,Uzoma Nwachukwu\NwacUz00,HOU,,24,0,,0,0,0,0,0,0,0,,0,,0,0,,0,0,,0,,,,,,,,281,
663,Emmanuel Ogbuehi\OgbuEm00,BAL,,24,0,,0,0,0,0,0,0,0,,0,,0,0,,0,0,,0,,,,,,,,136,
664,Fendi Onobun\OnobFe00,JAX,,28,0,,0,0,0,0,0,0,0,,0,,0,0,,0,0,,0,,,,,,,,108,
665,Toben Opurum\OpurTo00,2TM,,24,0,,0,0,0,0,0,0,0,,0,,0,0,,0,0,,0,,,,,,,,9,
666,Dan Orlovsky\OrloDa00,DET,,31,0,,0,0,0,0,0,0,0,,0,,0,0,,0,0,,0,,,,,,,,82,
667,Kassim Osgood\OsgoKa00,SFO,,34,13,0,0,0,0,0,0,0,0,,0,1,0,0,,0,0,0,0,,,,,,,,279,
668,Ryan Otten\OtteRy01,MIN,,24,0,,0,0,0,0,0,0,0,,0,,0,0,,0,0,,0,,,,,,,,112,
669,Montell Owens\OwenMo01,2TM,,30,6,0,0,0,0,0,0,0,0,,0,,0,0,,0,0,0,0,,,,,,,,161,
670,Eric Page\PageEr00,TAM,,23,0,,0,0,0,0,0,0,0,,0,,0,0,,0,0,,0,,,,,,,,185,
671,Jordan Palmer\PalmJo20,TEN,QB,30,1,0,1,3,7,0,0,1,-1,-1.00,0,0,0,0,,0,0,0,0,,,,0.2,0.2,0.2,,69,
672,Nathan Palmer\PalmNa00,DEN,,25,0,,0,0,0,0,0,0,0,,0,,0,0,,0,0,,0,,,,,,,,242,
673,Tobais Palmer\PalmTo00,BUF,,24,0,,0,0,0,0,0,0,0,,0,,0,0,,0,0,,0,,,,,,,,253,
674,Chris Pantale\PantCh00,NYJ,,24,5,0,0,0,0,0,0,0,0,,0,,0,0,,0,0,0,0,,,,,,,,114,
675,Jalen Parmele\ParmJa00,ARI,RB,29,1,0,0,0,0,0,0,1,0,0.00,0,0,0,0,,0,0,0,0,,,,,,,,167,
676,David Paulson\PaulDa01,SDG,,25,0,,0,0,0,0,0,0,0,,0,,0,0,,0,0,,0,,,,,,,,127,
677,Andrew Peacock\PeacAn00,DET,,23,0,,0,0,0,0,0,0,0,,0,,0,0,,0,0,,0,,,,,,,,190,
678,Isaiah Pead\PeadIs00,STL,,25,0,,0,0,0,0,0,0,0,,0,,0,0,,0,0,,0,,,,,,,,176,
679,Justin Perillo\PeriJu00,GNB,,23,2,0,0,0,0,0,0,0,0,,0,,0,0,,0,0,,0,,,,,,,,118,
680,LaDarius Perkins\PerkLa00,PIT,,24,0,,0,0,0,0,0,0,0,,0,,0,0,,0,0,,0,,,,,,,,186,
681,Senorise Perry\PerrSe00,CHI,RB,23,16,0,0,0,0,0,0,0,0,,0,1,1,-1,-1.00,0,0,0,0,,,,0.9,0.9,0.4,,198,
682,Quron Pratt\PratQu00,PHI,,23,0,,0,0,0,0,0,0,0,,0,,0,0,,0,0,,0,,,,,,,,227,
683,De'Andre Presley\PresDe00,CAR,WR,24,4,0,0,0,0,0,0,1,-2,-2.00,0,1,0,0,,0,0,0,0,,,,-0.2,-0.2,-0.2,,286,
684,Lonnie Pryor\PryoLo00,2TM,,24,0,,0,0,0,0,0,0,0,,0,,0,0,,0,0,,0,,,,,,,,2,
685,Bernard Reedy\ReedBe01,ATL,,23,0,,0,0,0,0,0,0,0,,0,,0,0,,0,0,,0,,,,,,,,268,
686,Tevin Reese\ReesTe00,CIN,,23,0,,0,0,0,0,0,0,0,,0,,0,0,,0,0,,0,,,,,,,,257,
687,Allen Reisner\ReisAl00,BAL,,26,0,,0,0,0,0,0,0,0,,0,,0,0,,0,0,,0,,,,,,,,115,
688,Sean Renfree\RenfSe00,ATL,,24,0,,0,0,0,0,0,0,0,,0,,0,0,,0,0,,0,,,,,,,,86,
689,Jerry Rice\RiceJe01,WAS,,23,0,,0,0,0,0,0,0,0,,0,,0,0,,0,0,,0,,,,,,,,271,
690,Daryl Richardson\RichDa00,NYJ,,24,0,,0,0,0,0,0,0,0,,0,,0,0,,0,0,,0,,,,,,,,191,
691,Rico Richardson\RichRi00,TEN,,23,1,0,0,0,0,0,0,0,0,,0,,0,0,,0,0,,0,,,,,,,,210,
692,Seth Roberts\RobeSe00,OAK,,23,0,,0,0,0,0,0,0,0,,0,,0,0,,0,0,,0,,,,,,,,284,
693,Gerrell Robinson\RobiGe00,2TM,,25,3,0,0,0,0,0,0,0,0,,0,1,0,0,,0,0,0,0,,,,,,,,251,
694,Evan Rodriguez\RodrEv00,TAM,,26,1,0,0,0,0,0,0,0,0,,0,,0,0,,0,0,,0,,,,,,,,129,
695,Naaman Roosevelt\RoosNa00,BUF,,27,0,,0,0,0,0,0,0,0,,0,,0,0,,0,0,,0,,,,,,,,248,
696,Rashad Ross\RossRa00,2TM,,24,4,0,0,0,0,0,0,0,0,,0,,0,0,,0,0,0,0,,,,,,,,235,
697,Weslye Saunders\SaunWe00,IND,,25,1,0,0,0,0,0,0,0,0,,0,,0,0,,0,0,,0,,,,,,,,155,
698,Tom Savage\SavaTo00,HOU,QB,24,2,0,10,19,127,0,1,6,-6,-1.00,0,0,0,0,,0,2,1,0,,,,0.5,2.5,1.5,,67,
699,Adam Schiltz\SchiAd00,KAN,,24,0,,0,0,0,0,0,0,0,,0,,0,0,,0,0,,0,,,,,,,,103,
700,Lache Seastrunk\SeasLa00,TEN,,23,0,,0,0,0,0,0,0,0,,0,,0,0,,0,0,,0,,,,,,,,185,
701,Kory Sheets\SheeKo00,OAK,,29,0,,0,0,0,0,0,0,0,,0,,0,0,,0,0,,0,,,,,,,,165,
702,Mickey Shuler\ShulMi01,JAX,,28,3,1,0,0,0,0,0,0,0,,0,3,0,0,,0,0,0,0,,,,,,,,152,
703,Scott Simonson\SimoSc00,OAK,,22,4,0,0,0,0,0,0,0,0,,0,,0,0,,0,0,0,0,,,,,,,,135,
704,Matthew Slater*\SlatMa00,NWE,,29,16,0,0,0,0,0,0,0,0,,0,,0,0,,0,0,0,0,,,,,,,,267,
705,Nathan Slaughter\SlauNa00,JAX,,22,0,,0,0,0,0,0,0,0,,0,,0,0,,0,0,,0,,,,,,,,204,
706,Taylor Sloat\SloaTa00,TAM,,22,0,,0,0,0,0,0,0,0,,0,,0,0,,0,0,,0,,,,,,,,122,
707,Kiero Small\SmalKi00,2TM,,25,3,3,0,0,0,0,0,0,0,,0,,0,0,,0,0,,0,,,,,,,,169,
708,Brad Smelley\SmelBr00,STL,,25,0,,0,0,0,0,0,0,0,,0,,0,0,,0,0,,0,,,,,,,,123,
709,Alex Smith\SmitAl02,CIN,,32,2,0,0,0,0,0,0,0,0,,0,,0,0,,0,0,,0,,,,,,,,120,
710,Jerome Smith\SmitJe02,ATL,,23,1,0,0,0,0,0,0,0,0,,0,,0,0,,0,0,,0,,,,,,,,197,
711,Michael Smith\SmitMi01,NYJ,,26,0,,0,0,0,0,0,0,0,,0,,0,0,,0,0,,0,,,,,,,,187,
712,Rodney Smith\SmitRo05,2TM,,24,4,0,0,0,0,0,0,0,0,,0,1,0,0,,0,0,0,0,,,,,,,,226,
713,Willie Snead\SneaWi00,2TM,,22,0,,0,0,0,0,0,0,0,,0,,0,0,,0,0,,0,,,,,,,,223,
714,Nate Solder\SoldNa00,NWE,,26,16,16,0,0,0,0,0,0,0,,0,0,0,0,,0,0,0,0,,,,,,,,132,
715,Brad Sorensen\SoreBr00,2TM,,26,0,,0,0,0,0,0,0,0,,0,,0,0,,0,0,,0,,,,,,,,76,
716,Ryan Spadola\SpadRy00,2TM,,23,0,,0,0,0,0,0,0,0,,0,,0,0,,0,0,,0,,,,,,,,230,
717,Josh Stewart\StewJo04,TEN,,22,0,,0,0,0,0,0,0,0,,0,,0,0,,0,0,,0,,,,,,,,249,
718,Jake Stoneburner\StonJa01,MIA,,25,0,,0,0,0,0,0,0,0,,0,,0,0,,0,0,,0,,,,,,,,133,
719,Tommy Streeter\StreTo00,JAX,,25,2,0,0,0,0,0,0,0,0,,0,1,0,0,,0,0,0,0,,,,,,,,265,
720,Erik Swoope\SwooEr00,IND,,22,0,,0,0,0,0,0,0,0,,0,,0,0,,0,0,,0,,,,,,,,139,
721,Julian Talley\TallJu00,NYG,,25,2,0,0,0,0,0,0,0,0,,0,,0,0,,0,0,,0,,,,,,,,269,
722,Alex Tanney\TannAl00,TEN,,27,0,,0,0,0,0,0,0,0,,0,,0,0,,0,0,,0,,,,,,,,80,
723,Phillip Tanner\TannPh00,2TM,,26,2,0,0,0,0,0,0,0,0,,0,0,0,0,,0,0,,0,,,,,,,,175,
724,Ryan Taylor\TaylRy00,3TM,,27,14,0,0,0,0,0,0,0,0,,0,0,0,0,,0,0,0,0,,,,,,,,157,
725,Tyrod Taylor\TaylTy00,BAL,QB,25,1,0,0,0,0,0,0,4,-3,-0.75,0,0,0,0,,0,0,0,0,,,,-0.3,-0.3,-0.3,,102,
726,Tyler Thigpen\ThigTy00,CLE,,30,0,,0,0,0,0,0,0,0,,0,,0,0,,0,0,,0,,,,,,,,70,
727,Deonte Thompson\ThomDe04,2TM,,25,1,0,0,0,0,0,0,0,0,,0,,0,0,,0,0,,0,,,,,,,,213,
728,Eric Thomas\ThomEr02,2TM,,23,0,,0,0,0,0,0,0,0,,0,,0,0,,0,0,,0,,,,,,,,283,
729,Jordan Thompson\ThomJo03,DET,,25,2,0,0,0,0,0,0,0,0,,0,1,0,0,,0,0,0,0,,,,,,,,105,
730,Matthew Tucker\TuckMa00,PHI,,23,0,,0,0,0,0,0,0,0,,0,,0,0,,0,0,,0,,,,,,,,172,
731,Jeff Tuel\TuelJe00,BUF,,23,0,,0,0,0,0,0,0,0,,0,,0,0,,0,0,,0,,,,,,,,71,
732,Dustin Vaughan\VaugDu00,DAL,,23,0,,0,0,0,0,0,0,0,,0,,0,0,,0,0,,0,,,,,,,,95,
733,Justin Veltung\VeltJu00,STL,,23,0,,0,0,0,0,0,0,0,,0,,0,0,,0,0,,0,,,,,,,,195,
734,L'Damian Washington\WashLD01,3TM,,23,0,,0,0,0,0,0,0,0,,0,,0,0,,0,0,,0,,,,,,,,270,
735,Tony Washington\WashTo00,JAX,,22,0,,0,0,0,0,0,0,0,,0,,0,0,,0,0,,0,,,,,,,,199,
736,Keith Wenning\WennKe00,BAL,,23,0,,0,0,0,0,0,0,0,,0,,0,0,,0,0,,0,,,,,,,,90,
737,Charcandrick West\WestCh01,KAN,,23,6,0,0,0,0,0,0,0,0,,0,1,0,0,,0,0,0,0,,,,,,,,166,
738,Griff Whalen\WhalGr00,IND,WR,24,10,0,0,0,0,0,0,0,0,,0,3,2,23,11.50,0,2,1,0,,,,2.3,3.3,1.3,,184,
739,Myles White\WhitMy00,GNB,,24,0,,0,0,0,0,0,0,0,,0,,0,0,,0,0,,0,,,,,,,,266,
740,Nikita Whitlock\WhitNi01,2TM,,23,0,,0,0,0,0,0,0,0,,0,,0,0,,0,0,,0,,,,,,,,1,
741,James Wilder\WildJa01,CIN,,22,0,,0,0,0,0,0,0,0,,0,,0,0,,0,0,,0,,,,,,,,188,
742,Chris Williams\WillCh03,BUF,,29,3,3,0,0,0,0,0,0,0,,0,0,0,0,,0,0,,0,,,,,,,,237,
743,Dominique Williams\WillDo03,2TM,,22,0,,0,0,0,0,0,0,0,,0,,0,0,,0,0,,0,,,,,,,,177,
744,Fred Williams\WillFr03,KAN,,26,0,,0,0,0,0,0,0,0,,0,,0,0,,0,0,,0,,,,,,,,239,
745,Kyle Williams\WillKy01,DEN,,26,0,,0,0,0,0,0,0,0,,0,,0,0,,0,0,,0,,,,,,,,218,
746,Michael Williams\WillMi06,DET,,24,0,,0,0,0,0,0,0,0,,0,,0,0,,0,0,,0,,,,,,,,106,
747,David Wilson\WilsDa01,NYG,,23,0,,0,0,0,0,0,0,0,,0,,0,0,,0,0,,0,,,,,,,,196,
748,George Wilson\WilsGe01,TEN,,33,16,10,0,0,0,0,0,0,0,,0,0,0,0,,0,0,0,0,,,,,,,,250,
749,Ronnie Wingo\WingRo00,ATL,,23,0,,0,0,0,0,0,0,0,,0,,0,0,,0,0,,0,,,,,,,,178,
750,Glenn Winston\WinsGl00,CLE,,25,5,0,0,0,0,0,0,0,0,,0,0,0,0,,0,0,,0,,,,,,,,160,
751,Cierre Wood\WoodCi00,SEA,,23,0,,0,0,0,0,0,0,0,,0,,0,0,,0,0,,0,,,,,,,,179,
752,Devon Wylie\WyliDe00,STL,,26,0,,0,0,0,0,0,0,0,,0,,0,0,,0,0,,0,,,,,,,,240,
753,Will Yeatman\YeatWi00,HOU,,26,0,,0,0,0,0,0,0,0,,0,,0,0,,0,0,,0,,,,,,,,137,
754,Michael Zimmer\ZimmMi00,SEA,,24,0,,0,0,0,0,0,0,0,,0,,0,0,,0,0,,0,,,,,,,,10,
755,Michael Zordich\ZordMi01,NOR,,25,0,,0,0,0,0,0,0,0,,0,,0,0,,0,0,,0,,,,,,,,12,
756,Jalen Saunders\SaunJa00,4TM,WR,22,15,0,0,0,0,0,0,0,0,,0,1,1,7,7.00,0,2,1,0,,,-1,-0.3,0.7,-0.8,,287,
757,Isaiah Burse\BursIs01,DEN,,23,12,0,0,0,0,0,0,0,0,,0,1,0,0,,0,3,1,0,,,-2,-2.0,-1.0,-2.0,,289,
758,Matt Flynn\FlynMa00,GNB,QB,29,7,0,8,16,66,0,1,10,-10,-1.00,0,0,0,0,,0,1,1,0,,,-2,-2.4,-0.4,-1.4,,103,
759,Tauren Poole\PoolTa00,3TM,RB,25,3,0,0,0,0,0,0,1,0,0.00,0,0,0,0,,0,1,1,0,,,-2,-2.0,-1.0,-2.0,,199,
760,Walt Powell\PoweWa00,NYJ,,23,4,0,0,0,0,0,0,0,0,,0,0,0,0,,0,1,1,0,,,-2,-2.0,-1.0,-2.0,,288,
761,Matt Schaub\SchaMa00,OAK,QB,33,11,0,5,10,57,0,2,0,0,,0,0,0,0,,0,3,1,0,,,-4,-3.7,-0.7,-1.7,,104,