,,,,,Games,Games,Passing,Passing,Passing,Passing,Passing,Rushing,Rushing,Rushing,Rushing,Receiving,Receiving,Receiving,Receiving,Receiving,Fumbles,Fumbles,Scoring,Scoring,Scoring,Fantasy,Fantasy,Fantasy,Fantasy,Fantasy,Fantasy,Fantasy
Rk,Player,Tm,FantPos,Age,G,GS,Cmp,Att,Yds,TD,Int,Att,Yds,Y/A,TD,Tgt,Rec,Yds,Y/R,TD,Fmb,FL,TD,2PM,2PP,FantPt,PPR,DKPt,FDPt,VBD,PosRank,OvRank
1,Antonio Brown *+\BrowAn04,PIT,WR,27,16,16,0,0,0,0,0,3,28,9.33,0,193,136,1834,13.49,10,3,2,11,2,,252,388.2,393.2,320.2,125,1,1
2,Devonta Freeman *\FreeDe00,ATL,RB,23,15,13,0,0,0,0,0,265,1056,3.98,11,97,73,578,7.92,3,3,2,14,,,243,316.4,324.4,279.9,123,1,2
3,Julio Jones *+\JoneJu02,ATL,WR,26,16,16,0,0,0,0,0,0,0,,0,203,136,1871,13.76,8,3,1,9,,,239,375.1,379.1,307.1,111,2,3
4,Adrian Peterson*+\PeteAd01,MIN,RB,30,16,16,0,0,0,0,0,327,1485,4.54,11,36,30,222,7.40,0,7,3,11,,,231,260.7,269.7,245.7,110,2,4
5,Cam Newton*+\NewtCa00,CAR,QB,26,16,16,296,495,3837,35,10,132,636,4.82,10,0,0,0,,0,5,4,10,,,389,389.1,409.1,399.1,105,1,5
6,Brandon Marshall*\MarsBr00,NYJ,WR,31,16,16,0,0,0,0,0,0,0,,0,173,109,1502,13.78,14,3,2,14,,,230,339.2,344.2,284.7,103,3,6
7,Allen Robinson*\RobiAl02,JAX,WR,22,16,16,0,0,0,0,0,0,0,,0,151,80,1400,17.50,14,0,0,14,,,224,304.0,307.0,264.0,96,4,7
8,Odell Beckham Jr.*\BeckOd00,NYG,WR,23,15,15,0,0,0,0,0,1,3,3.00,0,158,96,1450,15.10,13,2,0,13,,,223,319.3,322.3,271.3,96,5,8
9,Rob Gronkowski*+\GronRo00,NWE,TE,26,15,15,0,0,0,0,0,0,0,,0,120,72,1176,16.33,11,0,0,11,,,184,255.6,258.6,219.6,93,1,9
10,DeAndre Hopkins*\HopkDe00,HOU,WR,23,16,16,0,0,0,0,0,0,0,,0,192,111,1521,13.70,11,1,0,11,1,,220,331.1,334.1,275.6,92,6,10
11,Doug Martin *+\MartDo00,TAM,RB,26,16,16,0,0,0,0,0,288,1402,4.87,6,44,33,271,8.21,1,5,5,7,,,199,232.3,243.3,215.8,79,3,11
12,DeAngelo Williams\WillDe02,PIT,RB,32,16,10,0,0,0,0,0,200,907,4.54,11,47,40,367,9.18,0,4,2,11,1,,191,231.4,239.4,211.4,71,4,12
13,Gary Barnidge*\BarnGa01,CLE,TE,30,16,13,0,0,0,0,0,0,0,,0,125,79,1043,13.20,9,0,0,9,,,158,237.3,240.3,197.8,68,2,13
14,Todd Gurley*\GurlTo01,STL,RB,21,13,12,0,0,0,0,0,229,1106,4.83,10,26,21,188,8.95,0,3,1,10,,,187,208.4,215.4,197.9,67,5,14
15,Jordan Reed\ReedJo02,WAS,TE,25,14,8,0,0,0,0,0,0,0,,0,114,87,952,10.94,11,3,2,11,,,157,244.2,249.2,200.7,67,3,15
16,Lamar Miller\MillLa01,MIA,RB,24,16,16,0,0,0,0,0,194,872,4.49,8,57,47,397,8.45,2,1,1,10,,,185,231.9,238.9,208.4,64,6,16
17,Doug Baldwin\BaldDo00,SEA,WR,27,16,16,0,0,0,0,0,0,0,,0,103,78,1069,13.71,14,1,0,14,,,191,268.9,271.9,229.9,63,7,17
18,A.J. Green*\GreeA.00,CIN,WR,27,16,16,0,0,0,0,0,0,0,,0,132,86,1297,15.08,10,1,1,10,,,188,273.7,277.7,230.7,60,8,18
19,Greg Olsen*\OlseGr00,CAR,TE,30,16,16,0,0,0,0,0,0,0,,0,124,77,1104,14.34,7,1,1,7,,,150,227.4,231.4,188.9,60,5,19
20,Delanie Walker*\WalkHu00,TEN,TE,31,15,10,0,0,0,0,0,1,36,36.00,0,133,94,1088,11.57,6,0,0,6,1,,150,244.4,247.4,197.4,60,4,20
21,Tom Brady *\BradTo00,NWE,QB,38,16,16,402,624,4770,36,7,34,53,1.56,3,1,1,36,36.00,0,6,2,3,,,344,344.7,356.7,351.2,59,2,21
22,David Johnson\JohnDa08,ARI,RB,24,16,5,0,0,0,0,0,125,581,4.65,8,57,36,457,12.69,4,4,1,13,,,180,215.8,222.8,197.8,59,7,22
23,Chris Ivory*\IvorCh00,NYJ,RB,27,15,14,0,0,0,0,0,247,1070,4.33,7,37,30,217,7.23,1,4,2,8,,,173,202.7,210.7,187.7,52,8,23
24,Russell Wilson *\WilsRu00,SEA,QB,27,16,16,329,483,4024,34,8,103,553,5.37,1,0,0,0,,0,7,3,1,,,336,336.3,353.3,344.3,52,3,24
25,Matt Forte\FortMa00,CHI,RB,30,13,13,0,0,0,0,0,218,898,4.12,4,58,44,389,8.84,3,2,1,7,1,,171,214.7,221.7,192.7,50,9,25
26,Tyler Eifert*\EifeTy00,CIN,TE,25,13,12,0,0,0,0,0,0,0,,0,74,52,615,11.83,13,0,0,13,,,140,191.5,194.5,165.5,49,6,26
27,Calvin Johnson *\JohnCa00,DET,WR,30,16,16,0,0,0,0,0,0,0,,0,149,88,1214,13.80,9,1,1,9,,,173,261.4,265.4,217.4,46,9,27
28,Eric Decker\DeckEr00,NYJ,WR,28,15,13,0,0,0,0,0,0,0,,0,132,80,1027,12.84,12,1,1,12,,,173,252.7,256.7,212.7,45,10,28
29,Larry Fitzgerald*\FitzLa00,ARI,WR,32,16,16,0,0,0,0,0,0,0,,0,145,109,1215,11.15,9,2,2,9,,,172,280.5,285.5,226.0,44,11,29
30,Latavius Murray*\MurrLa00,OAK,RB,25,16,16,0,0,0,0,0,266,1066,4.01,6,53,41,232,5.66,0,4,1,6,,,164,204.8,211.8,184.3,43,10,30
31,Brandin Cooks\CookBr00,NOR,WR,22,16,12,0,0,0,0,0,8,18,2.25,0,129,84,1138,13.55,9,1,0,9,,,170,253.6,256.6,211.6,42,12,31
32,Frank Gore\GoreFr00,IND,RB,32,16,16,0,0,0,0,0,260,967,3.72,6,58,34,267,7.85,1,4,3,7,,,159,193.4,202.4,176.4,39,11,32
33,Jarvis Landry *\LandJa00,MIA,WR,23,16,14,1,1,9,0,0,18,113,6.28,1,166,110,1157,10.52,4,1,0,6,1,,165,275.4,281.4,220.4,38,13,33
34,Danny Woodhead\WoodDa02,SDG,WR,30,16,2,0,0,0,0,0,98,336,3.43,3,106,80,755,9.44,6,0,0,9,,,163,243.1,249.1,203.1,35,14,34
35,Darren McFadden\McFaDa00,DAL,RB,28,16,10,0,1,0,0,0,239,1089,4.56,3,53,40,328,8.20,0,3,3,3,1,,156,195.7,204.7,175.7,35,12,35
36,Jeremy Hill\HillJe01,CIN,RB,23,16,15,0,0,0,0,0,223,794,3.56,11,19,15,79,5.27,1,3,3,12,1,,155,170.3,176.3,162.8,35,13,36
37,Demaryius Thomas\ThomDe03,DEN,WR,28,16,16,0,0,0,0,0,0,0,,0,177,105,1304,12.42,6,2,2,6,,,162,267.4,272.4,214.9,35,15,37
38,Allen Hurns\HurnAl01,JAX,WR,24,15,15,0,0,0,0,0,0,0,,0,105,64,1031,16.11,10,2,1,10,,,161,225.1,229.1,193.1,33,16,38
39,Mark Ingram\IngrMa01,NOR,RB,26,12,10,0,0,0,0,0,166,769,4.63,6,60,50,405,8.10,0,2,1,6,1,,153,203.4,210.4,178.4,33,14,39
40,Blake Bortles\BortBl00,JAX,QB,23,16,16,355,606,4428,35,18,52,310,5.96,2,0,0,0,,0,14,5,2,,1,316,316.1,345.1,334.1,32,4,40
41,Sammy Watkins\WatkSa00,BUF,WR,22,13,13,0,0,0,0,0,1,1,1.00,0,96,60,1047,17.45,9,0,0,9,,,159,218.8,221.8,188.8,31,17,41
42,Jeremy Maclin\MaclJe00,KAN,WR,27,15,15,0,0,0,0,0,3,14,4.67,0,124,87,1088,12.51,8,2,1,8,,,156,243.2,247.2,199.7,29,18,42
43,Travis Kelce*\KelcTr00,KAN,TE,26,16,16,0,0,0,0,0,0,0,,0,103,72,875,12.15,5,2,2,5,2,,118,189.5,194.5,153.5,27,7,43
44,Jonathan Stewart*\StewJo00,CAR,RB,28,13,13,0,0,0,0,0,242,989,4.09,6,21,16,99,6.19,1,3,2,7,,,147,162.8,167.8,154.8,26,15,44
45,LeSean McCoy*\McCoLe01,BUF,RB,27,12,12,0,0,0,0,0,203,895,4.41,3,50,32,292,9.13,2,2,2,5,1,,147,178.7,186.7,162.7,26,16,45
46,Ben Watson\WatsBe00,NOR,TE,35,16,16,0,0,0,0,0,0,0,,0,110,74,825,11.15,6,1,1,6,,,117,190.5,194.5,153.5,26,8,46
47,Carson Palmer*\PalmCa00,ARI,QB,36,16,16,342,537,4671,35,11,25,24,0.96,1,0,0,0,,0,6,2,1,,,309,309.2,325.2,320.2,25,5,47
48,Emmanuel Sanders\SandEm00,DEN,WR,28,15,15,0,0,0,0,0,3,29,9.67,0,136,76,1135,14.93,6,2,2,6,,,148,224.4,229.4,186.4,21,19,48
49,DeMarco Murray\MurrDe00,PHI,RB,27,15,8,0,0,0,0,0,193,702,3.64,6,55,44,322,7.32,1,2,2,7,,,140,184.4,192.4,162.4,20,17,49
50,Drew Brees\BreeDr00,NOR,QB,36,15,15,428,627,4870,32,11,24,14,0.58,1,0,0,0,,0,5,2,1,,,304,304.2,320.2,315.2,20,6,50
51,Tavon Austin\AustTa00,STL,WR,25,16,15,0,0,0,0,0,52,434,8.35,4,87,52,473,9.10,5,2,2,10,,,147,198.7,206.7,172.7,19,20,51
52,Michael Crabtree\CrabMi00,OAK,WR,28,16,15,0,0,0,0,0,0,0,,0,146,85,922,10.85,9,1,0,9,,,146,231.2,234.2,188.7,19,21,52
53,Jordan Matthews\MattJo00,PHI,WR,23,16,12,0,0,0,0,0,0,0,,0,126,85,997,11.73,8,2,1,8,,,146,230.7,234.7,188.2,18,22,53
54,Ronnie Hillman\HillRo00,DEN,RB,24,16,10,0,0,0,0,0,207,863,4.17,7,35,24,111,4.63,0,3,1,7,,,137,161.4,168.4,149.4,17,18,54
55,Aaron Rodgers *\RodgAa00,GNB,QB,32,16,16,347,572,3821,31,8,58,344,5.93,1,0,0,0,,0,8,4,1,,4,301,301.2,319.2,309.2,17,7,55
56,Rashad Jennings\JennRa00,NYG,RB,30,16,16,0,0,0,0,0,195,863,4.43,3,40,29,296,10.21,1,2,2,4,,,136,164.9,172.9,150.4,15,19,56
57,John Brown\BrowJo02,ARI,WR,25,15,11,0,0,0,0,0,3,22,7.33,0,101,65,1003,15.43,7,1,1,7,,,143,207.5,211.5,175.0,15,23,57
58,T.Y. Hilton*\HiltT.00,IND,WR,26,16,15,0,0,0,0,0,0,0,,0,134,69,1124,16.29,5,1,0,5,,,142,211.4,214.4,176.9,15,24,58
59,James Jones\JoneJa04,GNB,WR,31,16,15,0,0,0,0,0,0,0,,0,99,50,890,17.80,8,1,0,8,2,,141,191.0,194.0,166.0,13,25,59
60,Amari Cooper*\CoopAm00,OAK,WR,21,16,15,0,0,0,0,0,3,-3,-1.00,0,130,72,1070,14.86,6,1,1,6,,,141,212.7,216.7,176.7,13,26,60
61,Giovani Bernard\BernGi00,CIN,RB,24,16,1,0,0,0,0,0,154,730,4.74,2,66,49,472,9.63,0,1,0,2,,,132,181.2,187.2,156.7,12,20,61
62,Richard Rodgers\RodgRi00,GNB,TE,23,16,12,0,0,0,0,0,1,11,11.00,0,85,58,510,8.79,8,0,0,8,1,,102,160.1,163.1,131.1,12,9,62
63,Kirk Cousins\CousKi00,WAS,QB,27,16,16,379,543,4166,29,11,26,48,1.85,5,0,0,0,,0,9,3,5,,2,293,293.4,310.4,304.4,9,8,63
64,Mike Evans\EvanMi00,TAM,WR,22,15,14,0,0,0,0,0,0,0,,0,148,74,1206,16.30,3,1,1,3,,,137,210.6,214.6,173.6,9,27,64
65,Charles Sims\SimsCh00,TAM,RB,25,16,0,0,0,0,0,0,107,529,4.94,0,70,51,561,11.00,4,2,2,4,,,129,180.0,188.0,154.5,8,21,65
66,Matthew Stafford\StafMa00,DET,QB,27,16,16,398,592,4262,32,13,44,159,3.61,1,1,1,-6,-6.00,0,4,2,1,,,290,290.8,311.8,303.3,5,9,66
67,Jeremy Langford\LangJe00,CHI,RB,24,16,2,0,0,0,0,0,148,537,3.63,6,42,22,279,12.68,1,0,0,7,1,,126,147.6,153.6,136.6,5,22,67
68,Zach Ertz\ErtzZa00,PHI,TE,25,15,7,0,0,0,0,0,0,0,,0,112,75,853,11.37,2,1,1,2,,,95,170.3,174.3,132.8,5,10,68
69,Eli Manning *\MannEl00,NYG,QB,34,16,16,387,618,4432,35,14,20,61,3.05,0,0,0,0,,0,11,4,0,,,287,287.4,308.4,301.4,3,10,69
70,James Starks\StarJa00,GNB,RB,29,16,4,0,0,0,0,0,148,601,4.06,2,53,43,392,9.12,3,5,3,5,,,123,166.3,175.3,144.8,3,23,70
71,Antonio Gates\GateAn00,SDG,TE,35,11,4,0,0,0,0,0,0,0,,0,85,56,630,11.25,5,0,0,5,,,93,149.0,152.0,121.0,2,11,71
72,Randall Cobb\CobbRa00,GNB,WR,25,16,15,0,0,0,0,0,13,50,3.85,0,129,79,829,10.49,6,1,0,7,,,130,208.9,211.9,169.4,2,28,72
73,Travis Benjamin\BenjTr00,CLE,WR,26,16,15,0,0,0,0,0,4,12,3.00,0,125,68,966,14.21,5,3,2,6,,,130,197.8,202.8,163.8,2,29,73
74,Ryan Fitzpatrick\FitzRy00,NYJ,QB,33,16,16,335,562,3905,31,15,60,270,4.50,2,0,0,0,,0,5,2,2,,,285,285.2,308.2,300.2,1,11,74
75,Rueben Randle\RandRu00,NYG,WR,24,16,16,0,0,0,0,0,0,0,,0,90,57,797,13.98,8,0,0,8,,,128,184.7,187.7,156.2,,30,75
76,Eddie Lacy\LacyEd00,GNB,RB,25,15,12,0,0,0,0,0,187,758,4.05,3,28,20,188,9.40,2,4,2,5,,,121,140.6,148.6,130.6,,24,76
77,Philip Rivers\RivePh00,SDG,QB,34,16,16,437,661,4792,29,13,17,28,1.65,0,0,0,0,,0,4,2,0,,2,284,284.5,302.5,297.5,,12,77
78,Rishard Matthews\MattRi00,MIA,TE,26,11,11,0,0,0,0,0,1,4,4.00,0,61,43,662,15.40,4,0,0,4,,,91,133.6,136.6,112.1,,12,78
79,Jameis Winston*\WinsJa00,TAM,QB,21,16,16,312,535,4042,22,15,54,213,3.94,6,0,0,0,,0,6,2,6,,1,275,275.0,298.0,290.0,,13,
80,Derek Carr*\CarrDe02,OAK,QB,24,16,16,350,573,3987,32,13,33,138,4.18,0,0,0,0,,0,10,3,0,,1,271,271.3,293.3,284.3,,14,
81,Alex Smith\SmitAl03,KAN,QB,31,16,16,307,470,3486,20,7,84,498,5.93,2,0,0,0,,0,4,0,2,,2,271,271.2,284.2,278.2,,15,
82,Tyrod Taylor *\TaylTy00,BUF,QB,26,14,14,242,380,3035,20,6,104,568,5.46,4,1,1,4,4.00,0,9,1,4,1,,271,271.6,284.6,277.1,,16,
83,Ryan Tannehill\TannRy00,MIA,QB,27,16,16,363,586,4208,24,12,32,141,4.41,1,1,1,9,9.00,0,10,3,1,,1,257,258.3,279.3,269.8,,17,
84,Andy Dalton\DaltAn00,CIN,QB,28,13,13,255,386,3250,25,7,57,142,2.49,3,0,0,0,,0,5,2,3,,,244,244.2,259.2,251.2,,18,
85,Matt Ryan\RyanMa00,ATL,QB,30,16,16,407,614,4591,21,16,36,63,1.75,0,0,0,0,,0,12,5,0,,1,234,233.9,257.9,249.9,,19,
86,Ben Roethlisberger*\RoetBe00,PIT,QB,33,12,11,319,469,3938,21,16,15,29,1.93,0,0,0,-3,,0,2,0,0,,8,228,228.1,247.1,244.1,,20,
87,Jay Cutler\CutlJa00,CHI,QB,32,15,15,311,483,3659,21,11,38,201,5.29,1,0,0,0,,0,8,5,1,,1,226,226.5,248.5,237.5,,21,
88,Marcus Mariota\MariMa01,TEN,QB,22,12,12,230,370,2818,19,10,34,252,7.41,2,1,1,41,41.00,1,10,6,3,,3,210,211.0,233.0,220.5,,22,
89,Teddy Bridgewater*\BridTe00,MIN,QB,23,16,16,292,447,3231,14,9,44,192,4.36,3,0,0,0,,0,8,3,3,1,,200,200.4,218.4,209.4,,23,
90,Sam Bradford\BradSa00,PHI,QB,28,14,14,346,532,3725,19,14,26,39,1.50,0,0,0,0,,0,10,3,0,,,195,194.9,214.9,208.9,,24,
91,Brian Hoyer\HoyeBr00,HOU,QB,30,11,9,224,369,2606,19,7,15,44,2.93,0,0,0,0,,0,6,2,0,,,167,166.6,178.6,173.6,,25,
92,Joe Flacco\FlacJo00,BAL,QB,30,10,10,266,413,2791,14,12,13,23,1.77,3,0,0,0,,0,5,2,3,,1,162,161.9,178.9,173.9,,26,
93,Josh McCown\McCoJo01,CLE,QB,36,8,8,186,292,2109,12,4,20,98,4.90,1,0,0,0,,0,9,6,1,,2,132,132.2,145.2,136.2,,27,
94,Andrew Luck\LuckAn00,IND,QB,26,7,7,162,293,1881,15,12,33,196,5.94,0,0,0,0,,0,3,1,0,,1,131,130.8,149.8,142.8,,28,
95,Blaine Gabbert\GabbBl00,SFO,QB,26,8,8,178,282,2031,10,7,32,185,5.78,1,0,0,0,,0,4,1,1,,,130,129.7,143.7,136.7,,29,
96,Kamar Aiken\AikeKa00,BAL,WR,26,16,14,0,0,0,0,0,0,0,,0,127,75,944,12.59,5,1,1,5,,,122,197.4,201.4,159.9,,31,
97,Michael Floyd\FloyMi00,ARI,WR,26,15,6,0,0,0,0,0,0,0,,0,89,52,849,16.33,6,0,0,6,,,121,172.9,175.9,146.9,,32,
98,Martavis Bryant\BryaMa00,PIT,WR,24,11,5,0,0,0,0,0,5,37,7.40,1,92,50,765,15.30,6,1,1,7,,,120,170.2,174.2,145.2,,33,
99,T.J. Yeldon\YeldT.00,JAX,RB,22,12,12,0,0,0,0,0,182,740,4.07,2,46,36,279,7.75,1,0,0,3,,,120,155.9,161.9,137.9,,25,
100,Isaiah Crowell\CrowIs00,CLE,RB,22,16,9,0,0,0,0,0,185,706,3.82,4,22,19,182,9.58,1,0,0,5,,,119,137.8,143.8,128.3,,26,
101,Thomas Rawls\RawlTh00,SEA,RB,22,13,7,0,0,0,0,0,147,830,5.65,4,11,9,76,8.44,1,1,1,5,,,119,127.6,131.6,123.1,,27,
102,Golden Tate\TateGo00,DET,WR,27,16,16,0,0,0,0,0,6,41,6.83,0,128,90,813,9.03,6,1,1,6,,,119,209.4,213.4,164.4,,34,
103,LeGarrette Blount\BlouLe00,NWE,RB,29,12,6,0,0,0,0,0,165,703,4.26,6,7,6,43,7.17,1,1,0,7,,,117,122.6,125.6,119.6,,28,
104,Brock Osweiler\OsweBr00,DEN,QB,25,8,7,170,275,1967,10,6,21,61,2.90,1,0,0,0,,0,4,1,1,,,117,116.8,126.8,122.8,,30,
105,C.J. Anderson\AndeC.00,DEN,RB,24,15,6,0,0,0,0,0,152,720,4.74,5,36,25,183,7.32,0,2,2,5,,,116,141.3,149.3,128.8,,29,
106,Pierre Garcon\GarcPi00,WAS,WR,29,16,16,0,0,0,0,0,0,0,,0,111,72,777,10.79,6,0,0,6,,,114,185.7,188.7,149.7,,37,
107,Tyler Lockett*+\LockTy00,SEA,WR,23,16,8,0,0,0,0,0,5,20,4.00,0,69,51,664,13.02,6,1,1,8,,,114,165.4,169.4,139.9,,36,
108,Willie Snead\SneaWi00,NOR,WR,23,15,8,0,0,0,0,0,0,0,,0,101,69,984,14.26,3,2,1,3,,,114,183.4,187.4,148.9,,35,
109,Charcandrick West\WestCh01,KAN,RB,24,15,9,0,0,0,0,0,160,634,3.96,4,34,20,214,10.70,1,1,1,5,,,113,132.8,139.8,122.8,,31,
110,Karlos Williams\WillKa01,BUF,RB,22,11,3,0,0,0,0,0,93,517,5.56,7,14,11,96,8.73,2,2,1,9,,,113,124.3,128.3,118.8,,30,
111,Julian Edelman\EdelJu00,NWE,WR,29,9,9,0,0,0,0,0,3,23,7.67,0,88,61,692,11.34,7,1,1,7,,,112,172.5,176.5,142.0,,38,
112,Colin Kaepernick\KaepCo00,SFO,QB,28,9,8,144,244,1615,6,5,45,256,5.69,1,0,0,0,,0,5,1,1,,1,110,110.2,122.2,115.2,,31,
113,Marvin Jones\JoneMa02,CIN,WR,25,16,13,0,0,0,0,0,5,33,6.60,0,103,65,816,12.55,4,0,0,4,,,109,173.9,176.9,141.4,,40,
114,Donte Moncrief\MoncDo00,IND,WR,22,16,10,0,0,0,0,0,0,0,,0,105,64,733,11.45,6,0,0,6,,,109,173.3,176.3,141.3,,39,
115,Markus Wheaton\WheaMa00,PIT,WR,24,16,8,0,0,0,0,0,0,0,,0,79,44,749,17.02,5,0,0,5,1,,107,150.9,153.9,128.9,,41,
116,Alshon Jeffery\JeffAl00,CHI,WR,25,9,8,0,0,0,0,0,0,0,,0,94,54,807,14.94,4,1,0,4,,,105,158.7,161.7,131.7,,42,
117,Ryan Mathews\MathRy00,PHI,RB,28,13,6,0,0,0,0,0,106,539,5.08,6,28,20,146,7.30,1,3,3,7,,,105,124.5,133.5,114.5,,32,
118,Duke Johnson\JohnDu00,CLE,RB,22,16,7,0,0,0,0,0,104,379,3.64,0,74,61,534,8.75,2,1,0,2,,,103,164.3,170.3,133.8,,33,
119,Terrance Williams\WillTe01,DAL,WR,26,16,13,0,0,0,0,0,0,0,,0,93,52,840,16.15,3,0,0,3,,,102,154.0,157.0,128.0,,43,
120,Javorius Allen\AlleJa01,BAL,RB,24,16,6,0,0,0,0,0,137,514,3.75,1,62,45,353,7.84,2,2,2,3,,,101,145.7,153.7,123.2,,35,
121,Anquan Boldin\BoldAn00,SFO,WR,35,14,13,0,0,0,0,0,0,0,,0,111,69,789,11.43,4,1,1,4,,,101,169.9,173.9,135.4,,44,
122,Chris Johnson\JohnCh04,ARI,RB,30,11,9,0,0,0,0,0,196,814,4.15,3,13,6,58,9.67,0,2,2,3,,,101,107.2,112.2,104.2,,34,
123,Shane Vereen\VereSh00,NYG,RB,26,16,0,0,0,0,0,0,61,260,4.26,0,81,59,495,8.39,4,1,0,4,,,100,158.5,164.5,129.0,,36,
124,Jermaine Kearse\KearJe01,SEA,WR,25,16,16,0,0,0,0,0,0,0,,0,68,49,685,13.98,5,1,0,5,,,99,147.5,150.5,123.0,,45,
125,Theo Riddick\RiddTh00,DET,RB,24,16,1,0,0,0,0,0,43,133,3.09,0,99,80,697,8.71,3,1,1,3,,,99,179.0,186.0,139.0,,37,
126,Alfred Blue\BlueAl00,HOU,RB,24,16,9,0,0,0,0,0,183,698,3.81,2,16,15,109,7.27,1,2,1,3,,,97,111.7,118.7,104.2,,38,
127,Stefon Diggs\DiggSt00,MIN,WR,22,13,9,0,0,0,0,0,3,13,4.33,0,84,52,720,13.85,4,2,0,4,,,97,149.3,152.3,123.3,,46,
128,Nick Foles\FoleNi00,STL,QB,26,11,11,190,337,2052,7,10,17,20,1.18,1,0,0,0,,0,5,2,1,,1,96,96.1,111.1,106.1,,32,
129,Keenan Allen\AlleKe00,SDG,WR,23,8,8,0,0,0,0,0,0,0,,0,89,67,725,10.82,4,1,1,4,,,95,161.5,165.5,128.0,,47,
130,Matt Jones\JoneMa04,WAS,RB,22,13,0,0,0,0,0,0,144,490,3.40,3,25,19,304,16.00,1,5,4,4,,,95,114.4,124.4,104.9,,39,
131,Johnny Manziel\ManzJo00,CLE,QB,23,9,6,129,223,1500,7,5,37,230,6.22,0,0,0,0,,0,6,3,0,,,95,95.0,109.0,100.0,,33,
132,Ameer Abdullah\AbduAm00,DET,RB,22,16,9,0,0,0,0,0,143,597,4.17,2,38,25,183,7.32,1,5,2,3,,,92,117.0,125.0,104.5,,40,
133,Torrey Smith\SmitTo02,SFO,WR,26,16,12,0,0,0,0,0,0,0,,0,62,33,663,20.09,4,0,0,4,1,,92,125.3,128.3,108.8,,48,
134,Antonio Andrews\AndrAn00,TEN,RB,23,14,10,1,1,41,1,0,143,520,3.64,3,29,21,174,8.29,0,1,1,3,,,91,112.0,119.0,101.5,,42,
135,Justin Forsett\ForsJu00,BAL,RB,30,10,10,0,0,0,0,0,151,641,4.25,2,41,31,153,4.94,0,0,0,2,,,91,122.4,128.4,106.9,,41,
136,Matt Hasselbeck\HassMa00,IND,QB,40,8,8,156,256,1690,9,5,16,15,0.94,0,0,0,0,,0,3,2,0,,,91,91.1,101.1,96.1,,35,
137,Peyton Manning\MannPe00,DEN,QB,39,10,9,198,331,2249,9,17,6,-6,-1.00,0,0,0,0,,0,1,0,0,,,91,91.4,111.4,108.4,,34,
138,Nate Washington\WashNa00,HOU,WR,32,14,14,0,0,0,0,0,0,0,,0,94,47,658,14.00,4,0,0,4,,,90,136.8,139.8,113.3,,49,
139,Bilal Powell\PoweBi00,NYJ,RB,27,11,2,0,0,0,0,0,70,313,4.47,1,63,47,388,8.26,2,2,0,3,,,88,135.1,141.1,111.6,,43,
140,Le'Veon Bell\BellLe00,PIT,RB,23,6,6,0,0,0,0,0,113,556,4.92,3,26,24,136,5.67,0,0,0,3,,,87,111.2,117.2,99.2,,44,
141,Alfred Morris\MorrAl00,WAS,RB,27,16,16,0,0,0,0,0,202,751,3.72,1,13,10,55,5.50,0,0,0,1,,,87,96.6,99.6,91.6,,45,
142,Jason Witten\WittJa00,DAL,TE,33,16,16,0,0,0,0,0,0,0,,0,104,77,713,9.26,3,1,1,3,,,87,164.3,168.3,125.8,,13,
143,Kenny Britt\BritKe00,STL,WR,27,16,14,0,0,0,0,0,0,0,,0,72,36,681,18.92,3,0,0,3,,,86,122.1,125.1,104.1,,50,
144,Steve Smith\SmitSt01,BAL,WR,36,7,7,0,0,0,0,0,0,0,,0,73,46,670,14.57,3,0,0,3,,,85,131.0,134.0,108.0,,51,
145,Joique Bell\BellJo01,DET,RB,29,13,5,0,0,0,0,0,90,311,3.46,4,27,22,286,13.00,0,1,0,4,,,84,105.7,111.7,94.7,,47,
146,Eric Ebron\EbroEr00,DET,TE,22,14,8,0,0,0,0,0,0,0,,0,70,47,537,11.43,5,0,0,5,,,84,130.7,133.7,107.2,,14,
147,Dion Lewis\LewiDi00,NWE,RB,25,7,6,0,0,0,0,0,49,234,4.78,2,50,36,388,10.78,2,2,1,4,,,84,120.2,127.2,102.2,,46,
148,James White\WhitJa02,NWE,RB,23,14,1,0,0,0,0,0,22,56,2.55,2,54,40,410,10.25,4,0,0,6,,,83,122.6,125.6,102.6,,48,
149,Dorial Green-Beckham\GreeDo00,TEN,WR,22,16,5,0,0,0,0,0,0,0,,0,67,32,549,17.16,4,0,0,4,1,,81,112.9,115.9,96.9,,52,
150,Cole Beasley\BeasCo00,DAL,WR,26,16,3,0,0,0,0,0,0,0,,0,75,52,536,10.31,5,2,2,5,,,80,131.6,136.6,105.6,,54,
151,Jamaal Charles\CharJa00,KAN,RB,29,5,5,0,0,0,0,0,71,364,5.13,4,29,21,177,8.43,1,2,2,5,,,80,101.1,109.1,90.6,,49,
152,Seth Roberts\RobeSe00,OAK,WR,24,16,5,0,0,0,0,0,0,0,,0,55,32,480,15.00,5,0,0,5,1,,80,112.0,115.0,96.0,,53,
153,Kyle Rudolph\RudoKy00,MIN,TE,26,16,16,0,0,0,0,0,0,0,,0,73,49,495,10.10,5,0,0,5,,,80,128.5,131.5,104.0,,15,
154,Spencer Ware\WareSp00,KAN,RB,24,11,2,0,0,0,0,0,72,403,5.60,6,6,6,5,0.83,0,0,0,6,,,77,82.8,85.8,79.8,,50,
155,Marques Colston\ColsMa00,NOR,WR,32,13,5,0,0,0,0,0,0,0,,0,67,45,520,11.56,4,0,0,4,,,76,121.0,124.0,98.5,,55,
156,Julius Thomas\ThomJu00,JAX,TE,27,12,10,0,0,0,0,0,0,0,,0,80,46,455,9.89,5,0,0,5,,,76,121.5,124.5,98.5,,16,
157,Jamison Crowder\CrowJa00,WAS,WR,22,16,6,0,1,0,0,0,2,2,1.00,0,78,59,604,10.24,2,4,1,2,2,,75,133.6,137.6,104.1,,58,
158,Devin Funchess\FuncDe00,CAR,WR,21,16,5,0,0,0,0,0,0,0,,0,63,31,473,15.26,5,1,1,5,,,75,106.3,110.3,90.8,,56,
159,Melvin Gordon\GordMe00,SDG,RB,22,14,12,0,0,0,0,0,184,641,3.48,0,37,33,192,5.82,0,6,4,0,,,75,108.3,118.3,91.8,,51,
160,DeSean Jackson\JackDe00,WAS,WR,29,9,9,0,0,0,0,0,0,0,,0,49,30,528,17.60,4,1,1,4,,,75,104.8,108.8,89.8,,57,
161,Tim Hightower\HighTi00,NOR,RB,29,8,3,0,0,0,0,0,96,375,3.91,4,13,12,129,10.75,0,0,0,4,,,74,86.4,92.4,80.4,,52,
162,Vincent Jackson\JackVi00,TAM,WR,32,10,9,0,0,0,0,0,0,0,,0,62,33,543,16.45,3,0,0,3,1,,74,107.3,110.3,90.8,,59,
163,Andre Johnson\JohnAn02,IND,WR,34,16,14,0,0,0,0,0,0,0,,0,77,41,503,12.27,4,0,0,4,,,74,115.3,118.3,94.8,,60,
164,Zach Miller\MillZa02,CHI,TE,31,15,14,0,0,0,0,0,0,0,,0,46,34,439,12.91,5,0,0,5,,,74,107.9,110.9,90.9,,17,
165,Corey Brown\BrowPh00,CAR,WR,24,14,11,0,0,0,0,0,6,38,6.33,0,54,31,447,14.42,4,0,0,4,,,73,103.5,106.5,88.0,,61,
166,Jimmy Graham\GrahJi00,SEA,TE,29,11,11,0,0,0,0,0,0,0,,0,74,48,605,12.60,2,0,0,2,,,73,120.5,123.5,96.5,,18,
167,Malcom Floyd\FloyMa00,SDG,WR,34,15,13,0,0,0,0,0,0,0,,0,68,30,561,18.70,3,1,1,3,,,72,102.1,106.1,87.1,,62,
168,Jacob Tamme\TammJa00,ATL,TE,30,15,8,0,0,0,0,0,0,0,,0,81,59,657,11.14,1,0,0,1,,,72,130.7,133.7,101.2,,19,
169,Charles Clay\ClayCh00,BUF,TE,26,13,13,0,0,0,0,0,0,0,,0,77,51,528,10.35,3,1,0,3,,,71,121.8,124.8,96.3,,20,
170,Ladarius Green\GreeLa00,SDG,WR,25,13,11,0,0,0,0,0,0,0,,0,63,37,429,11.59,4,0,0,4,2,,71,107.9,110.9,89.4,,64,
171,Robert Woods\WoodRo02,BUF,WR,23,14,9,0,0,0,0,0,1,0,0.00,0,80,47,552,11.74,3,2,1,3,,,71,118.2,122.2,94.7,,63,
172,Owen Daniels\DaniOw00,DEN,TE,33,16,16,0,0,0,0,0,0,0,,0,77,46,517,11.24,3,0,0,3,,,70,115.7,118.7,92.7,,21,
173,Carlos Hyde\HydeCa00,SFO,RB,25,7,7,0,0,0,0,0,115,470,4.09,3,15,11,53,4.82,0,1,0,3,,,70,81.3,84.3,75.8,,53,
174,Marshawn Lynch\LyncMa00,SEA,RB,29,7,6,0,0,0,0,0,111,417,3.76,3,21,13,80,6.15,0,0,0,3,1,,70,82.7,85.7,76.2,,54,
175,Coby Fleener\FleeCo00,IND,TE,27,16,11,0,0,0,0,0,0,0,,0,84,54,491,9.09,3,0,0,3,1,,69,123.1,126.1,96.1,,22,
176,Jerricho Cotchery\CotcJe00,CAR,WR,33,14,3,0,0,0,0,0,1,16,16.00,0,54,39,485,12.44,3,0,0,3,,,68,107.1,110.1,87.6,,65,
177,Steve Johnson\JohnSt00,SDG,WR,29,10,8,0,0,0,0,0,0,0,,0,65,45,497,11.04,3,1,0,3,,,68,112.7,115.7,90.2,,67,
178,Heath Miller\MillHe00,PIT,TE,33,15,15,0,0,0,0,0,1,2,2.00,0,81,60,535,8.92,2,0,0,2,1,,68,127.7,130.7,97.7,,23,
179,Cecil Shorts\ShorCe00,HOU,WR,28,11,4,1,1,21,1,0,10,47,4.70,0,75,42,484,11.52,2,2,1,2,,,68,109.9,113.9,88.9,,66,
180,Matt Cassel\CassMa00,2TM,QB,33,9,8,119,204,1276,5,7,15,78,5.20,0,0,0,0,,0,4,0,0,,1,67,66.8,76.8,73.8,,36,
181,DeVante Parker\ParkDe01,MIA,WR,22,14,4,0,0,0,0,0,0,0,,0,50,26,494,19.00,3,0,0,3,,,67,93.4,96.4,80.4,,68,
182,Brandon Weeden\WeedBr00,2TM,QB,32,6,4,97,140,1043,5,2,16,47,2.94,1,0,0,0,,0,2,1,1,,,66,66.4,72.4,68.4,,37,
183,Crockett Gillmore\GillCr00,BAL,TE,24,10,10,0,0,0,0,0,0,0,,0,47,33,412,12.48,4,0,0,4,,,65,98.2,101.2,81.7,,24,
184,Dontrelle Inman\InmaDo00,SDG,WR,26,14,7,0,0,0,0,0,0,0,,0,63,35,486,13.89,3,2,1,3,,,65,99.6,103.6,82.1,,69,
185,Mike Tolbert*+\TolbMi00,CAR,RB,30,16,3,0,0,0,0,0,62,256,4.13,1,23,18,154,8.56,3,0,0,4,,,65,83.0,89.0,74.0,,55,
186,Brian Hartline\HartBr00,CLE,WR,29,12,4,0,0,0,0,0,0,0,,0,77,46,523,11.37,2,1,0,2,,,64,110.3,113.3,87.3,,70,
187,Joseph Randle\RandJo01,DAL,RB,24,6,6,0,0,0,0,0,76,315,4.14,4,10,10,86,8.60,0,1,0,4,,,64,74.1,77.1,69.1,,56,
188,Martellus Bennett\BennMa00,CHI,TE,28,11,11,0,0,0,0,0,0,0,,0,80,53,439,8.28,3,2,0,3,,,62,114.9,117.9,88.4,,26,
189,Jerick McKinnon\McKiJe00,MIN,RB,23,16,0,0,0,0,0,0,52,271,5.21,2,29,21,173,8.24,1,0,0,3,,,62,83.4,89.4,72.9,,57,
190,Kenny Stills\StilKe00,MIA,WR,23,16,8,0,0,0,0,0,0,0,,0,63,27,440,16.30,3,0,0,3,,,62,89.0,92.0,75.5,,71,
191,Will Tye\TyexWi00,NYG,TE,24,13,7,0,0,0,0,0,0,0,,0,62,42,464,11.05,3,1,1,3,,,62,104.4,108.4,83.4,,25,
192,Kendall Wright\WrigKe01,TEN,WR,26,10,9,0,0,0,0,0,5,17,3.40,0,60,36,408,11.33,3,0,0,3,,,61,96.5,99.5,78.5,,72,
193,Andre Ellington\ElliAn00,ARI,RB,26,10,2,0,0,0,0,0,45,289,6.42,3,24,15,148,9.87,0,1,1,3,,,60,74.7,81.7,67.2,,58,
194,Jonathan Grimes\GrimJo01,HOU,RB,26,14,0,0,1,0,0,0,56,282,5.04,1,31,26,173,6.65,1,0,0,2,1,,60,85.5,91.5,72.5,,59,
195,Mike Wallace\WallMi00,MIN,WR,29,16,12,0,0,0,0,0,1,6,6.00,0,72,39,473,12.13,2,0,0,2,,,60,98.9,101.9,79.4,,73,
196,Albert Wilson\WilsAl02,KAN,WR,23,14,12,0,0,0,0,0,5,26,5.20,0,57,35,451,12.89,2,0,0,2,,,60,94.7,97.7,77.2,,74,
197,Mohamed Sanu\SanuMo00,CIN,WR,26,16,4,0,0,0,0,0,10,71,7.10,2,49,33,394,11.94,0,2,0,2,,,59,91.5,94.5,75.0,,75,
198,Dez Bryant\BryaDe01,DAL,WR,27,9,9,0,0,0,0,0,0,0,,0,72,31,401,12.94,3,0,0,3,,,58,89.1,92.1,73.6,,76,
199,Brent Celek\CeleBr00,PHI,TE,30,16,13,0,0,0,0,0,0,0,,0,35,27,398,14.74,3,1,0,3,,,58,84.8,87.8,71.3,,28,
200,Austin Seferian-Jenkins\SefeAu00,TAM,TE,23,7,3,0,0,0,0,0,0,0,,0,39,21,338,16.10,4,0,0,4,,,58,78.8,81.8,68.3,,27,
201,Chris Thompson\ThomCh03,WAS,RB,25,13,0,0,0,0,0,0,35,216,6.17,0,48,35,240,6.86,2,2,0,2,,,58,92.6,98.6,75.1,,60,
202,Jordan Cameron\CameJo00,MIA,TE,27,16,16,0,0,0,0,0,0,0,,0,70,35,386,11.03,3,1,0,3,,,57,91.6,94.6,74.1,,29,
203,Brandon Coleman\ColeBr00,NOR,WR,23,16,4,0,0,0,0,0,0,0,,0,49,30,454,15.13,2,0,0,2,,,57,87.4,90.4,72.4,,77,
204,Roddy White\WhitRo00,ATL,WR,34,16,16,0,0,0,0,0,0,0,,0,70,43,506,11.77,1,0,0,1,,,57,99.6,102.6,78.1,,78,
205,Davante Adams\AdamDa01,GNB,WR,23,13,12,0,0,0,0,0,0,0,,0,94,50,483,9.66,1,0,0,1,1,,56,106.3,109.3,81.3,,79,
206,Kyle Juszczyk\JuszKy00,BAL,RB,24,16,11,0,0,0,0,0,2,3,1.50,0,56,41,321,7.83,4,0,0,4,,,56,97.4,100.4,76.9,,61,
207,Lance Moore\MoorLa00,DET,WR,32,14,8,0,0,0,0,0,0,0,,0,43,29,337,11.62,4,1,1,4,,,56,84.7,88.7,70.2,,80,
208,Chris Polk\PolkCh00,HOU,RB,26,15,2,0,0,0,0,0,99,334,3.37,1,28,16,109,6.81,1,0,0,2,,,56,72.3,78.3,64.3,,62,
209,Arian Foster\FostAr00,HOU,RB,29,4,4,0,0,0,0,0,63,163,2.59,1,28,22,227,10.32,2,2,1,3,,,55,77.0,84.0,66.0,,63,
210,A.J. McCarron\McCaA.00,CIN,QB,25,7,3,79,119,854,6,2,14,31,2.21,0,0,0,0,,0,1,1,0,,,55,55.3,61.3,57.3,,38,
211,Khiry Robinson\RobiKh00,NOR,RB,26,8,0,0,0,0,0,0,56,180,3.21,4,20,17,115,6.76,0,0,0,4,,,54,70.5,76.5,62.0,,64,
212,Brandon LaFell\LaFeBr00,NWE,WR,29,11,7,0,0,0,0,0,2,9,4.50,0,74,37,515,13.92,0,0,0,0,,,52,89.4,92.4,70.9,,82,
213,Marquess Wilson\WilsMa02,CHI,WR,23,11,6,0,0,0,0,0,0,0,,0,51,28,464,16.57,1,0,0,1,,,52,80.4,83.4,66.4,,81,
214,Brandon Bolden\BoldBr00,NWE,RB,25,15,2,0,0,0,0,0,63,207,3.29,0,30,19,180,9.47,2,0,0,2,,,51,69.7,75.7,60.2,,66,
215,Harry Douglas\DougHa00,TEN,WR,31,14,12,0,0,0,0,0,1,-6,-6.00,0,72,36,411,11.42,2,2,1,2,,,51,86.5,90.5,68.5,,84,
216,Shaun Draughn\DrauSh00,2TM,RB,28,11,6,0,0,0,0,0,78,273,3.50,1,35,27,176,6.52,0,1,0,1,,,51,77.9,83.9,64.4,,65,
217,Leonard Hankerson\HankLe00,3TM,WR,27,10,0,0,0,0,0,0,0,0,,0,46,26,327,12.58,3,0,0,3,,,51,76.7,79.7,63.7,,83,
218,Vance McDonald\McDoVa00,SFO,TE,25,14,11,0,0,0,0,0,0,0,,0,46,30,326,10.87,3,2,0,3,,,51,80.6,83.6,65.6,,31,
219,Clive Walford\WalfCl00,OAK,TE,24,16,2,0,0,0,0,0,0,0,,0,50,28,329,11.75,3,0,0,3,,,51,78.9,81.9,64.9,,30,
220,Scott Chandler\ChanSc00,NWE,TE,30,15,4,0,0,0,0,0,0,0,,0,42,23,259,11.26,4,0,0,4,,,50,72.9,75.9,61.4,,32,
221,Darren Fells\FellDa01,ARI,TE,29,14,12,0,0,0,0,0,0,0,,0,28,21,311,14.81,3,0,0,3,,,49,70.1,73.1,59.6,,33,
222,Josh Huff\HuffJo00,PHI,WR,24,15,4,0,0,0,0,0,0,0,,0,42,27,312,11.56,3,0,0,3,,,49,76.2,79.2,62.7,,85,
223,Marcel Reece\ReecMa00,OAK,RB,30,15,7,0,0,0,0,0,10,36,3.60,0,37,30,269,8.97,3,0,0,3,,,49,78.5,81.5,63.5,,67,
224,Jared Cook\CookJa02,STL,TE,28,16,12,0,0,0,0,0,0,0,,0,75,39,481,12.33,0,2,1,0,1,,48,87.1,91.1,67.6,,34,
225,Cameron Brate\BratCa00,TAM,TE,24,14,4,0,0,0,0,0,0,0,,0,30,23,288,12.52,3,0,0,3,,,47,69.8,72.8,58.3,,35,
226,Denard Robinson\RobiDe00,JAX,WR,25,13,3,0,0,0,0,0,67,266,3.97,1,30,21,164,7.81,0,3,1,1,,,47,68.0,75.0,57.5,,86,
227,Mike Gillislee\GillMi00,BUF,RB,25,5,1,0,0,0,0,0,47,267,5.68,3,7,6,29,4.83,0,1,1,3,,,46,51.6,55.6,48.6,,69,
228,Fred Jackson\JackFr02,SEA,RB,34,16,0,0,0,0,0,0,26,100,3.85,0,41,32,257,8.03,2,1,1,2,,,46,77.7,84.7,61.7,,68,
229,Quinton Patton\PattQu00,SFO,WR,25,16,4,0,0,0,0,0,1,5,5.00,0,57,30,394,13.13,1,0,0,1,,,46,75.9,78.9,60.9,,87,
230,Riley Cooper\CoopRi00,PHI,WR,28,16,13,0,0,0,0,0,0,0,,0,41,21,327,15.57,2,0,0,2,,,45,65.7,68.7,55.2,,89,
231,Jarius Wright\WrigJa02,MIN,WR,26,16,3,0,0,0,0,0,1,29,29.00,0,50,34,442,13.00,0,1,1,0,,,45,79.1,83.1,62.1,,88,
232,Case Keenum\KeenCa00,STL,QB,27,6,5,76,125,828,4,1,12,5,0.42,0,0,0,0,,0,3,2,0,,,44,43.6,49.6,44.6,,39,
233,Chris Givens\GiveCh00,2TM,WR,26,15,6,0,0,0,0,0,4,18,4.50,0,54,20,353,17.65,1,0,0,1,,,43,63.1,66.1,53.1,,91,
234,Darrius Heyward-Bey\HeywDa00,PIT,WR,28,16,4,0,0,0,0,0,0,0,,0,39,21,314,14.95,2,0,0,2,,,43,64.4,67.4,53.9,,90,
235,Bishop Sankey\SankBi00,TEN,RB,23,13,3,0,0,0,0,0,47,193,4.11,1,22,14,139,9.93,1,2,1,2,,,43,57.2,64.2,50.2,,70,
236,Zach Mettenberger\MettZa00,TEN,QB,24,7,4,101,166,935,4,7,9,8,0.89,1,0,0,0,,0,4,2,1,,,42,42.2,54.2,49.2,,40,
237,Tevin Coleman\ColeTe01,ATL,RB,22,12,3,0,0,0,0,0,87,392,4.51,1,11,2,14,7.00,0,3,3,1,,,41,42.6,48.6,41.6,,71,
238,Anthony Fasano\FasaAn00,TEN,TE,31,16,11,0,0,0,0,0,0,0,,0,42,26,289,11.12,2,0,0,2,,,41,66.9,69.9,53.9,,36,
239,Tony Romo\RomoTo00,DAL,QB,35,4,4,83,121,884,5,7,4,13,3.25,0,0,0,0,,0,1,1,0,,,41,40.7,51.7,47.7,,41,
240,Vernon Davis\DaviVe00,2TM,TE,31,15,9,0,0,0,0,0,0,0,,0,58,38,395,10.39,0,0,0,0,,,40,77.5,80.5,58.5,,37,
241,JJ Nelson\NelsJJ00,ARI,WR,23,11,2,0,0,0,0,0,1,0,0.00,0,27,11,299,27.18,2,1,1,2,,,40,50.9,54.9,45.4,,92,
242,Benny Cunningham\CunnBe01,STL,RB,25,16,1,0,0,0,0,0,37,140,3.78,0,36,26,250,9.62,0,1,0,0,,,39,65.0,71.0,52.0,,72,
243,Ryan Grant\GranRy01,WAS,WR,25,16,5,0,0,0,0,0,0,0,,0,42,23,268,11.65,2,0,0,2,,,39,61.8,64.8,50.3,,93,
244,EJ Manuel\ManuEJ00,BUF,QB,25,7,2,52,84,561,3,3,17,64,3.76,1,0,0,0,,0,2,1,1,,,39,38.8,45.8,41.8,,42,
245,Donald Brown\BrowDo00,SDG,RB,28,10,2,0,0,0,0,0,59,229,3.88,1,13,8,88,11.00,0,1,0,1,,,38,45.7,48.7,41.7,,73,
246,Keshawn Martin\MartKe01,NWE,WR,25,9,8,0,0,0,0,0,1,6,6.00,0,37,24,269,11.21,2,1,1,2,,,38,61.5,65.5,49.5,,94,
247,Garrett Celek\CeleGa00,SFO,TE,27,11,8,0,0,0,0,0,0,0,,0,28,19,186,9.79,3,0,0,3,,,37,55.6,58.6,46.1,,39,
248,Ryan Griffin\GrifRy00,HOU,TE,25,9,4,0,0,0,0,0,0,0,,0,34,20,251,12.55,2,0,0,2,,,37,57.1,60.1,47.1,,38,
249,Lance Kendricks\KendLa00,STL,TE,27,15,12,0,0,0,0,0,0,0,,0,36,25,245,9.80,2,0,0,2,,,37,61.5,64.5,49.0,,40,
250,Jay Ajayi\AjayJa00,MIA,RB,22,9,0,0,0,0,0,0,49,187,3.82,1,11,7,90,12.86,0,0,0,1,1,,36,42.7,45.7,39.2,,74,
251,Jeremy Butler\ButlJe01,BAL,WR,24,8,0,0,0,0,0,0,0,0,,0,44,31,363,11.71,0,1,0,0,,,36,67.3,70.3,51.8,,95,
252,Josh Bellamy\BellJo02,CHI,WR,26,16,3,0,0,0,0,0,0,0,,0,34,19,224,11.79,2,0,0,2,,,34,53.4,56.4,43.9,,96,
253,Ka'Deem Carey\CareKa00,CHI,RB,23,11,1,0,0,0,0,0,43,159,3.70,2,3,3,19,6.33,1,1,1,3,,,34,36.8,40.8,35.3,,76,
254,Larry Donnell\DonnLa00,NYG,TE,27,8,8,0,0,0,0,0,0,0,,0,41,29,223,7.69,2,0,0,2,,,34,63.3,66.3,48.8,,41,
255,Tre Mason\MasoTr00,STL,RB,22,13,3,0,0,0,0,0,75,207,2.76,1,25,18,88,4.89,0,3,1,1,,,34,51.5,55.5,42.5,,77,
256,Mychal Rivera\RiveMy00,OAK,TE,25,16,0,0,0,0,0,0,0,0,,0,46,32,280,8.75,1,2,0,1,,,34,66.0,69.0,50.0,,42,
257,Jaelen Strong\StroJa01,HOU,WR,21,10,1,0,0,0,0,0,0,0,,0,24,14,161,11.50,3,0,0,3,,,34,48.1,51.1,41.1,,97,
258,Andre Williams\WillAn00,NYG,RB,23,16,0,0,0,0,0,0,88,257,2.92,1,3,1,7,7.00,0,0,0,1,1,,34,35.4,38.4,34.9,,75,
259,Ahmad Bradshaw\BradAh00,IND,RB,29,6,0,0,0,0,0,0,31,85,2.74,0,14,10,64,6.40,3,0,0,3,,,33,42.9,42.9,37.9,,78,
260,Jimmy Clausen\ClauJi00,2TM,QB,28,4,3,72,125,739,2,4,11,36,3.27,0,0,0,0,,0,1,0,0,,,33,33.2,40.2,37.2,,43,
261,Kellen Moore\MoorKe02,DAL,QB,26,3,2,61,104,779,4,6,2,-1,-0.50,0,0,0,0,,0,1,1,0,,,33,33.1,43.1,39.1,,44,
262,Mark Sanchez\SancMa00,PHI,QB,29,4,2,59,91,616,4,4,6,22,3.67,0,0,0,0,,0,1,1,0,,,33,32.8,40.8,36.8,,45,
263,Maxx Williams\WillMa04,BAL,TE,21,14,7,0,0,0,0,0,0,0,,0,48,32,268,8.38,1,1,0,1,,,33,64.8,67.8,48.8,,43,
264,Nelson Agholor\AghoNe00,PHI,WR,22,13,12,0,0,0,0,0,0,0,,0,44,23,283,12.30,1,1,1,1,,,32,55.3,59.3,43.8,,99,
265,Quincy Enunwa\EnunQu00,NYJ,WR,23,12,6,0,0,0,0,0,0,0,,0,46,22,315,14.32,0,0,0,0,,,32,53.5,56.5,42.5,,101,
266,Adam Humphries\HumpAd00,TAM,WR,22,13,0,0,0,0,0,0,0,0,,0,40,27,260,9.63,1,0,0,1,,,32,59.0,62.0,45.5,,100,
267,Justin Hunter\HuntJu00,TEN,WR,24,9,5,0,0,0,0,0,0,0,,0,31,22,264,12.00,1,0,0,1,,,32,54.4,57.4,43.4,,98,
268,Percy Harvin\HarvPe00,BUF,WR,27,5,5,0,0,0,0,0,5,31,6.20,0,30,19,218,11.47,1,1,0,1,,,31,49.9,52.9,40.4,,102,
269,Michael Vick\VickMi00,PIT,QB,35,5,3,40,66,371,2,1,20,99,4.95,0,0,0,0,,0,2,0,0,,,31,30.7,34.7,31.7,,46,
270,Cameron Artis-Payne\ArtiCa00,CAR,RB,25,7,0,0,0,0,0,0,45,183,4.07,1,5,5,58,11.60,0,0,0,1,,,30,35.1,38.1,32.6,,79,
271,Ed Dickson\DickEd00,CAR,TE,28,16,11,0,0,0,0,0,0,0,,0,26,17,121,7.12,2,0,0,3,,,30,47.1,50.1,38.6,,44,
272,Rashad Ross\RossRa00,WAS,WR,25,13,0,0,0,0,0,0,0,0,,0,13,8,184,23.00,1,0,0,2,,,30,38.4,41.4,34.4,,103,
273,Eddie Royal\RoyaEd00,CHI,WR,29,9,9,0,0,0,0,0,1,-1,-1.00,0,50,37,238,6.43,1,0,0,1,,,30,66.7,69.7,48.2,,104,
274,Marqise Lee\LeexMa00,JAX,WR,24,10,1,0,0,0,0,0,5,38,7.60,0,32,15,191,12.73,1,0,0,1,,,29,43.9,46.9,36.4,,105,
275,Zach Line\LineZa01,MIN,RB,25,16,5,0,0,0,0,0,6,10,1.67,2,9,6,95,15.83,1,0,0,3,,,29,34.5,34.5,31.5,,80,
276,Travaris Cadet\CadeTr00,3TM,RB,26,7,1,0,1,0,0,0,11,28,2.55,0,22,17,214,12.59,1,1,1,1,,,28,45.2,49.2,36.7,,81,
277,Phillip Dorsett\DorsPh00,IND,WR,22,11,0,0,0,0,0,0,3,17,5.67,0,39,18,225,12.50,1,2,1,1,,,28,46.2,50.2,37.2,,106,
278,Lance Dunbar\DunbLa00,DAL,RB,25,4,0,0,0,0,0,0,5,67,13.40,0,23,21,215,10.24,0,0,0,0,,,28,49.2,52.2,38.7,,83,
279,Jermaine Gresham\GresJe00,ARI,TE,27,15,12,0,0,0,0,0,0,0,,0,32,18,223,12.39,1,0,0,1,,,28,46.3,49.3,37.3,,45,
280,Andrew Hawkins\HawkAn00,CLE,WR,29,8,8,0,0,0,0,0,0,0,,0,43,27,276,10.22,0,1,1,0,1,,28,54.6,58.6,41.1,,109,
281,Marc Mariani\MariMa00,CHI,WR,28,16,5,0,0,0,0,0,0,0,,0,33,22,300,13.64,0,3,1,0,,,28,50.0,54.0,39.0,,107,
282,Robert Turbin\TurbRo00,2TM,RB,26,10,0,0,0,0,0,0,50,199,3.98,1,10,7,23,3.29,0,0,0,1,,,28,35.2,38.2,31.7,,82,
283,Nick Williams\WillNi02,ATL,WR,25,14,0,0,0,0,0,0,0,0,,0,25,17,159,9.35,2,0,0,2,,,28,44.9,47.9,36.4,,108,
284,Rashad Greene\GreeRa00,JAX,WR,23,9,0,0,0,0,0,0,0,0,,0,35,19,93,4.89,2,1,0,3,,,27,46.3,46.3,36.8,,111,
285,Greg Jennings\JennGr00,MIA,WR,32,16,5,0,0,0,0,0,0,0,,0,36,19,208,10.95,1,0,0,1,,,27,45.8,48.8,36.3,,113,
286,Jeremy Kerley\KerlJe00,NYJ,WR,27,16,1,0,0,0,0,0,0,0,,0,26,16,152,9.50,2,1,0,2,,,27,43.2,46.2,35.2,,112,
287,Ty Montgomery\MontTy01,GNB,RB,22,6,3,0,0,0,0,0,3,14,4.67,0,19,15,136,9.07,2,0,0,2,,,27,42.0,45.0,34.5,,84,
288,Matt Schaub\SchaMa00,BAL,QB,34,2,2,52,80,540,3,4,4,10,2.50,0,0,0,0,,0,0,0,0,,,27,26.6,33.6,30.6,,47,
289,De'Anthony Thomas\ThomDe05,KAN,WR,22,10,1,0,0,0,0,0,9,34,3.78,1,25,17,140,8.24,1,2,1,2,,,27,44.4,48.4,35.9,,110,
290,Luke Willson\WillLu00,SEA,TE,25,14,7,0,0,0,0,0,0,0,,0,26,17,213,12.53,1,0,0,1,,,27,44.3,47.3,35.8,,46,
291,Brice Butler\ButlBr00,DAL,WR,25,7,2,0,0,0,0,0,0,0,,0,26,12,258,21.50,0,0,0,0,,,26,37.8,40.8,31.8,,115,
292,Chris Conley\ConlCh00,KAN,WR,23,16,5,0,0,0,0,0,0,0,,0,31,17,199,11.71,1,0,0,1,,,26,42.9,45.9,34.4,,114,
293,Christine Michael\MichCh00,2TM,RB,25,8,2,0,0,0,0,0,54,243,4.50,0,6,3,16,5.33,0,0,0,0,,,26,28.9,31.9,27.4,,85,
294,Jonas Gray\GrayJo00,2TM,RB,25,8,0,0,0,0,0,0,45,176,3.91,0,8,7,76,10.86,0,0,0,0,,,25,32.2,35.2,28.7,,87,
295,Jamize Olawale\OlawJa00,OAK,RB,26,14,3,0,0,0,0,0,24,110,4.58,1,11,9,84,9.33,0,0,0,1,,,25,34.4,37.4,29.9,,86,
296,Stedman Bailey\BailSt01,STL,WR,25,8,3,0,0,0,0,0,0,0,,0,25,12,182,15.17,1,0,0,1,,,24,36.2,39.2,30.2,,116,
297,Orleans Darkwa\DarkOr00,NYG,RB,23,16,0,0,0,0,0,0,36,153,4.25,1,5,3,31,10.33,0,0,0,1,,,24,27.4,30.4,25.9,,88,
298,Taylor Gabriel\GabrTa00,CLE,WR,24,13,4,0,0,0,0,0,0,0,,0,48,28,241,8.61,0,1,1,0,1,,24,52.1,56.1,38.1,,117,
299,Josh Hill\HillJo02,NOR,TE,25,16,7,0,0,0,0,0,0,0,,0,30,16,120,7.50,2,0,0,2,,,24,40.0,43.0,32.0,,48,
300,Michael Hoomanawanui\HoomMi00,2TM,TE,27,14,8,0,0,0,0,0,1,0,0.00,0,16,11,76,6.91,3,1,1,3,,,24,34.6,35.6,29.1,,49,
301,Craig Stevens\StevCr00,TEN,TE,31,16,11,0,0,0,0,0,0,0,,0,16,12,121,10.08,2,0,0,2,,,24,36.1,39.1,30.1,,47,
302,Damien Williams\WillDa05,MIA,RB,23,16,0,0,0,0,0,0,16,59,3.69,0,28,21,142,6.76,1,2,1,1,,,24,45.1,49.1,34.6,,89,
303,Patrick DiMarco*\DiMaPa00,ATL,RB,26,16,8,0,0,0,0,0,1,0,0.00,0,17,13,110,8.46,2,0,0,2,,,23,36.0,39.0,29.5,,91,
304,Virgil Green\GreeVi00,DEN,TE,27,16,5,0,0,0,0,0,0,0,,0,15,12,173,14.42,1,0,0,1,,,23,35.3,38.3,29.3,,50,
305,Clay Harbor\HarbCl00,JAX,TE,28,15,3,0,0,0,0,0,0,0,,0,20,14,149,10.64,1,0,0,1,1,,23,36.9,39.9,29.9,,51,
306,Marcedes Lewis\LewiMa00,JAX,TE,31,16,16,0,0,0,0,0,0,0,,0,37,16,226,14.13,0,0,0,0,,,23,38.6,41.6,30.6,,52,
307,Adam Thielen\ThieAd00,MIN,WR,25,16,2,0,0,0,0,0,4,89,22.25,0,18,12,144,12.00,0,0,0,0,,,23,35.3,38.3,29.3,,118,
308,Terron Ward\WardTe00,ATL,RB,23,13,0,0,0,0,0,0,29,95,3.28,1,13,9,73,8.11,0,0,0,1,,,23,31.8,31.8,27.3,,92,
309,Griff Whalen\WhalGr00,IND,WR,25,14,0,0,0,0,0,0,0,0,,0,26,19,205,10.79,1,4,2,1,,,23,41.5,46.5,32.0,,119,
310,Fozzy Whittaker\WhitFo00,CAR,RB,26,15,1,0,0,0,0,0,25,108,4.32,1,15,12,64,5.33,0,0,0,1,,,23,35.2,38.2,29.2,,90,
311,T.J. Yates\YateT.00,HOU,QB,28,4,2,28,57,370,3,1,6,0,0.00,0,0,0,0,,0,1,1,0,,,23,22.8,27.8,23.8,,48,
312,Landry Jones\JoneLa02,PIT,QB,26,7,2,32,55,513,3,4,5,-5,-1.00,0,0,0,0,,0,1,1,0,,,22,22.0,30.0,26.0,,49,
313,Branden Oliver\OlivBr01,SDG,RB,24,8,1,0,0,0,0,0,31,108,3.48,0,15,13,112,8.62,0,0,0,0,,,22,35.0,41.0,28.5,,93,
314,C.J. Fiedorowicz\FiedC.00,HOU,TE,24,16,14,0,0,0,0,0,0,0,,0,24,17,167,9.82,1,1,1,1,,,21,37.7,41.7,29.2,,53,
315,Bruce Miller\MillBr02,SFO,RB,28,16,5,0,0,0,0,0,6,14,2.33,1,14,10,135,13.50,0,0,0,1,,,21,30.9,33.9,25.9,,96,
316,Jordan Norwood\NorwJo00,DEN,WR,29,11,5,0,0,0,0,0,0,0,,0,32,22,207,9.41,0,1,0,0,,,21,42.7,45.7,31.7,,120,
317,Zac Stacy\StacZa00,NYJ,RB,24,8,0,0,0,0,0,0,31,89,2.87,1,12,9,65,7.22,0,0,0,1,,,21,30.4,30.4,25.9,,94,
318,Terrance West\WestTe00,2TM,RB,24,8,0,0,0,0,0,0,62,231,3.73,0,5,4,21,5.25,0,2,2,0,,,21,25.2,30.2,23.2,,95,
319,Jaron Brown\BrowJa03,ARI,WR,25,16,0,0,0,0,0,0,0,0,,0,23,11,144,13.09,1,0,0,1,,,20,31.4,34.4,25.9,,121,
320,Andre Caldwell\CaldAn00,DEN,WR,30,14,0,0,0,0,0,0,1,3,3.00,0,22,10,72,7.20,2,0,0,2,,,20,29.5,29.5,24.5,,124,
321,Derek Carrier\CarrDe00,WAS,TE,25,12,12,0,0,0,0,0,0,0,,0,22,17,141,8.29,1,0,0,1,,,20,37.1,40.1,28.6,,54,
322,David Cobb\CobbDa00,TEN,RB,22,7,1,0,0,0,0,0,52,146,2.81,1,2,1,-2,-2.00,0,0,0,1,,,20,21.4,24.4,20.9,,98,
323,Bennie Fowler\FowlBe00,DEN,WR,24,16,1,0,0,0,0,0,0,0,,0,25,16,203,12.69,0,0,0,0,,,20,36.3,39.3,28.3,,122,
324,John Kuhn*\KuhnJo00,GNB,RB,33,16,6,0,0,0,0,0,9,28,3.11,2,10,6,56,9.33,0,0,0,2,,,20,26.4,26.4,23.4,,97,
325,Louis Murphy\MurpLo00,TAM,WR,28,6,1,0,0,0,0,0,0,0,,0,18,10,198,19.80,0,0,0,0,,,20,29.8,32.8,24.8,,123,
326,Geno Smith\SmitGe00,NYJ,QB,25,1,0,27,42,265,2,1,2,34,17.00,0,0,0,0,,0,0,0,0,,,20,20.0,21.0,21.0,,50,
327,Kerwynn Williams\WillKe05,ARI,RB,24,6,0,0,0,0,0,0,27,142,5.26,1,2,2,16,8.00,0,1,1,1,,,20,21.8,25.8,20.8,,99,
328,Tim Wright\WrigTi01,DET,TE,25,9,1,0,0,0,0,0,0,0,,0,16,9,77,8.56,2,0,0,2,,,20,28.7,28.7,24.2,,55,
329,Blake Bell\BellBl00,SFO,TE,24,14,5,0,0,0,0,0,0,0,,0,25,15,186,12.40,0,0,0,0,,,19,33.6,36.6,26.1,,57,
330,Austin Davis\DaviAu00,CLE,QB,26,3,2,56,94,547,1,3,7,33,4.71,0,0,0,0,,0,2,2,0,,,19,19.2,27.2,22.2,,51,
331,Donteea Dye\DyexDo00,TAM,WR,22,10,5,0,0,0,0,0,0,0,,0,30,11,132,12.00,1,1,0,1,,,19,30.2,33.2,24.7,,126,
332,Justin Hardy\HardJu00,ATL,WR,24,9,1,0,0,0,0,0,0,0,,0,36,21,194,9.24,0,0,0,0,,,19,40.4,43.4,29.9,,125,
333,Javontee Herndon\HernJa00,SDG,WR,24,8,2,0,0,0,0,0,1,13,13.00,0,33,24,195,8.13,0,2,1,0,,,19,42.8,46.8,30.8,,127,
334,Tyler Kroft\KrofTy00,CIN,TE,23,16,6,0,0,0,0,0,0,0,,0,15,11,129,11.73,1,0,0,1,,,19,29.9,32.9,24.4,,56,
335,Rhett Ellison\ElliRh00,MIN,RB,27,15,9,0,0,0,0,0,0,0,,0,19,11,124,11.27,1,0,0,1,,,18,29.4,32.4,23.9,,100,
336,Jalston Fowler\FowlJa00,TEN,RB,25,16,0,0,0,0,0,0,7,13,1.86,1,6,5,44,8.80,1,0,0,2,,,18,22.7,22.7,20.2,,101,
337,Dwayne Allen\AlleDw00,IND,TE,25,13,12,0,0,0,0,0,1,1,1.00,0,29,16,109,6.81,1,0,0,1,,,17,33.0,36.0,25.0,,59,
338,Nick Boyle\BoylNi00,BAL,TE,22,11,2,0,0,0,0,0,0,0,,0,23,18,153,8.50,0,0,0,0,1,,17,35.3,38.3,26.3,,58,
339,Roy Helu\HeluRo00,OAK,RB,27,9,0,0,0,0,0,0,17,39,2.29,0,16,9,75,8.33,1,0,0,1,,,17,26.4,26.4,21.9,,102,
340,T.J. Jones\JoneT.00,DET,WR,23,10,0,0,0,0,0,0,1,-3,-3.00,0,18,10,132,13.20,1,2,1,1,,,17,26.9,30.9,21.9,,128,
341,Dion Sims\SimsDi00,MIA,TE,24,13,4,0,0,0,0,0,0,0,,0,25,18,127,7.06,1,1,1,1,,,17,34.7,38.7,25.7,,60,
342,Jake Stoneburner\StonJa01,MIA,TE,26,11,1,0,0,0,0,0,0,0,,0,5,5,47,9.40,2,0,0,2,,,17,21.7,21.7,19.2,,61,
343,Kenbrell Thompkins\ThomKe02,NYJ,WR,27,7,2,0,0,0,0,0,0,0,,0,33,17,165,9.71,0,0,0,0,,,17,33.5,36.5,25.0,,129,
344,Knile Davis\DaviKn00,KAN,RB,24,14,0,0,0,0,0,0,28,72,2.57,1,3,2,24,12.00,0,0,0,1,,,16,17.6,17.6,16.6,,103,
345,Justin Perillo\PeriJu00,GNB,TE,24,9,0,0,0,0,0,0,0,0,,0,13,11,102,9.27,1,0,0,1,,,16,27.2,30.2,21.7,,62,
346,Devin Smith\SmitDe04,NYJ,WR,23,10,3,0,0,0,0,0,0,0,,0,28,9,115,12.78,1,1,1,1,,,16,24.5,28.5,20.0,,130,
347,Anthony Dixon\DixoAn00,BUF,RB,28,16,1,0,0,0,0,0,21,44,2.10,1,7,6,44,7.33,0,0,0,1,,,15,20.8,20.8,17.8,,105,
348,Chris Gragg\GragCh00,BUF,TE,25,13,4,0,0,0,0,0,0,0,,0,20,12,150,12.50,0,0,0,0,,,15,27.0,30.0,21.0,,64,
349,Troy Niklas\NiklTr00,ARI,TE,23,16,3,0,0,0,0,0,0,0,,0,4,4,33,8.25,2,0,0,2,,,15,19.3,19.3,17.3,,63,
350,Devin Street\StreDe00,DAL,WR,24,15,2,0,0,0,0,0,0,0,,0,13,7,114,16.29,1,1,1,1,,,15,22.4,26.4,18.9,,131,
351,Pierre Thomas\ThomPi00,2TM,RB,31,5,0,0,0,0,0,0,15,64,4.27,0,11,9,84,9.33,0,0,0,0,,,15,23.8,23.8,19.3,,104,
352,Myles White\WhitMy00,NYG,WR,25,12,0,0,0,0,0,0,0,0,,0,20,7,88,12.57,1,0,0,1,,,15,21.8,21.8,18.3,,133,
353,Tyrell Williams\WillTy00,SDG,WR,23,7,0,0,0,0,0,0,0,0,,0,5,2,90,45.00,1,0,0,1,,,15,17.0,17.0,16.0,,132,
354,Rex Burkhead\BurkRe00,CIN,RB,25,16,0,0,0,0,0,0,4,4,1.00,0,15,10,94,9.40,1,1,1,1,,,14,23.8,24.8,18.8,,106,
355,Aaron Dobson\DobsAa00,NWE,WR,24,8,3,0,0,0,0,0,0,0,,0,21,13,141,10.85,0,0,0,0,,,14,27.1,30.1,20.6,,135,
356,Bruce Ellington\ElliBr00,SFO,WR,24,13,0,0,0,0,0,0,1,7,7.00,0,19,13,153,11.77,0,3,1,0,,,14,27.0,31.0,20.5,,136,
357,Akeem Hunt\HuntAk01,HOU,RB,22,7,1,0,0,0,0,0,17,96,5.65,0,10,6,39,6.50,0,0,0,0,,,14,19.5,19.5,16.5,,108,
358,Jesse James\JameJe00,PIT,TE,21,8,2,0,0,0,0,0,0,0,,0,11,8,56,7.00,1,0,0,1,1,,14,21.6,21.6,17.6,,65,
359,Marlon Moore\MoorMa02,CLE,WR,28,14,2,0,0,0,0,0,0,0,,0,10,7,81,11.57,1,0,0,1,,,14,21.1,21.1,17.6,,134,
360,Lorenzo Taliaferro\TaliLo00,BAL,RB,24,3,0,0,0,0,0,0,13,47,3.62,1,5,5,29,5.80,0,0,0,1,,,14,18.6,18.6,16.1,,107,
361,Kenjon Barner\BarnKe00,PHI,RB,26,10,0,0,0,0,0,0,28,124,4.43,0,12,9,22,2.44,0,1,1,0,,,13,21.6,25.6,17.1,,111,
362,Bryce Brown\BrowBr02,SEA,RB,24,3,0,0,0,0,0,0,25,72,2.88,1,2,0,0,,0,0,0,1,,,13,13.2,13.2,13.2,,109,
363,Chase Coffman\CoffCh00,2TM,TE,29,2,0,0,0,0,0,0,0,0,,0,11,8,71,8.88,1,0,0,1,,,13,21.1,21.1,17.1,,68,
364,Jack Doyle\DoylJa00,IND,TE,25,16,2,0,0,0,0,0,0,0,,0,14,12,72,6.00,1,0,0,1,,,13,25.2,25.2,19.2,,67,
365,Demetrius Harris\HarrDe03,KAN,TE,24,16,9,0,0,0,0,0,0,0,,0,11,7,74,10.57,1,0,0,1,,,13,20.4,20.4,16.9,,66,
366,Cooper Helfet\HelfCo00,SEA,TE,26,14,2,0,0,0,0,0,0,0,,0,22,13,130,10.00,0,0,0,0,,,13,26.0,29.0,19.5,,69,
367,Dan Herron\HerrDa00,2TM,RB,26,10,0,0,0,0,0,0,25,79,3.16,0,10,9,47,5.22,0,1,0,0,,,13,21.6,21.6,17.1,,112,
368,Steven Jackson\JackSt00,NWE,RB,32,2,1,0,0,0,0,0,21,50,2.38,1,1,1,20,20.00,0,0,0,1,,,13,14.0,14.0,13.5,,110,
369,Charles Johnson\JohnCh08,MIN,WR,26,11,4,0,0,0,0,0,0,0,,0,13,9,127,14.11,0,0,0,0,,,13,21.7,24.7,17.2,,139,
370,Ricardo Lockette\LockRi00,SEA,WR,29,8,0,0,0,0,0,0,0,0,,0,7,4,69,17.25,1,0,0,1,,,13,16.9,16.9,14.9,,137,
371,Keith Mumphery\MumpKe00,HOU,WR,23,16,3,0,0,0,0,0,0,0,,0,32,14,129,9.21,0,3,0,0,,,13,26.9,29.9,19.9,,138,
372,Brandon Myers\MyerBr00,TAM,TE,30,11,6,0,0,0,0,0,0,0,,0,17,12,127,10.58,0,0,0,0,,,13,24.7,27.7,18.7,,72,
373,Cordarrelle Patterson\PattCo00,MIN,WR,24,16,1,0,0,0,0,0,2,15,7.50,0,2,2,10,5.00,0,1,1,2,,,13,14.5,15.5,13.5,,140,
374,Brandon Pettigrew\PettBr00,DET,TE,30,8,8,0,0,0,0,0,0,0,,0,15,7,67,9.57,1,0,0,1,,,13,19.7,19.7,16.2,,73,
375,John Phillips\PhilJo00,SDG,TE,28,16,5,0,0,0,0,0,0,0,,0,11,10,69,6.90,1,0,0,1,,,13,22.9,22.9,17.9,,71,
376,Lee Smith\SmitLe00,OAK,TE,28,15,15,0,0,0,0,0,0,0,,0,13,12,70,5.83,1,0,0,1,,,13,25.0,25.0,19.0,,70,
377,Jason Avant\AvanJa00,KAN,WR,32,16,1,0,0,0,0,0,0,0,,0,24,15,119,7.93,0,0,0,0,,,12,26.9,29.9,19.4,,143,
378,Darius Jennings\JennDa00,CLE,WR,23,4,1,0,0,0,0,0,0,0,,0,21,14,117,8.36,0,1,0,0,,,12,25.7,28.7,18.7,,145,
379,Cody Latimer\LatiCo00,DEN,WR,23,14,1,0,0,0,0,0,2,1,0.50,0,11,6,59,9.83,1,0,0,1,,,12,18.0,18.0,15.0,,142,
380,Cameron Meredith\MereCa00,CHI,WR,23,11,0,0,0,0,0,0,0,0,,0,16,11,120,10.91,0,0,0,0,,,12,23.0,26.0,17.5,,141,
381,Tony Moeaki\MoeaTo00,ATL,TE,28,11,0,0,0,0,0,0,0,0,,0,5,3,58,19.33,1,0,0,1,,,12,14.8,14.8,13.3,,75,
382,Luke Stocker\StocLu00,TAM,TE,27,14,13,0,0,0,0,0,0,0,,0,13,9,61,6.78,1,0,0,1,,,12,21.1,21.1,16.6,,74,
383,Brandon Tate\TateBr00,CIN,WR,28,16,0,0,0,0,0,0,0,0,,0,3,2,59,29.50,1,1,0,1,,,12,13.9,13.9,12.9,,144,
384,Jared Abbrederis\AbbrJa00,GNB,WR,25,10,0,0,0,0,0,0,0,0,,0,16,9,111,12.33,0,1,0,0,,,11,20.1,23.1,15.6,,149,
385,Marlon Brown\BrowMa00,BAL,WR,24,10,2,0,0,0,0,0,0,0,,0,30,14,112,8.00,0,0,0,0,,,11,25.2,28.2,18.2,,147,
386,Michael Campanaro\CampMi02,BAL,WR,24,4,0,0,0,0,0,0,2,17,8.50,1,6,5,35,7.00,0,0,0,1,,,11,16.2,16.2,13.7,,148,
387,Kendall Gaskins\GaskKe00,SFO,RB,25,9,0,0,0,0,0,0,16,38,2.38,0,10,8,69,8.63,0,0,0,0,,,11,18.7,18.7,14.7,,113,
388,Luke McCown\McCoLu00,NOR,QB,34,8,1,32,39,335,0,1,0,0,,0,0,0,0,,0,0,0,0,,,11,11.4,15.4,12.4,,52,
389,Jerome Simpson\SimpJe00,SFO,WR,29,6,1,0,0,0,0,0,0,0,,0,19,5,54,10.80,1,0,0,1,,,11,16.4,16.4,13.9,,146,
390,Brenton Bersin\BersBr00,CAR,WR,25,9,2,0,0,0,0,0,0,0,,0,11,9,119,13.22,0,1,1,0,,,10,18.9,22.9,14.4,,153,
391,Michael Burton\BurtMi00,DET,TE,23,16,7,0,0,0,0,0,4,2,0.50,0,6,6,39,6.50,1,0,0,1,,,10,16.1,16.1,13.1,,77,
392,Mike Davis\DaviMi01,SFO,RB,22,6,0,0,0,0,0,0,35,58,1.66,0,13,7,38,5.43,0,0,0,0,,,10,16.6,16.6,13.1,,116,
393,Gavin Escobar\EscoGa00,DAL,TE,24,14,4,0,0,0,0,0,0,0,,0,13,8,64,8.00,1,1,1,1,,,10,18.4,19.4,14.4,,76,
394,Josh Freeman\FreeJo00,IND,QB,27,1,1,15,28,149,1,1,8,24,3.00,0,0,0,0,,0,0,0,0,,,10,10.4,11.4,11.4,,53,
395,Ryan Hewitt\HewiRy00,CIN,TE,24,15,12,0,0,0,0,0,0,0,,0,12,8,99,12.38,0,0,0,0,,,10,17.9,17.9,13.9,,78,
396,Will Johnson\JohnWi00,PIT,RB,26,16,3,0,0,0,0,0,4,7,1.75,1,4,2,16,8.00,0,0,0,1,1,,10,12.3,12.3,11.3,,114,
397,Matt McGloin\McGlMa01,OAK,QB,26,2,0,23,32,142,2,1,0,0,,0,0,0,0,,0,1,1,0,,,10,9.7,11.7,10.7,,55,
398,Dan Orlovsky\OrloDa00,DET,QB,32,2,0,22,40,201,1,1,0,0,,0,0,0,0,,0,0,0,0,,,10,10.0,11.0,11.0,,54,
399,Brian Quick\QuicBr00,STL,WR,26,13,2,0,0,0,0,0,0,0,,0,32,10,102,10.20,0,0,0,0,,,10,20.2,23.2,15.2,,152,
400,Juwan Thompson\ThomJu01,DEN,RB,23,15,1,0,0,0,0,0,18,48,2.67,0,9,6,51,8.50,0,0,0,0,,,10,15.9,15.9,12.9,,115,
401,Wes Welker\WelkWe00,STL,WR,34,8,0,0,0,0,0,0,0,0,,0,22,13,102,7.85,0,0,0,0,,,10,23.2,26.2,16.7,,151,
402,Lucky Whitehead\WhitLu00,DAL,WR,23,15,1,0,0,0,0,0,10,107,10.70,0,8,6,16,2.67,0,1,1,0,,,10,16.3,20.3,13.3,,150,
403,Garrett Graham\GrahGa00,HOU,RB,29,8,2,0,0,0,0,0,0,0,,0,19,4,30,7.50,1,0,0,1,,,9,13.0,13.0,11.0,,117,
404,Colt McCoy\McCoCo00,WAS,QB,29,2,0,7,11,128,1,0,3,-3,-1.00,0,0,0,0,,0,1,0,0,,,9,8.8,8.8,8.8,,56,
405,James O'Shaughnessy\O'ShJa00,KAN,TE,23,7,3,0,0,0,0,0,0,0,,0,9,6,87,14.50,0,0,0,0,,,9,14.7,14.7,11.7,,80,
406,MyCole Pruitt\PruiMy00,MIN,TE,23,16,3,0,0,0,0,0,0,0,,0,16,10,89,8.90,0,0,0,0,,,9,18.9,18.9,13.9,,79,
407,Russell Shepard\ShepRu00,TAM,WR,25,13,2,0,0,0,0,0,0,0,,0,9,3,28,9.33,1,0,0,1,,,9,11.8,11.8,10.3,,154,
408,Jeff Cumberland\CumbJe00,NYJ,TE,28,15,6,0,0,0,0,0,0,0,,0,14,5,77,15.40,0,0,0,0,,,8,12.7,12.7,10.2,,83,
409,Kellen Davis\DaviKe01,NYJ,TE,30,16,9,0,0,0,0,0,0,0,,0,11,3,18,6.00,1,0,0,1,,,8,10.8,10.8,9.3,,82,
410,James Hanna\HannJa00,DAL,TE,26,14,7,0,0,0,0,0,0,0,,0,14,9,79,8.78,0,0,0,0,,,8,16.9,16.9,12.4,,81,
411,Jeff Janis\JaniJe00,GNB,WR,24,16,0,0,0,0,0,0,0,0,,0,12,2,79,39.50,0,0,0,0,,,8,9.9,9.9,8.9,,157,
412,Tre McBride\McBrTr00,TEN,WR,23,7,0,0,0,0,0,0,1,8,8.00,0,4,2,8,4.00,1,0,0,1,,,8,9.6,9.6,8.6,,158,
413,Chris Owusu\OwusCh00,NYJ,WR,25,3,2,0,0,0,0,0,0,0,,0,13,6,80,13.33,0,0,0,0,,,8,14.0,14.0,11.0,,156,
414,Alex Tanney\TannAl00,TEN,QB,28,1,0,10,14,99,1,0,0,0,,0,0,0,0,,0,0,0,0,,,8,8.0,8.0,8.0,,57,
415,Deonte Thompson\ThomDe04,CHI,WR,26,7,0,0,0,0,0,0,0,0,,0,3,2,81,40.50,0,0,0,0,,,8,10.1,10.1,9.1,,155,
416,Zurlon Tipton\TiptZu01,IND,RB,25,10,0,0,0,0,0,0,5,20,4.00,0,8,5,57,11.40,0,0,0,0,,,8,12.7,12.7,10.2,,118,
417,Toby Gerhart\GerhTo00,JAX,RB,28,7,1,0,0,0,0,0,20,44,2.20,0,5,3,23,7.67,0,0,0,0,,,7,9.7,9.7,8.2,,120,
418,Bradley Marquez\MarqBr00,STL,WR,23,16,1,0,0,0,0,0,0,0,,0,22,13,88,6.77,0,1,1,0,,,7,19.8,20.8,13.3,,159,
419,Ryan Nassib\NassRy00,NYG,QB,25,1,0,5,5,68,1,0,0,0,,0,0,0,0,,0,0,0,0,,,7,6.7,6.7,6.7,,58,
420,Zach Zenner\ZennZa00,DET,RB,24,6,1,0,0,0,0,0,17,60,3.53,0,3,2,11,5.50,0,0,0,0,,,7,9.1,9.1,8.1,,119,
421,Tommy Bohanon\BohaTo00,NYJ,RB,25,16,4,0,0,0,0,0,2,2,1.00,0,8,4,56,14.00,0,0,0,0,,,6,9.8,9.8,7.8,,124,
422,Daniel Brown\BrowDa04,BAL,TE,23,6,1,0,0,0,0,0,0,0,,0,11,6,64,10.67,0,0,0,0,,,6,12.4,12.4,9.4,,85,
423,Kaelin Clay\ClayKa00,BAL,,23,7,0,0,0,0,0,0,0,0,,0,0,0,0,,0,0,0,1,,,6,6.0,6.0,6.0,,160,
424,Kellen Clemens\ClemKe00,SDG,QB,32,2,0,5,6,63,1,0,1,-1,-1.00,0,0,0,0,,0,0,0,0,,,6,6.4,6.4,6.4,,59,
425,Jerome Cunningham\CunnJe00,NYG,TE,24,9,3,0,0,0,0,0,0,0,,0,16,8,59,7.38,0,0,0,0,,,6,13.9,13.9,9.9,,88,
426,Jim Dray\DrayJi00,CLE,TE,29,16,10,0,0,0,0,0,0,0,,0,16,6,61,10.17,0,0,0,0,,,6,12.1,12.1,9.1,,86,
427,Daniel Fells\FellDa00,NYG,TE,32,2,1,0,0,0,0,0,0,0,,0,7,6,60,10.00,0,0,0,0,,,6,12.0,12.0,9.0,,87,
428,Corey Fuller\FullCo00,DET,WR,25,12,0,0,0,0,0,0,0,0,,0,9,4,76,19.00,0,1,1,0,,,6,9.6,10.6,7.6,,161,
429,Jarryd Hayne\HaynJa00,SFO,RB,27,8,1,0,0,0,0,0,17,52,3.06,0,7,6,27,4.50,0,3,1,0,,,6,11.9,12.9,8.9,,123,
430,Ryan Lindley\LindRy00,IND,QB,26,1,0,6,10,58,1,0,0,0,,0,0,0,0,,0,0,0,0,,,6,6.3,6.3,6.3,,60,
431,Stepfan Taylor\TaylSt00,ARI,RB,24,16,0,0,0,0,0,0,17,58,3.41,0,3,1,4,4.00,0,0,0,0,,,6,7.2,7.2,6.7,,122,
432,Levine Toilolo\ToilLe00,ATL,TE,24,16,15,0,0,0,0,0,0,0,,0,12,7,44,6.29,0,0,0,0,1,,6,13.4,13.4,9.9,,84,
433,Fitzgerald Toussaint\TousFi00,PIT,RB,25,5,0,0,0,0,0,0,18,42,2.33,0,0,0,0,,0,0,0,0,1,,6,6.2,6.2,6.2,,121,
434,Dwayne Bowe\BoweDw00,CLE,WR,31,7,0,0,0,0,0,0,0,0,,0,13,5,53,10.60,0,0,0,0,,,5,10.3,10.3,7.8,,163,
435,Trey Burton\BurtTr01,PHI,TE,24,16,0,0,0,0,0,0,0,0,,0,4,3,54,18.00,0,0,0,0,,,5,8.4,8.4,6.9,,89,
436,Reggie Bush\BushRe00,SFO,RB,30,5,1,0,0,0,0,0,8,28,3.50,0,10,4,19,4.75,0,0,0,0,,,5,8.7,8.7,6.7,,128,
437,Joey Iosefa\IoseJo00,NWE,RB,24,2,0,0,0,0,0,0,15,51,3.40,0,0,0,0,,0,0,0,0,,,5,5.1,5.1,5.1,,126,
438,Hakeem Nicks\NickHa01,NYG,WR,27,6,2,0,0,0,0,0,0,0,,0,14,7,54,7.71,0,0,0,0,,,5,12.4,12.4,8.9,,162,
439,Josh Robinson\RobiJo02,IND,RB,23,5,0,0,0,0,0,0,17,39,2.29,0,6,6,33,5.50,0,1,1,0,,,5,11.2,12.2,8.2,,125,
440,Jacquizz Rodgers\RodgJa00,CHI,RB,25,5,0,0,0,0,0,0,14,41,2.93,0,3,1,10,10.00,0,0,0,0,,,5,6.1,6.1,5.6,,127,
441,Marcus Murphy\MurpMa03,NOR,RB,24,13,0,0,0,0,0,0,1,0,0.00,0,0,0,0,,0,3,1,1,,,4,4.0,5.0,4.0,,129,
442,Nick O'Leary\OLeaNi00,BUF,RB,23,4,0,0,0,0,0,0,0,0,,0,3,1,37,37.00,0,0,0,0,,,4,4.7,4.7,4.2,,130,
443,Preston Parker\ParkPr00,NYG,WR,28,2,1,0,0,0,0,0,0,0,,0,12,5,43,8.60,0,0,0,0,,,4,9.3,9.3,6.8,,165,
444,Terrelle Pryor\PryoTe00,CLE,WR,26,3,2,0,0,0,0,0,1,-1,-1.00,0,8,1,42,42.00,0,0,0,0,,,4,5.1,5.1,4.6,,166,
445,Paul Richardson\RichPa01,SEA,WR,23,1,0,0,0,0,0,0,0,0,,0,1,1,40,40.00,0,0,0,0,,,4,5.0,5.0,4.5,,168,
446,Greg Salas\SalaGr00,BUF,WR,27,2,0,0,0,0,0,0,0,0,,0,5,3,41,13.67,0,0,0,0,,,4,7.1,7.1,5.6,,167,
447,Kevin Smith\SmitKe04,SEA,WR,24,7,1,0,0,0,0,0,0,0,,0,5,3,43,14.33,0,0,0,0,,,4,7.3,7.3,5.8,,164,
448,Charlie Whitehurst\WhitCh02,2TM,QB,33,5,0,16,32,150,0,1,2,1,0.50,0,0,0,0,,0,0,0,0,,,4,4.1,5.1,5.1,,61,
449,Derrick Coleman\ColeDe00,SEA,RB,25,14,3,0,0,0,0,0,8,32,4.00,0,1,1,0,0.00,0,0,0,0,,,3,4.2,4.2,3.7,,133,
450,B.J. Daniels\DaniB.00,2TM,QB,27,8,0,1,2,7,0,0,6,6,1.00,0,2,2,18,9.00,0,0,0,0,,,3,4.7,4.7,3.7,,62,
451,Cory Harkey\HarkCo00,STL,RB,25,16,5,0,0,0,0,0,0,0,,0,6,5,26,5.20,0,0,0,0,,,3,7.6,7.6,5.1,,135,
452,Rob Housler\HousRo01,2TM,TE,27,10,0,0,0,0,0,0,0,0,,0,7,4,33,8.25,0,0,0,0,,,3,7.3,7.3,5.3,,90,
453,Jay Prosch\ProsJa00,HOU,RB,23,16,2,0,0,0,0,0,6,33,5.50,0,1,0,0,,0,0,0,0,,,3,3.3,3.3,3.3,,132,
454,Andrew Quarless\QuarAn00,GNB,TE,27,5,1,0,0,0,0,0,0,0,,0,5,4,31,7.75,0,0,0,0,,,3,7.1,7.1,5.1,,91,
455,Anthony Sherman\SherAn00,KAN,RB,27,16,2,0,0,0,0,0,1,0,0.00,0,5,4,34,8.50,0,0,0,0,,,3,7.4,7.4,5.4,,131,
456,Andrew Turzilli\TurzAn00,TEN,WR,24,3,0,0,0,0,0,0,0,0,,0,2,2,25,12.50,0,0,0,0,,,3,4.5,4.5,3.5,,169,
457,Michael Williams\WillMi06,NWE,TE,25,15,9,0,0,0,0,0,0,0,,0,6,3,26,8.67,0,0,0,0,,,3,5.6,5.6,4.1,,92,
458,Darrel Young\YounDa01,WAS,RB,28,16,3,0,0,0,0,0,6,10,1.67,0,6,6,22,3.67,0,1,0,0,,,3,9.2,9.2,6.2,,134,
459,Mario Alford\AlfoMa00,CIN,WR,23,1,0,0,0,0,0,0,0,0,,0,1,1,15,15.00,0,0,0,0,,,2,2.5,2.5,2.0,,176,
460,Malcolm Brown\BrowMa03,STL,RB,22,1,0,0,0,0,0,0,4,17,4.25,0,1,1,-2,-2.00,0,0,0,0,,,2,2.5,2.5,2.0,,143,
461,Vincent Brown\BrowVi00,SDG,WR,26,1,0,0,0,0,0,0,0,0,,0,2,1,22,22.00,0,0,0,0,,,2,3.2,3.2,2.7,,172,
462,John Crockett\CrocJo00,GNB,RB,23,2,0,0,0,0,0,0,9,21,2.33,0,0,0,0,,0,0,0,0,,,2,2.1,2.1,2.1,,137,
463,Geremy Davis\DaviGe00,NYG,WR,23,10,0,0,0,0,0,0,0,0,,0,3,2,21,10.50,0,0,0,0,,,2,4.1,4.1,3.1,,173,
464,Marquise Goodwin\GoodMa00,BUF,WR,25,2,0,0,0,0,0,0,0,0,,0,2,2,24,12.00,0,0,0,0,,,2,4.4,4.4,3.4,,170,
465,T.J. Graham\GrahT.00,NOR,WR,26,4,1,0,0,0,0,0,0,0,,0,4,4,24,6.00,0,0,0,0,,,2,6.4,6.4,4.4,,171,
466,Alonzo Harris\HarrAl00,GNB,RB,23,6,0,0,0,0,0,0,4,19,4.75,0,1,0,0,,0,0,0,0,,,2,1.9,1.9,1.9,,139,
467,Malcolm Johnson\JohnMa06,CLE,RB,23,12,5,0,0,0,0,0,0,0,,0,6,4,15,3.75,0,0,0,0,,,2,5.5,5.5,3.5,,144,
468,Matt LaCosse\LaCoMa00,NYG,TE,23,2,0,0,0,0,0,0,0,0,,0,3,3,22,7.33,0,0,0,0,,,2,5.2,5.2,3.7,,93,
469,Tyler Murphy\MurpTy00,PIT,WR,23,2,0,0,0,0,0,0,0,0,,0,1,1,16,16.00,0,0,0,0,,,2,2.6,2.6,2.1,,175,
470,Roosevelt Nix\NixxRo01,PIT,RB,23,15,4,0,0,0,0,0,0,0,,0,3,2,16,8.00,0,0,0,0,,,2,3.6,3.6,2.6,,142,
471,Bernard Pierce\PierBe00,JAX,RB,24,7,0,0,0,0,0,0,6,11,1.83,0,5,3,7,2.33,0,0,0,0,,,2,4.8,4.8,3.3,,141,
472,Aaron Ripkowski\RipkAa00,GNB,RB,23,15,0,0,0,0,0,0,0,0,,0,1,1,18,18.00,0,0,0,0,,,2,2.8,2.8,2.3,,140,
473,Jordan Todman\TodmJo00,PIT,RB,25,11,0,0,0,0,0,0,4,22,5.50,0,2,0,0,,0,0,0,0,,,2,2.2,2.2,2.2,,136,
474,Tyler Varga\VargTy00,IND,RB,22,3,0,0,0,0,0,0,1,2,2.00,0,2,1,18,18.00,0,0,0,0,,,2,3.0,3.0,2.5,,138,
475,Darren Waller\WallDa01,BAL,TE,23,6,1,0,0,0,0,0,0,0,,0,6,2,18,9.00,0,0,0,0,,,2,3.8,3.8,2.8,,94,
476,Eric Weems\WeemEr00,ATL,WR,30,16,0,0,0,0,0,0,1,4,4.00,0,1,1,11,11.00,0,0,0,0,,,2,2.5,2.5,2.0,,177,
477,DeAndrew White\WhitDe01,SFO,WR,24,4,0,0,0,0,0,0,0,0,,0,2,2,18,9.00,0,1,0,0,,,2,3.8,3.8,2.8,,174,
478,Derek Anderson\AndeDe00,CAR,QB,32,3,0,4,6,36,0,0,7,-2,-0.29,0,0,0,0,,0,1,0,0,,,1,1.2,1.2,1.2,,63,
479,E.J. Bibbs\BibbE.00,CLE,TE,24,7,0,0,0,0,0,0,0,0,,0,2,1,7,7.00,0,0,0,0,,,1,1.7,1.7,1.2,,99,
480,Sammie Coates\CoatSa00,PIT,WR,22,6,0,0,0,0,0,0,0,0,,0,2,1,11,11.00,0,0,0,0,,,1,2.1,2.1,1.6,,180,
481,Ben Edwards\EdwaBe00,NYG,WR,23,2,0,0,0,0,0,0,0,0,,0,2,1,9,9.00,0,0,0,0,,,1,1.9,1.9,1.4,,182,
482,Jerome Felton\FeltJe00,BUF,RB,29,16,8,0,0,0,0,0,1,2,2.00,0,2,1,12,12.00,0,0,0,0,,,1,2.4,2.4,1.9,,146,
483,Brittan Golden\GoldBr00,ARI,WR,27,14,0,0,0,0,0,0,0,0,,0,1,1,5,5.00,0,1,0,0,,,1,1.5,1.5,1.0,,186,
484,Tarvaris Jackson\JackTa00,SEA,QB,32,4,0,4,6,37,0,0,8,-8,-1.00,0,0,0,0,,0,0,0,0,,,1,0.7,0.7,0.7,,65,
485,Nic Jacobs\JacoNi00,JAX,TE,24,11,2,0,0,0,0,0,0,0,,0,3,1,6,6.00,0,0,0,0,,,1,1.6,1.6,1.1,,102,
486,Damaris Johnson\JohnDa04,NWE,WR,26,1,0,0,0,0,0,0,1,6,6.00,0,0,0,0,,0,0,0,0,,,1,0.6,0.6,0.6,,185,
487,Jonathan Krause\KrauJo00,PHI,WR,23,2,0,0,0,0,0,0,0,0,,0,4,2,11,5.50,0,0,0,0,,,1,3.1,3.1,2.1,,181,
488,Jorvorskie Lane\LaneJo00,TAM,TE,28,16,6,0,0,0,0,0,1,0,0.00,0,2,2,13,6.50,0,0,0,0,,,1,3.3,3.3,2.3,,95,
489,Khari Lee\LeexKh00,CHI,TE,23,16,7,0,0,0,0,0,0,0,,0,3,1,7,7.00,0,0,0,0,,,1,1.7,1.7,1.2,,100,
490,Terrence Magee\MageTe00,BAL,RB,22,4,0,0,0,0,0,0,2,5,2.50,0,1,1,2,2.00,0,0,0,0,,,1,1.7,1.7,1.2,,150,
491,Sean Mannion\MannSe00,STL,QB,23,1,0,6,7,31,0,0,0,0,,0,0,0,0,,0,0,0,0,,,1,1.2,1.2,1.2,,64,
492,Brian Parker\ParkBr00,KAN,TE,23,9,0,0,0,0,0,0,0,0,,0,2,1,6,6.00,0,0,0,0,,,1,1.6,1.6,1.1,,101,
493,Bobby Rainey\RainBo00,TAM,RB,28,16,0,0,0,0,0,0,5,18,3.60,0,3,3,16,5.33,0,8,1,0,,,1,4.4,5.4,2.9,,145,
494,Scott Simonson\SimoSc00,CAR,TE,23,9,0,0,0,0,0,0,0,0,,0,1,1,10,10.00,0,0,0,0,,,1,2.0,2.0,1.5,,98,
495,Antone Smith\SmitAn01,CHI,RB,30,5,0,0,0,0,0,0,1,11,11.00,0,0,0,0,,0,0,0,0,,,1,1.1,1.1,1.1,,149,
496,Rod Smith\SmitRo06,2TM,RB,23,11,0,0,0,0,0,0,2,5,2.50,0,2,1,6,6.00,0,0,0,0,,,1,2.1,2.1,1.6,,148,
497,Matt Spaeth\SpaeMa00,PIT,TE,32,13,7,0,0,0,0,0,0,0,,0,3,2,10,5.00,0,0,0,0,,,1,3.0,3.0,2.0,,97,
498,Rod Streater\StreRo00,OAK,WR,27,1,0,0,0,0,0,0,0,0,,0,1,1,8,8.00,0,0,0,0,,,1,1.8,1.8,1.3,,184,
499,Phillip Supernaw\SupePh00,TEN,TE,25,16,1,0,0,0,0,0,0,0,,0,4,3,32,10.67,0,1,1,0,,,1,4.2,5.2,2.7,,96,
500,Tony Washington\WashTo00,JAX,WR,23,4,0,0,0,0,0,0,1,8,8.00,0,0,0,0,,0,0,0,0,,,1,0.8,0.8,0.8,,183,
501,Kasen Williams\WillKa02,SEA,WR,23,2,0,0,0,0,0,0,1,5,5.00,0,1,1,8,8.00,0,0,0,0,,,1,2.3,2.3,1.8,,179,
502,Trey Williams\WillTr03,IND,RB,23,2,0,0,0,0,0,0,2,12,6.00,0,0,0,0,,0,0,0,0,,,1,1.2,1.2,1.2,,147,
503,Chandler Worthy\WortCh00,HOU,WR,22,3,0,0,0,0,0,0,0,0,,0,4,3,14,4.67,0,1,0,0,,,1,4.4,4.4,2.9,,178,
504,Seyi Ajirotutu\AjirSe00,PHI,WR,28,13,0,0,0,0,0,0,0,0,,0,3,1,4,4.00,0,0,0,0,,,,1.4,1.4,0.9,,187,
505,Dri Archer\ArchDr00,PIT,,24,8,0,0,0,0,0,0,0,0,,0,0,0,0,,0,0,0,0,,,,,,,,196,
506,Kennard Backman\BackKe00,GNB,,22,7,0,0,0,0,0,0,0,0,,0,0,0,0,,0,0,0,0,,,,,,,,115,
507,Joe Banyard\BanyJo00,JAX,,27,5,0,0,0,0,0,0,0,0,,0,0,0,0,,0,0,0,0,,,,,,,,158,
508,Kapri Bibbs\BibbKa00,DEN,,22,1,0,0,0,0,0,0,0,0,,0,0,0,0,,0,0,0,0,,,,,,,,155,
509,Allen Bradford\BradAl00,ATL,,27,6,0,0,0,0,0,0,0,0,,0,0,0,0,,0,0,0,0,,,,,,,,157,
510,Quan Bray\BrayQu00,IND,,22,9,0,0,0,0,0,0,0,0,,0,0,0,0,,0,0,0,0,,,,,,,,197,
511,Richie Brockel\BrocRi00,CAR,,29,2,0,0,0,0,0,0,0,0,,0,0,0,0,,0,0,0,0,,,,,,,,2,
512,James Casey\CaseJa00,DEN,,31,3,0,0,0,0,0,0,0,0,,0,0,0,0,,0,0,0,0,,,,,,,,121,
513,Asante Cleveland\ClevAs00,NWE,TE,23,4,1,0,0,0,0,0,0,0,,0,1,1,1,1.00,0,0,0,0,,,,1.1,1.1,0.6,,107,
514,Tyler Clutts\ClutTy00,DAL,RB,31,16,5,0,0,0,0,0,0,0,,0,1,1,4,4.00,0,0,0,0,,,,1.4,1.4,0.9,,151,
515,Justice Cunningham\CunnJu00,STL,,24,2,0,0,0,0,0,0,0,0,,0,0,0,0,,0,0,0,0,,,,,,,,124,
516,Chase Daniel\DaniCh00,KAN,QB,29,2,0,2,2,4,0,0,2,-2,-1.00,0,0,0,0,,0,0,0,0,,,,,,,,69,
517,Anthony Denham\DenhAn00,HOU,,24,1,0,0,0,0,0,0,0,0,,0,0,0,0,,0,0,0,0,,,,,,,,113,
518,Jimmy Garoppolo\GaroJi00,NWE,QB,24,5,0,1,4,6,0,0,5,-5,-1.00,0,0,0,0,,0,0,0,0,,,,-0.3,-0.3,-0.3,,71,
519,Richard Gordon\GordRi00,DEN,,28,1,0,0,0,0,0,0,0,0,,0,0,0,0,,0,0,0,0,,,,,,,,110,
520,Garrett Grayson\GrayGa00,NOR,,24,1,0,0,0,0,0,0,0,0,,0,0,0,0,,0,0,0,0,,,,,,,,68,
521,MarQueis Gray\GrayMa00,BUF,TE,26,4,0,0,0,0,0,0,0,0,,0,1,1,2,2.00,0,0,0,0,,,,1.2,1.2,0.7,,106,
522,Saalim Hakim\HakiSa00,KAN,,25,2,0,0,0,0,0,0,0,0,,0,0,0,0,,0,0,0,0,,,,,,,,191,
523,Rannell Hall\HallRa02,CLE,,22,1,0,0,0,0,0,0,0,0,,0,0,0,0,,0,0,0,0,,,,,,,,192,
524,Je'Ron Hamm\HammJe01,WAS,,23,1,0,0,0,0,0,0,0,0,,0,0,0,0,,0,0,0,0,,,,,,,,111,
525,Clark Harris\HarrCl20,CIN,,31,16,0,0,0,0,0,0,0,0,,0,0,0,0,,0,0,0,0,,,,,,,,116,
526,Matt Hazel\HazeMa01,MIA,,23,5,1,0,0,0,0,0,0,0,,0,1,0,0,,0,0,0,0,,,,,,,,194,
527,Mitchell Henry\HenrMi00,DEN,,23,2,0,0,0,0,0,0,0,0,,0,,0,0,,0,0,0,0,,,,,,,,114,
528,Shaun Hill\HillSh00,MIN,QB,35,3,0,2,7,15,0,0,4,-5,-1.25,0,0,0,0,,0,0,0,0,,,,0.1,0.1,0.1,,67,
529,LaMichael James\JameLa00,MIA,,26,1,0,0,0,0,0,0,0,0,,0,0,0,0,,0,1,0,0,,,,,,,,159,
530,Marcel Jensen\JensMa01,WAS,,25,1,0,0,0,0,0,0,0,0,,0,0,0,0,,0,0,0,0,,,,,,,,126,
531,Seantavius Jones\JoneSe01,NOR,,23,3,0,0,0,0,0,0,0,0,,0,1,0,0,,0,0,0,0,,,,,,,,190,
532,Mike Leach\LeacMi00,ARI,,39,16,0,0,0,0,0,0,0,0,,0,0,0,0,,0,0,0,0,,,,,,,,118,
533,Brian Leonhardt\LeonBr01,SFO,TE,25,4,0,0,0,0,0,0,0,0,,0,1,1,4,4.00,0,0,0,0,,,,1.4,1.4,0.9,,103,
534,Dezmin Lewis\LewiDe02,BUF,,23,1,0,0,0,0,0,0,0,0,,0,0,0,0,,0,0,0,0,,,,,,,,189,
535,Tony Lippett\LippTo00,MIA,,23,9,0,0,0,0,0,0,0,0,,0,0,0,0,,0,0,0,0,,,,,,,,198,
536,Vince Mayle\MaylVi00,DAL,,24,1,0,0,0,0,0,0,0,0,,0,1,0,0,,0,0,0,0,,,,,,,,202,
537,Anthony McCoy\McCoAn00,2TM,,28,7,3,0,0,0,0,0,0,0,,0,0,0,0,,0,0,0,0,,,,,,,,125,
538,Matt Moore\MoorMa01,MIA,QB,31,1,0,1,1,14,0,0,3,-2,-0.67,0,0,0,0,,0,0,0,0,,,,0.4,0.4,0.4,,66,
539,Matthew Mulligan\MullMa00,BUF,TE,30,12,5,0,0,0,0,0,0,0,,0,1,1,2,2.00,0,0,0,0,,,,1.2,1.2,0.7,,105,
540,Kevin Norwood\NorwKe00,CAR,,26,1,0,0,0,0,0,0,0,0,,0,1,0,0,,0,0,0,0,,,,,,,,203,
541,Toben Opurum\OpurTo00,NOR,,25,2,0,0,0,0,0,0,0,0,,0,0,0,0,,0,0,0,0,,,,,,,,3,
542,Bear Pascoe\PascBe00,DET,,29,3,0,0,0,0,0,0,0,0,,0,0,0,0,,0,0,0,0,,,,,,,,108,
543,Cedric Peerman*\PeerCe00,CIN,,29,16,0,0,0,0,0,0,0,0,,0,0,0,0,,0,0,0,0,,,,,,,,156,
544,Walt Powell\PoweWa00,BUF,,24,2,0,0,0,0,0,0,0,0,,0,0,0,0,,0,0,0,0,,,,,,,,200,
545,Rico Richardson\RichRi00,TEN,,24,5,0,0,0,0,0,0,0,0,,0,5,0,0,,0,0,0,0,,,,,,,,195,
546,Wes Saxton\SaxtWe01,NYJ,,22,1,0,0,0,0,0,0,0,0,,0,0,0,0,,0,0,0,0,,,,,,,,122,
547,Mickey Shuler\ShulMi01,ATL,,29,1,0,0,0,0,0,0,0,0,,0,0,0,0,,0,0,0,0,,,,,,,,112,
548,Trevor Siemian\SiemTr00,DEN,QB,24,1,0,0,0,0,0,0,1,-1,-1.00,0,0,0,0,,0,0,0,0,,,,-0.1,-0.1,-0.1,,70,
549,Matthew Slater*\SlatMa00,NWE,,30,16,0,0,0,0,0,0,0,0,,0,1,0,0,,0,0,0,0,,,,,,,,188,
550,Alex Smith\SmitAl02,WAS,,33,3,1,0,0,0,0,0,0,0,,0,2,0,0,,0,0,0,0,,,,,,,,117,
551,Dreamius Smith\SmitDr02,SDG,,23,2,0,0,0,0,0,0,0,0,,0,0,0,0,,0,0,0,0,,,,,,,,160,
552,Nate Solder\SoldNa00,NWE,,27,4,4,0,0,0,0,0,0,0,,0,0,0,0,,0,0,0,0,,,,,,,,120,
553,Evan Spencer\SpenEv00,TAM,,22,1,0,0,0,0,0,0,0,0,,0,0,0,0,,0,0,0,0,,,,,,,,201,
554,Neal Sterling\SterNe00,JAX,,23,9,0,0,0,0,0,0,0,0,,0,0,0,0,,0,0,0,0,,,,,,,,199,
555,Geoff Swaim\SwaiGe00,DAL,TE,22,4,1,0,0,0,0,0,0,0,,0,1,1,0,0.00,0,0,0,0,,,,1.0,1.0,0.5,,119,
556,Erik Swoope\SwooEr00,IND,,23,1,0,0,0,0,0,0,0,0,,0,0,0,0,,0,0,0,0,,,,,,,,123,
557,Nick Toon\ToonNi00,STL,,27,1,0,0,0,0,0,0,0,0,,0,0,0,0,,0,0,0,0,,,,,,,,193,
558,C.J. Uzomah\UzomC.00,CIN,TE,22,5,0,0,0,0,0,0,0,0,,0,1,1,4,4.00,0,0,0,0,,,,1.4,1.4,0.9,,104,
559,Trey Watts\WattTr00,STL,,24,1,0,0,0,0,0,0,0,0,,0,0,0,0,,0,0,0,0,,,,,,,,153,
560,Joe Webb\WebbJo00,CAR,WR,29,16,0,0,0,0,0,0,1,-1,-1.00,0,0,0,0,,0,0,0,0,,,,-0.1,-0.1,-0.1,,204,
561,Brandon Wegher\WeghBr00,CAR,,25,1,0,0,0,0,0,0,0,0,,0,0,0,0,,0,0,0,0,,,,,,,,154,
562,Nikita Whitlock\WhitNi01,NYG,,24,14,5,0,0,0,0,0,0,0,,0,0,0,0,,0,0,0,0,,,,,,,,1,
563,Brandon Williams\WillBr04,2TM,,28,6,0,0,0,0,0,0,0,0,,0,0,0,0,,0,0,0,0,,,,,,,,109,
564,George Winn\WinnGe00,DET,RB,25,7,0,0,0,0,0,0,4,1,0.25,0,0,0,0,,0,0,0,0,,,,0.1,0.1,0.1,,152,
565,Cierre Wood\WoodCi00,BUF,RB,24,2,0,0,0,0,0,0,2,3,1.50,0,1,1,-6,-6.00,0,0,0,0,,,,0.7,0.7,0.2,,161,
566,Corey Grant\GranCo00,JAX,RB,24,6,0,0,0,0,0,0,6,2,0.33,0,3,2,13,6.50,0,1,1,0,,,-1,1.5,2.5,0.5,,162,
567,Chris Harper\HarpCh01,NWE,WR,22,5,0,0,0,0,0,0,0,0,,0,3,1,6,6.00,0,1,1,0,,,-1,-0.4,0.6,-0.9,,205,
568,David Johnson\JohnDa05,SDG,TE,28,16,4,0,0,0,0,0,2,4,2.00,0,2,1,4,4.00,0,1,1,0,,,-1,-0.2,0.8,-0.7,,127,
569,Drew Stanton\StanDr00,ARI,QB,31,7,0,11,25,104,0,2,13,-13,-1.00,0,0,0,0,,0,0,0,0,,,-1,-1.1,0.9,0.9,,72,
570,Frankie Hammond\HammFr00,KAN,,25,9,0,0,0,0,0,0,0,0,,0,0,0,0,,0,2,1,0,,,-2,-2.0,-1.0,-2.0,,206,
571,Raheem Mostert\MostRa00,3TM,,23,11,0,0,0,0,0,0,0,0,,0,0,0,0,,0,1,1,0,,,-2,-2.0,-1.0,-2.0,,164,
572,Isaiah Pead\PeadIs00,STL,RB,26,2,0,0,0,0,0,0,2,3,1.50,0,0,0,0,,0,1,1,0,,,-2,-1.7,-0.7,-1.7,,163,
573,Sean Renfree\RenfSe00,ATL,QB,25,2,0,3,7,11,0,1,1,-4,-4.00,0,0,0,0,,0,0,0,0,,,-2,-2.0,-1.0,-1.0,,73,
574,Glenn Winston\WinsGl00,CLE,RB,26,3,0,0,0,0,0,0,1,-8,-8.00,0,0,0,0,,0,1,1,0,,,-3,-2.8,-1.8,-2.8,,165,