,,,,,Games,Games,Passing,Passing,Passing,Passing,Passing,Rushing,Rushing,Rushing,Rushing,Receiving,Receiving,Receiving,Receiving,Receiving,Fumbles,Fumbles,Scoring,Scoring,Scoring,Fantasy,Fantasy,Fantasy,Fantasy,Fantasy,Fantasy,Fantasy
Rk,Player,Tm,FantPos,Age,G,GS,Cmp,Att,Yds,TD,Int,Att,Yds,Y/A,TD,Tgt,Rec,Yds,Y/R,TD,Fmb,FL,TD,2PM,2PP,FantPt,PPR,DKPt,FDPt,VBD,PosRank,OvRank
1,David Johnson*+\JohnDa08,ARI,RB,25,16,16,0,0,0,0,0,293,1239,4.23,16,120,80,879,10.99,4,5,3,20,1,,328,407.8,416.8,367.8,191,1,1
2,Ezekiel Elliott*+\ElliEz00,DAL,RB,21,15,15,0,0,0,0,0,322,1631,5.07,15,39,32,363,11.34,1,5,1,16,,,293,325.4,332.4,309.4,156,2,2
3,Aaron Rodgers *\RodgAa00,GNB,QB,33,16,16,401,610,4428,40,7,67,369,5.51,4,0,0,0,,0,8,4,4,1,1,380,380.0,397.0,387.0,119,1,3
4,LeSean McCoy*\McCoLe01,BUF,RB,28,15,15,0,0,0,0,0,234,1267,5.41,13,57,50,356,7.12,1,3,0,14,1,,248,298.3,304.3,273.3,111,3,4
5,Le'Veon Bell*\BellLe00,PIT,RB,24,12,12,0,1,0,0,0,261,1268,4.86,7,94,75,616,8.21,2,4,1,9,1,,242,317.4,324.4,279.9,105,4,5
6,DeMarco Murray*\MurrDe00,TEN,RB,28,16,16,1,2,10,1,0,293,1287,4.39,9,67,53,377,7.11,3,3,1,12,,,241,293.8,300.8,267.3,104,5,6
7,Devonta Freeman *\FreeDe00,ATL,RB,24,16,16,0,0,0,0,0,227,1079,4.75,11,65,54,462,8.56,2,1,1,13,,,230,284.1,291.1,257.1,93,6,7
8,LeGarrette Blount\BlouLe00,NWE,RB,30,16,8,0,0,0,0,0,299,1161,3.88,18,8,7,38,5.43,0,2,1,18,,,226,232.9,236.9,229.4,89,7,8
9,Matt Ryan*+\RyanMa00,ATL,QB,31,16,16,373,534,4944,38,7,35,117,3.34,0,0,0,0,,0,4,2,0,1,1,347,347.5,362.5,354.5,87,2,9
10,Mike Evans*\EvanMi00,TAM,WR,23,16,16,0,0,0,0,0,0,0,,0,173,96,1321,13.76,12,0,0,12,2,,208,304.1,307.1,256.1,82,1,10
11,Jordy Nelson\NelsJo00,GNB,WR,31,16,16,0,0,0,0,0,0,0,,0,152,97,1257,12.96,14,1,1,14,,,208,304.7,308.7,256.2,82,2,11
12,Antonio Brown *+\BrowAn04,PIT,WR,28,15,15,0,0,0,0,0,3,9,3.00,0,154,106,1284,12.11,12,0,0,12,,,201,307.3,310.3,254.3,75,3,12
13,Melvin Gordon*\GordMe00,SDG,RB,23,13,11,0,0,0,0,0,254,997,3.93,10,57,41,419,10.22,2,2,2,12,,,210,250.6,258.6,230.1,73,8,13
14,Drew Brees*\BreeDr00,NOR,QB,37,16,16,471,673,5208,37,15,23,20,0.87,2,0,0,0,,0,5,4,2,,,332,332.3,354.3,347.3,72,3,14
15,Odell Beckham Jr.*\BeckOd00,NYG,WR,24,16,16,0,0,0,0,0,1,9,9.00,0,169,101,1367,13.53,10,3,1,10,,,196,296.6,300.6,246.1,69,4,15
16,Jordan Howard*\HowaJo00,CHI,RB,22,15,13,0,0,0,0,0,252,1313,5.21,6,50,29,298,10.28,1,2,1,7,,,201,230.1,237.1,215.6,64,9,16
17,Mark Ingram\IngrMa01,NOR,RB,27,16,14,0,0,0,0,0,205,1043,5.09,6,58,46,319,6.93,4,2,2,10,2,,196,242.2,250.2,219.2,59,10,17
18,T.Y. Hilton*\HiltT.00,IND,WR,27,16,16,0,0,0,0,0,0,0,,0,155,91,1448,15.91,6,0,0,6,1,,183,273.8,276.8,228.3,57,5,18
19,Jay Ajayi*\AjayJa00,MIA,RB,23,15,12,0,0,0,0,0,260,1272,4.89,8,35,27,151,5.59,0,4,1,8,,,188,215.3,222.3,201.8,51,11,19
20,Travis Kelce*+\KelcTr00,KAN,TE,27,16,15,0,0,0,0,0,1,-5,-5.00,0,117,85,1125,13.24,4,0,0,4,1,,138,223.0,226.0,180.5,51,1,20
21,Julio Jones *+\JoneJu02,ATL,WR,27,14,14,0,0,0,0,0,0,0,,0,129,83,1409,16.98,6,0,0,6,,,177,259.9,262.9,218.4,51,6,21
22,Andrew Luck\LuckAn00,IND,QB,27,15,15,346,545,4240,31,13,64,341,5.33,2,0,0,0,,0,6,5,2,,2,308,307.7,331.7,320.7,47,4,22
23,Davante Adams\AdamDa01,GNB,WR,24,16,15,0,0,0,0,0,0,0,,0,121,75,997,13.29,12,2,1,12,1,,172,246.7,250.7,209.2,46,7,23
24,Brandin Cooks\CookBr00,NOR,WR,23,16,12,0,0,0,0,0,6,30,5.00,0,117,78,1173,15.04,8,1,0,8,,,168,246.3,249.3,207.3,42,8,24
25,Greg Olsen*\OlseGr00,CAR,TE,31,16,16,0,0,0,0,0,0,0,,0,129,80,1073,13.41,3,0,0,3,1,,127,207.3,210.3,167.3,40,2,25
26,Kirk Cousins *\CousKi00,WAS,QB,28,16,16,406,606,4917,25,12,34,96,2.82,4,0,0,0,,0,9,3,4,,,300,300.3,318.3,312.3,40,5,26
27,Frank Gore\GoreFr00,IND,RB,33,16,16,0,0,0,0,0,263,1025,3.90,4,47,38,277,7.29,4,2,1,8,,,176,214.2,221.2,195.2,39,12,27
28,Kyle Rudolph\RudoKy00,MIN,TE,27,16,16,0,0,0,0,0,0,0,,0,132,83,840,10.12,7,0,0,7,,,126,209.0,212.0,167.5,39,3,28
29,Latavius Murray\MurrLa00,OAK,RB,26,14,12,0,0,0,0,0,195,788,4.04,12,43,33,264,8.00,0,2,1,12,,,175,208.2,215.2,191.7,38,13,29
30,Michael Thomas\ThomMi05,NOR,WR,23,15,12,0,0,0,0,0,0,0,,0,121,92,1137,12.36,9,2,2,9,,,164,255.7,260.7,209.7,38,9,30
31,Jimmy Graham*\GrahJi00,SEA,TE,30,16,15,0,0,0,0,0,1,0,0.00,0,95,65,923,14.20,6,2,2,6,,,124,189.3,194.3,156.8,37,4,31
32,Delanie Walker*\WalkHu00,TEN,TE,32,15,9,0,0,0,0,0,2,11,5.50,0,102,65,800,12.31,7,1,0,7,,,123,188.1,191.1,155.6,36,5,32
33,Doug Baldwin *\BaldDo00,SEA,WR,28,16,15,1,1,15,1,0,3,2,0.67,0,125,94,1128,12.00,7,1,0,7,,,160,253.6,256.6,206.6,33,10,33
34,Tyreek Hill*+\HillTy00,KAN,WR,22,16,1,0,0,0,0,0,24,267,11.13,3,83,61,593,9.72,6,4,1,12,,,156,217.0,224.0,186.5,30,11,34
35,Isaiah Crowell\CrowIs00,CLE,RB,23,16,16,0,0,0,0,0,198,952,4.81,7,53,40,319,7.98,0,2,2,7,,,165,205.1,213.1,185.1,28,15,35
36,Carlos Hyde\HydeCa00,SFO,RB,26,13,13,0,0,0,0,0,217,988,4.55,6,33,27,163,6.04,3,5,3,9,1,,165,192.1,201.1,178.6,28,14,36
37,Cameron Brate\BratCa00,TAM,TE,25,15,10,0,0,0,0,0,0,0,,0,81,57,660,11.58,8,1,0,8,,,114,171.0,174.0,142.5,27,6,37
38,Dak Prescott *\PresDa01,DAL,QB,23,16,16,311,459,3667,23,4,57,282,4.95,6,0,0,0,,0,9,4,6,,,287,286.9,300.9,290.9,26,6,38
39,Martellus Bennett\BennMa00,NWE,TE,29,16,12,0,0,0,0,0,2,10,5.00,0,73,55,701,12.75,7,0,0,7,,,113,168.1,171.1,140.6,26,7,39
40,Michael Crabtree\CrabMi00,OAK,WR,29,16,16,0,0,0,0,0,0,0,,0,145,89,1003,11.27,8,2,0,8,1,,150,239.3,242.3,194.8,24,12,40
41,Spencer Ware\WareSp00,KAN,RB,25,14,14,0,0,0,0,0,214,921,4.30,3,42,33,447,13.55,2,4,3,5,,,161,193.8,202.8,177.3,24,16,41
42,Amari Cooper*\CoopAm00,OAK,WR,22,16,14,0,0,0,0,0,1,0,0.00,0,132,83,1153,13.89,5,2,0,5,2,,149,232.3,235.3,190.8,23,13,42
43,Lamar Miller\MillLa01,HOU,RB,25,14,14,0,0,0,0,0,268,1073,4.00,5,39,31,188,6.06,1,2,1,6,,,160,191.1,198.1,175.6,23,17,43
44,Tevin Coleman\ColeTe01,ATL,RB,23,13,0,0,0,0,0,0,118,520,4.41,8,40,31,421,13.58,3,1,0,11,,,160,191.1,197.1,175.6,23,18,44
45,Tyrell Williams\WillTy00,SDG,WR,24,16,12,0,0,0,0,0,0,0,,0,119,69,1059,15.35,7,0,0,7,,,148,216.9,219.9,182.4,22,14,45
46,Rishard Matthews\MattRi00,TEN,WR,27,16,9,0,0,0,0,0,0,0,,0,108,65,945,14.54,9,1,1,9,,,147,211.5,215.5,179.0,20,15,46
47,Matthew Stafford\StafMa00,DET,QB,28,16,16,388,594,4327,24,10,37,207,5.59,2,1,0,0,,0,3,2,2,,1,280,279.8,297.8,289.8,19,7,47
48,Jeremy Hill\HillJe01,CIN,RB,24,15,13,0,0,0,0,0,222,839,3.78,9,27,21,174,8.29,0,0,0,9,,,155,176.3,182.3,165.8,18,19,48
49,Zach Ertz\ErtzZa00,PHI,TE,26,14,12,0,0,0,0,0,0,0,,0,106,78,816,10.46,4,0,0,4,,,106,183.6,186.6,144.6,18,8,49
50,Todd Gurley\GurlTo01,LAR,RB,22,16,16,0,0,0,0,0,278,885,3.18,6,58,43,327,7.60,0,2,1,6,,,155,198.2,205.2,176.7,18,20,50
51,Matt Forte\FortMa00,NYJ,RB,31,14,13,0,0,0,0,0,218,813,3.73,7,43,30,263,8.77,1,1,1,8,,,154,183.6,190.6,168.6,17,21,51
52,Jordan Reed*\ReedJo02,WAS,TE,26,12,8,0,0,0,0,0,0,0,,0,89,66,686,10.39,6,1,1,6,,,103,168.6,172.6,135.6,15,9,52
53,Jarvis Landry *\LandJa00,MIA,WR,24,16,16,0,1,0,0,0,5,17,3.40,0,131,94,1136,12.09,4,2,2,4,1,,137,231.3,236.3,184.3,11,16,53
54,Larry Fitzgerald*\FitzLa00,ARI,WR,33,16,16,0,1,0,0,0,2,5,2.50,0,150,107,1023,9.56,6,2,1,6,,,137,243.8,247.8,190.3,11,17,54
55,Tyrod Taylor\TaylTy00,BUF,QB,27,15,15,269,436,3023,17,6,95,580,6.11,6,0,0,0,,0,4,2,6,1,1,271,270.9,284.9,276.9,10,8,55
56,Terrelle Pryor\PryoTe00,CLE,WR,27,16,15,5,9,41,0,0,8,21,2.63,1,140,77,1007,13.08,4,1,0,5,1,,136,213.4,216.4,174.9,10,18,56
57,Demaryius Thomas*\ThomDe03,DEN,WR,29,16,16,0,0,0,0,0,0,0,,0,144,90,1083,12.03,5,2,2,5,,1,136,226.3,231.3,181.3,10,19,57
58,Blake Bortles\BortBl00,JAX,QB,24,16,16,368,625,3905,23,16,58,359,6.19,3,1,1,20,20.00,1,8,6,4,1,1,270,271.1,299.1,286.6,9,9,58
59,Kelvin Benjamin\BenjKe00,CAR,WR,25,16,13,0,0,0,0,0,0,0,,0,118,63,941,14.94,7,1,1,7,,,134,197.1,201.1,165.6,8,20,59
60,Derek Carr*\CarrDe02,OAK,QB,25,15,15,357,560,3937,28,6,39,70,1.79,0,0,0,0,,0,5,3,0,,5,268,268.5,280.5,274.5,8,10,60
61,Antonio Gates\GateAn00,SDG,TE,36,14,9,0,0,0,0,0,0,0,,0,93,53,548,10.34,7,1,1,7,,,95,147.8,151.8,121.3,8,10,61
62,Russell Wilson\WilsRu00,SEA,QB,28,16,16,353,546,4219,21,11,72,259,3.60,1,2,2,14,7.00,1,8,2,2,,1,268,270.1,289.1,280.1,7,11,62
63,Emmanuel Sanders *\SandEm00,DEN,WR,29,16,16,0,0,0,0,0,1,4,4.00,0,137,79,1032,13.06,5,1,0,5,,,134,212.6,215.6,173.1,7,21,63
64,Hunter Henry\HenrHu00,SDG,TE,22,15,10,0,0,0,0,0,0,0,,0,53,36,478,13.28,8,1,1,8,,,94,129.8,133.8,111.8,7,11,64
65,Julian Edelman\EdelJu00,NWE,WR,30,16,13,0,0,0,0,0,12,57,4.75,0,159,98,1106,11.29,3,3,2,3,1,,132,230.3,235.3,181.3,6,22,65
66,Golden Tate\TateGo00,DET,WR,28,16,16,0,0,0,0,0,10,4,0.40,0,135,91,1077,11.84,4,2,1,4,1,,132,223.1,227.1,177.6,6,23,66
67,Mike Wallace\WallMi00,BAL,WR,30,16,16,0,0,0,0,0,5,31,6.20,0,116,72,1017,14.13,4,1,0,4,1,,131,202.8,205.8,166.8,5,24,67
68,Jamison Crowder\CrowJa00,WAS,WR,23,16,9,0,0,0,0,0,2,-2,-1.00,0,99,67,847,12.64,7,2,1,8,,,131,197.5,201.5,164.0,4,25,68
69,Dez Bryant*\BryaDe01,DAL,WR,28,13,13,1,1,10,1,0,0,0,,0,96,50,796,15.92,8,1,1,8,,,130,180.0,184.0,155.0,4,26,69
70,Bilal Powell\PoweBi00,NYJ,RB,28,16,4,0,0,0,0,0,131,722,5.51,3,74,58,388,6.69,2,1,1,5,,,139,197.0,204.0,168.0,2,22,70
71,Kenny Britt\BritKe00,LAR,WR,28,15,15,0,0,0,0,0,0,0,,0,111,68,1002,14.74,5,2,1,5,,,128,196.2,200.2,162.2,2,27,71
72,Jonathan Stewart\StewJo00,CAR,RB,29,13,13,0,0,0,0,0,218,824,3.78,9,21,8,60,7.50,0,3,2,9,,,138,146.4,151.4,142.4,1,23,72
73,Kenny Stills\StilKe00,MIA,WR,24,16,16,0,0,0,0,0,0,0,,0,81,42,726,17.29,9,0,0,9,,,127,168.6,171.6,147.6,,28,73
74,Allen Robinson\RobiAl02,JAX,WR,23,16,16,0,0,0,0,0,0,0,,0,151,73,883,12.10,6,1,0,6,1,,126,199.3,202.3,162.8,,29,74
75,Andy Dalton*\DaltAn00,CIN,QB,29,16,16,364,563,4206,18,8,46,184,4.00,4,0,0,0,,0,9,3,4,,,261,260.6,277.6,268.6,,12,75
76,Coby Fleener\FleeCo00,NOR,TE,28,16,8,0,0,0,0,0,1,2,2.00,1,81,50,631,12.62,3,2,0,4,,,87,137.3,140.3,112.3,,12,76
77,Adam Thielen\ThieAd00,MIN,WR,26,16,10,0,0,0,0,0,2,15,7.50,0,92,69,967,14.01,5,2,1,5,,,126,195.2,199.2,160.7,,30,77
78,Terrance West\WestTe00,BAL,RB,25,16,13,0,0,0,0,0,193,774,4.01,5,45,34,236,6.94,1,2,0,6,,,137,171.0,177.0,154.0,,24,78
79,Marcus Mariota\MariMa01,TEN,QB,23,15,15,276,451,3426,26,9,60,349,5.82,2,1,0,0,,0,9,5,2,,,260,259.9,279.9,268.9,,13,
80,Tom Brady *\BradTo00,NWE,QB,39,12,12,291,432,3554,28,2,28,64,2.29,0,0,0,0,,0,5,0,0,,1,259,258.6,263.6,260.6,,15,
81,Philip Rivers*\RivePh00,SDG,QB,35,16,16,349,578,4386,33,21,14,35,2.50,0,0,0,0,,0,9,5,0,,,259,258.9,287.9,279.9,,14,
82,Jameis Winston\WinsJa00,TAM,QB,22,16,16,345,567,4090,28,18,53,165,3.11,1,0,0,0,,0,10,6,1,,3,256,256.1,286.1,274.1,,16,
83,Cam Newton\NewtCa00,CAR,QB,27,15,14,270,510,3509,19,14,90,359,3.99,5,0,0,0,,0,3,2,5,1,1,254,254.3,276.3,268.3,,17,
84,Ben Roethlisberger*\RoetBe00,PIT,QB,34,14,14,328,509,3819,29,13,16,14,0.88,1,0,0,0,,0,8,2,1,,3,252,252.2,270.2,265.2,,18,
85,Carson Palmer\PalmCa00,ARI,QB,37,15,15,364,597,4233,26,14,14,38,2.71,0,0,0,0,,0,14,4,0,,1,243,243.1,264.1,257.1,,19,
86,Joe Flacco\FlacJo00,BAL,QB,31,16,16,436,672,4317,20,15,21,58,2.76,2,0,0,0,,0,5,3,2,,4,242,242.5,263.5,257.5,,20,
87,Eli Manning\MannEl00,NYG,QB,35,16,16,377,598,4027,26,16,21,-9,-0.43,0,0,0,0,,0,7,4,0,,,224,224.2,247.2,240.2,,21,
88,Alex Smith*\SmitAl03,KAN,QB,32,15,15,328,489,3502,15,8,48,134,2.79,5,1,1,3,3.00,0,7,4,5,,2,224,224.8,242.8,232.3,,22,
89,Sam Bradford\BradSa00,MIN,QB,29,15,15,395,552,3877,20,5,20,53,2.65,0,1,1,5,5.00,0,10,5,0,,,221,221.9,234.9,226.4,,23,
90,Carson Wentz\WentCa00,PHI,QB,24,16,16,379,607,3782,16,14,46,150,3.26,2,1,1,7,7.00,0,14,3,2,1,1,213,214.0,237.0,227.5,,24,
91,Colin Kaepernick\KaepCo00,SFO,QB,29,12,11,196,331,2241,16,4,69,468,6.78,2,0,0,0,,0,9,3,2,1,,200,200.4,213.4,204.4,,25,
92,Trevor Siemian\SiemTr00,DEN,QB,25,14,14,289,486,3401,18,10,28,57,2.04,0,0,0,0,,0,4,2,0,1,,192,191.7,206.7,201.7,,26,
93,Ryan Tannehill\TannRy00,MIA,QB,28,13,13,261,389,2995,19,12,39,164,4.21,1,0,0,0,,0,9,3,1,,1,190,190.2,211.2,202.2,,27,
94,Brock Osweiler\OsweBr00,HOU,QB,26,15,14,301,510,2957,15,16,30,131,4.37,2,1,1,-14,-14.00,0,5,1,2,,,168,169.0,192.0,184.5,,28,
95,Ryan Fitzpatrick\FitzRy00,NYJ,QB,34,14,11,228,403,2710,12,17,33,130,3.94,0,0,0,0,,0,9,1,0,,,133,133.4,157.4,150.4,,29,
96,Ryan Mathews\MathRy00,PHI,RB,29,13,8,0,0,0,0,0,155,661,4.26,8,14,13,115,8.85,1,3,2,9,2,,132,144.6,152.6,138.1,,25,
97,DeSean Jackson\JackDe00,WAS,WR,30,15,15,0,0,0,0,0,0,0,,0,100,56,1005,17.95,4,0,0,4,,,125,180.5,183.5,152.5,,31,
98,Pierre Garcon\GarcPi00,WAS,WR,30,16,16,0,0,0,0,0,0,0,,0,114,79,1041,13.18,3,0,0,3,,,122,201.1,204.1,161.6,,32,
99,Brandon LaFell\LaFeBr00,CIN,WR,30,16,14,0,0,0,0,0,1,-2,-2.00,0,107,64,862,13.47,6,0,0,6,,,122,186.0,189.0,154.0,,33,
100,Robert Kelley\KellRo00,WAS,RB,24,15,9,0,0,0,0,0,168,704,4.19,6,18,12,82,6.83,1,0,0,7,,,121,132.6,135.6,126.6,,26,
101,A.J. Green*\GreeA.00,CIN,WR,28,10,10,0,0,0,0,0,0,0,,0,100,66,964,14.61,4,0,0,4,,,120,186.4,189.4,153.4,,34,
102,Willie Snead\SneaWi00,NOR,WR,24,15,4,1,1,50,1,0,0,0,,0,104,72,895,12.43,4,2,0,4,,,120,191.5,194.5,155.5,,35,
103,DeAndre Hopkins\HopkDe00,HOU,WR,24,16,16,0,0,0,0,0,0,0,,0,151,78,954,12.23,4,0,0,4,,,119,197.4,200.4,158.4,,36,
104,Sterling Shepard\ShepSt00,NYG,WR,23,16,16,0,0,0,0,0,3,31,10.33,0,105,65,683,10.51,8,0,0,8,,,119,184.4,187.4,151.9,,37,
105,Mike Gillislee\GillMi00,BUF,RB,26,15,1,0,0,0,0,0,101,577,5.71,8,11,9,50,5.56,1,1,0,9,,,117,125.7,128.7,121.2,,27,
106,Marvin Jones\JoneMa02,DET,WR,26,15,15,0,0,0,0,0,1,3,3.00,0,103,55,930,16.91,4,0,0,4,,,117,172.3,175.3,144.8,,38,
107,Marqise Lee\LeexMa00,JAX,WR,25,16,6,1,1,20,1,0,6,35,5.83,0,105,63,851,13.51,3,1,1,4,,,115,178.4,182.4,146.9,,39,
108,Christine Michael\MichCh00,2TM,RB,26,15,7,0,0,0,0,0,148,583,3.94,7,29,22,107,4.86,1,2,1,8,,,115,137.0,144.0,126.0,,28,
109,Cole Beasley\BeasCo00,DAL,WR,27,16,6,0,1,0,0,0,1,7,7.00,0,98,75,833,11.11,5,0,0,5,,,114,189.0,192.0,151.5,,40,
110,Steve Smith\SmitSt01,BAL,WR,37,14,14,0,0,0,0,0,0,0,,0,101,70,799,11.41,5,0,0,5,2,,114,183.9,186.9,148.9,,41,
111,Cameron Meredith\MereCa00,CHI,WR,24,14,10,1,1,2,1,0,1,6,6.00,0,97,66,888,13.45,4,3,2,4,,,113,179.5,184.5,146.5,,42,
112,Devontae Booker\BookDe00,DEN,RB,24,16,6,0,0,0,0,0,174,612,3.52,4,45,31,265,8.55,1,4,3,5,,,112,142.7,151.7,127.2,,29,
113,Quincy Enunwa\EnunQu00,NYJ,WR,24,16,13,0,0,0,0,0,1,12,12.00,0,105,58,857,14.78,4,0,0,4,,,111,168.9,171.9,139.9,,43,
114,Case Keenum\KeenCa00,LAR,QB,28,10,9,196,322,2201,9,11,20,51,2.55,1,0,0,0,,0,5,1,1,,,111,111.1,126.1,122.1,,30,
115,Stefon Diggs\DiggSt00,MIN,WR,23,13,11,0,0,0,0,0,3,10,3.33,0,112,84,903,10.75,3,0,0,3,,,109,193.3,196.3,151.3,,44,
116,Theo Riddick\RiddTh00,DET,RB,25,10,8,0,0,0,0,0,92,357,3.88,1,67,53,371,7.00,5,0,0,6,,,109,161.8,167.8,135.3,,30,
117,Anquan Boldin\BoldAn00,DET,WR,36,16,16,0,0,0,0,0,0,0,,0,95,67,584,8.72,8,0,0,8,,,106,173.4,176.4,139.9,,45,
118,Taylor Gabriel\GabrTa00,ATL,WR,25,13,3,0,0,0,0,0,4,51,12.75,1,50,35,579,16.54,6,0,0,7,,,105,140.0,143.0,122.5,,48,
119,Tim Hightower\HighTi00,NOR,RB,30,16,1,0,0,0,0,0,133,548,4.12,4,26,22,200,9.09,1,0,0,5,,,105,126.8,132.8,115.8,,32,
120,Dontrelle Inman\InmaDo00,SDG,WR,27,16,16,0,0,0,0,0,0,0,,0,97,58,810,13.97,4,0,0,4,,,105,163.0,166.0,134.0,,47,
121,Jerick McKinnon\McKiJe00,MIN,RB,24,15,7,0,1,0,0,0,159,539,3.39,2,53,43,255,5.93,2,0,0,4,1,,105,148.4,154.4,126.9,,31,
122,JJ Nelson\NelsJJ00,ARI,WR,24,15,6,0,0,0,0,0,4,83,20.75,1,74,34,568,16.71,6,1,1,7,,,105,139.1,143.1,122.1,,46,
123,Rashad Jennings\JennRa00,NYG,RB,31,13,12,0,0,0,0,0,181,593,3.28,3,42,35,201,5.74,1,1,0,4,,,103,138.4,144.4,120.9,,33,
124,James White\WhitJa02,NWE,RB,24,16,4,0,0,0,0,0,39,166,4.26,0,86,60,551,9.18,5,0,0,5,,,102,161.7,167.7,131.7,,34,
125,Chris Thompson\ThomCh03,WAS,RB,26,16,0,0,0,0,0,0,68,356,5.24,3,62,49,349,7.12,2,2,1,5,,,99,147.5,154.5,123.0,,35,
126,Jordan Matthews\MattJo00,PHI,WR,24,14,13,0,0,0,0,0,0,0,,0,117,73,804,11.01,3,1,0,3,,,98,171.4,174.4,134.9,,49,
127,DeVante Parker\ParkDe01,MIA,WR,23,15,8,0,0,0,0,0,0,0,,0,87,56,744,13.29,4,0,0,4,,,98,154.4,157.4,126.4,,50,
128,Brandon Marshall\MarsBr00,NYJ,WR,32,15,15,0,0,0,0,0,0,0,,0,128,59,788,13.36,3,0,0,3,,,97,155.8,158.8,126.3,,51,
129,Ty Montgomery\MontTy01,GNB,RB,23,15,6,0,0,0,0,0,77,457,5.94,3,56,44,348,7.91,0,2,1,3,,,97,140.5,147.5,118.5,,36,
130,Alshon Jeffery\JeffAl00,CHI,WR,26,12,12,0,0,0,0,0,0,0,,0,94,52,821,15.79,2,0,0,2,,,94,146.1,149.1,120.1,,52,
131,Derrick Henry\HenrDe00,TEN,RB,22,15,2,0,0,0,0,0,110,490,4.45,5,15,13,137,10.54,0,0,0,5,,,93,105.7,111.7,99.2,,37,
132,Chris Hogan\HogaCh00,NWE,WR,29,15,14,0,0,0,0,0,3,9,3.00,0,58,38,680,17.89,4,1,1,4,,,91,128.9,132.9,109.9,,53,
133,Duke Johnson\JohnDu00,CLE,RB,23,16,1,0,1,0,0,0,73,358,4.90,1,74,53,514,9.70,0,2,1,1,,,91,144.2,151.2,117.7,,38,
134,Mohamed Sanu\SanuMo00,ATL,WR,27,15,15,0,0,0,0,0,1,5,5.00,0,81,59,653,11.07,4,1,1,4,1,,90,148.8,152.8,119.3,,54,
135,Tavon Austin\AustTa00,LAR,WR,26,15,15,0,0,0,0,0,28,159,5.68,1,106,58,509,8.78,3,5,1,4,,,89,146.8,153.8,117.8,,55,
136,Randall Cobb\CobbRa00,GNB,WR,26,13,10,0,0,0,0,0,10,33,3.30,0,84,60,610,10.17,4,1,0,4,,,88,148.3,151.3,118.3,,56,
137,T.J. Yeldon\YeldT.00,JAX,RB,23,15,13,0,0,0,0,0,130,465,3.58,1,68,50,312,6.24,1,2,1,2,,,88,137.7,144.7,112.7,,39,
138,C.J. Anderson\AndeC.00,DEN,RB,25,7,7,0,0,0,0,0,110,437,3.97,4,24,16,128,8.00,1,0,0,5,,,87,102.5,108.5,94.5,,40,
139,Jalen Richard\RichJa01,OAK,RB,23,16,0,0,0,0,0,0,83,491,5.92,1,39,29,194,6.69,2,0,0,3,,,87,115.5,121.5,101.0,,41,
140,Jack Doyle\DoylJa00,IND,TE,26,16,14,0,0,0,0,0,0,0,,0,75,59,584,9.90,5,1,1,5,,,86,145.4,149.4,115.9,,13,
141,Travis Benjamin\BenjTr00,SDG,WR,27,14,8,0,1,0,0,0,2,-3,-1.50,0,75,47,677,14.40,4,5,3,4,,,85,132.4,138.4,108.9,,57,
142,Giovani Bernard\BernGi00,CIN,RB,25,10,2,0,0,0,0,0,91,337,3.70,2,51,39,336,8.62,1,1,1,3,,,83,122.3,129.3,102.8,,42,
143,Eric Ebron\EbroEr00,DET,TE,23,13,13,0,0,0,0,0,1,1,1.00,1,85,61,711,11.66,1,0,0,2,,,83,144.2,147.2,113.7,,15,
144,Jeremy Kerley\KerlJe00,SFO,WR,28,16,13,0,0,0,0,0,0,0,,0,115,64,667,10.42,3,4,1,3,,,83,146.7,150.7,114.7,,59,
145,Tyler Lockett\LockTy00,SEA,WR,24,15,9,0,0,0,0,0,6,114,19.00,1,66,41,597,14.56,1,0,0,2,,,83,124.1,130.1,103.6,,58,
146,Dennis Pitta\PittDe00,BAL,TE,31,16,12,0,0,0,0,0,0,0,,0,121,86,729,8.48,2,1,1,2,,,83,168.9,172.9,125.9,,16,
147,Jason Witten\WittJa00,DAL,TE,34,16,16,0,0,0,0,0,0,0,,0,95,69,673,9.75,3,1,1,3,,,83,152.3,156.3,117.8,,14,
148,Robert Turbin\TurbRo00,IND,RB,27,15,0,0,0,0,0,0,47,164,3.49,7,35,26,179,6.88,1,0,0,8,,,82,108.3,114.3,95.3,,43,
149,DeAngelo Williams\WillDe02,PIT,RB,33,9,4,0,0,0,0,0,98,343,3.50,4,27,18,118,6.56,2,0,0,6,,,82,100.1,106.1,91.1,,44,
150,Will Fuller\FullWi01,HOU,WR,22,14,13,0,0,0,0,0,1,-3,-3.00,0,92,47,635,13.51,2,2,0,3,,,81,128.2,131.2,104.7,,61,
151,Terrance Williams\WillTe01,DAL,WR,27,16,15,0,0,0,0,0,0,0,,0,61,44,594,13.50,4,1,1,4,,,81,125.4,129.4,103.4,,60,
152,Shaun Draughn\DrauSh00,SFO,RB,29,16,1,0,0,0,0,0,74,196,2.65,4,39,29,263,9.07,2,1,1,6,,,80,108.9,115.9,94.4,,45,
153,C.J. Fiedorowicz\FiedC.00,HOU,TE,25,15,15,0,0,0,0,0,0,0,,0,89,54,559,10.35,4,1,0,4,,,80,133.9,136.9,106.9,,17,
154,Brian Hoyer\HoyeBr00,CHI,QB,31,6,5,134,200,1445,6,0,7,-2,-0.29,0,0,0,0,,0,3,1,0,,,80,79.6,83.6,79.6,,31,
155,Dwayne Allen\AlleDw00,IND,TE,26,14,14,0,0,0,0,0,0,0,,0,52,35,406,11.60,6,1,0,6,1,,79,113.6,116.6,96.1,,19,
156,Charles Clay\ClayCh00,BUF,TE,27,15,15,0,0,0,0,0,0,0,,0,87,57,552,9.68,4,0,0,4,,,79,136.2,139.2,107.7,,18,
157,Michael Floyd\FloyMi00,2TM,WR,27,15,8,0,0,0,0,0,0,0,,0,76,37,488,13.19,5,0,0,5,,,79,115.8,118.8,97.3,,62,
158,Adam Humphries\HumpAd00,TAM,WR,23,15,4,0,0,0,0,0,5,18,3.60,0,83,55,622,11.31,2,3,0,2,1,,78,133.0,136.0,105.5,,63,
159,Jacquizz Rodgers\RodgJa00,TAM,RB,26,10,5,0,0,0,0,0,129,560,4.34,2,16,13,98,7.54,0,0,0,2,,,78,90.8,93.8,84.3,,46,
160,Eli Rogers\RogeEl00,PIT,WR,24,13,8,0,0,0,0,0,1,6,6.00,0,66,48,594,12.38,3,2,0,3,,,78,126.0,129.0,102.0,,64,
161,Cody Kessler\KessCo00,CLE,QB,23,9,8,128,195,1380,6,2,11,18,1.64,0,0,0,0,,0,4,1,0,,1,77,77.0,83.0,79.0,,32,
162,Gary Barnidge\BarnGa01,CLE,TE,31,16,16,0,0,0,0,0,0,0,,0,82,55,612,11.13,2,0,0,2,1,,75,130.2,133.2,102.7,,20,
163,Chris Ivory\IvorCh00,JAX,RB,28,11,1,0,0,0,0,0,117,439,3.75,3,28,20,186,9.30,0,5,3,3,,,75,94.5,103.5,84.5,,48,
164,Zach Zenner\ZennZa00,DET,RB,25,14,4,0,0,0,0,0,88,334,3.80,4,23,18,196,10.89,0,1,1,4,,,75,93.0,100.0,84.0,,47,
165,Brian Quick\QuicBr00,LAR,WR,27,16,8,0,0,0,0,0,0,0,,0,77,41,564,13.76,3,0,0,3,,,74,115.4,118.4,94.9,,65,
166,Seth Roberts\RobeSe00,OAK,WR,25,16,6,0,0,0,0,0,0,0,,0,77,38,397,10.45,5,0,0,5,2,,74,111.7,114.7,92.7,,66,
167,Robby Anderson\AndeRo04,NYJ,WR,23,16,8,0,0,0,0,0,3,42,14.00,0,78,42,587,13.98,2,1,1,2,,,73,114.9,118.9,93.9,,67,
168,Blaine Gabbert\GabbBl00,SFO,QB,27,6,5,91,160,925,5,6,40,173,4.33,2,1,1,-16,-16.00,0,0,0,2,,,73,73.7,85.7,79.2,,33,
169,Zach Miller\MillZa02,CHI,TE,32,10,8,0,0,0,0,0,0,0,,0,64,47,486,10.34,4,0,0,4,,,73,119.6,122.6,96.1,,21,
170,Donte Moncrief\MoncDo00,IND,WR,23,9,7,0,0,0,0,0,1,-1,-1.00,0,56,30,307,10.23,7,0,0,7,,,73,102.6,105.6,87.6,,68,
171,Kenneth Dixon\DixoKe00,BAL,RB,22,12,0,0,0,0,0,0,88,382,4.34,2,41,30,162,5.40,1,1,0,3,,,72,102.4,108.4,87.4,,49,
172,Rob Gronkowski\GronRo00,NWE,TE,27,8,6,0,0,0,0,0,0,0,,0,38,25,540,21.60,3,0,0,3,,,72,97.0,100.0,84.5,,22,
173,Doug Martin\MartDo00,TAM,RB,27,8,8,0,0,0,0,0,144,421,2.92,3,16,14,134,9.57,0,1,1,3,,,72,85.5,92.5,78.5,,50,
174,Matt Barkley\BarkMa00,CHI,QB,26,7,6,129,216,1611,8,14,7,2,0.29,0,1,1,2,2.00,1,4,2,1,,,71,71.8,90.8,85.3,,34,
175,Tyler Boyd\BoydTy00,CIN,WR,22,16,2,0,0,0,0,0,4,58,14.50,0,81,54,603,11.17,1,1,1,1,,,70,124.1,128.1,97.1,,69,
176,Vernon Davis\DaviVe00,WAS,TE,32,16,14,0,0,0,0,0,0,0,,0,59,44,583,13.25,2,0,0,2,,,70,114.3,117.3,92.3,,23,
177,Damien Williams\WillDa05,MIA,RB,24,15,0,0,0,0,0,0,35,115,3.29,3,32,23,249,10.83,3,1,1,6,,,70,93.4,100.4,81.9,,51,
178,Tyler Eifert\EifeTy00,CIN,TE,26,8,2,0,0,0,0,0,0,0,,0,47,29,394,13.59,5,0,0,5,,,69,98.4,101.4,83.9,,24,
179,Cordarrelle Patterson*+\PattCo00,MIN,WR,25,16,8,0,0,0,0,0,7,43,6.14,0,70,52,453,8.71,2,2,0,3,,,68,119.6,122.6,93.6,,72,
180,Breshad Perriman\PerrBr02,BAL,WR,23,16,1,0,0,0,0,0,1,2,2.00,0,66,33,499,15.12,3,0,0,3,,,68,101.1,104.1,84.6,,70,
181,DeAndre Washington\WashDe00,OAK,RB,23,14,2,0,0,0,0,0,87,467,5.37,2,23,17,115,6.76,0,1,1,2,,,68,85.2,92.2,76.7,,52,
182,Robert Woods\WoodRo02,BUF,WR,24,13,10,0,0,0,0,0,1,6,6.00,0,76,51,613,12.02,1,0,0,1,,,68,118.9,121.9,93.4,,71,
183,Matt Jones\JoneMa04,WAS,RB,23,7,7,0,0,0,0,0,99,460,4.65,3,8,8,73,9.13,0,3,2,3,,,67,75.3,80.3,71.3,,53,
184,Phillip Dorsett\DorsPh00,IND,WR,23,15,7,0,0,0,0,0,2,10,5.00,0,59,33,528,16.00,2,1,0,2,,,66,98.8,101.8,82.3,,73,
185,Robert Griffin III\GrifRo01,CLE,QB,26,5,5,87,147,886,2,3,31,190,6.13,2,0,0,0,,0,4,1,2,,,66,66.4,76.4,69.4,,35,
186,Allen Hurns\HurnAl01,JAX,WR,25,11,11,0,0,0,0,0,0,0,,0,76,35,477,13.63,3,1,0,3,,,66,100.7,103.7,83.2,,74,
187,Jeremy Maclin\MaclJe00,KAN,WR,28,12,12,0,1,0,0,0,1,-1,-1.00,0,76,44,536,12.18,2,0,0,2,,,66,109.5,112.5,87.5,,75,
188,Charcandrick West\WestCh01,KAN,RB,25,15,2,0,0,0,0,0,88,293,3.33,1,34,28,188,6.71,2,0,0,3,,,66,94.1,100.1,80.1,,54,
189,John Brown\BrowJo02,ARI,WR,26,15,6,0,0,0,0,0,1,10,10.00,0,73,39,517,13.26,2,1,0,2,,,65,103.7,106.7,84.2,,76,
190,Malcolm Mitchell\MitcMa01,NWE,WR,24,14,6,0,0,0,0,0,0,0,,0,48,32,401,12.53,4,0,0,4,,,64,96.1,99.1,80.1,,78,
191,Tajae Sharpe\SharTa00,TEN,WR,22,16,10,0,0,0,0,0,1,1,1.00,0,83,41,522,12.73,2,0,0,2,,,64,105.3,108.3,84.8,,77,
192,Victor Cruz\CruzVi00,NYG,WR,30,15,12,0,0,0,0,0,0,0,,0,72,39,586,15.03,1,1,1,1,,,63,101.6,105.6,82.1,,80,
193,Devin Funchess\FuncDe00,CAR,WR,22,15,7,0,0,0,0,0,0,0,,0,58,23,371,16.13,4,0,0,4,1,,63,86.1,89.1,74.6,,79,
194,Vance McDonald\McDoVa00,SFO,TE,26,11,11,0,0,0,0,0,0,0,,0,45,24,391,16.29,4,0,0,4,,,63,87.1,90.1,75.1,,25,
195,Thomas Rawls\RawlTh00,SEA,RB,23,9,7,0,0,0,0,0,109,349,3.20,3,17,13,96,7.38,0,0,0,3,,,63,75.5,78.5,69.0,,55,
196,Paul Perkins\PerkPa00,NYG,RB,22,14,1,0,0,0,0,0,112,456,4.07,0,24,15,162,10.80,0,1,0,0,,,62,76.8,82.8,69.3,,56,
197,Marquise Goodwin\GoodMa00,BUF,WR,26,15,9,0,0,0,0,0,0,0,,0,68,29,431,14.86,3,0,0,3,,,61,90.1,93.1,75.6,,82,
198,Kendall Wright\WrigKe01,TEN,WR,27,11,4,0,0,0,0,0,1,15,15.00,0,42,29,416,14.34,3,0,0,3,,,61,90.1,93.1,75.6,,81,
199,Corey Coleman\ColeCo00,CLE,WR,22,10,10,0,0,0,0,0,2,10,5.00,0,73,33,413,12.52,3,0,0,3,,,60,93.3,96.3,76.8,,83,
200,Lance Kendricks\KendLa00,LAR,TE,28,16,16,0,0,0,0,0,0,0,,0,87,50,499,9.98,2,1,1,2,,,60,109.9,113.9,84.9,,26,
201,Rex Burkhead\BurkRe00,CIN,RB,26,16,1,0,0,0,0,0,74,344,4.65,2,20,17,145,8.53,0,1,1,2,,,59,75.9,82.9,67.4,,57,
202,Sammie Coates\CoatSa00,PIT,WR,23,14,5,0,0,0,0,0,4,14,3.50,0,49,21,435,20.71,2,0,0,2,,,57,77.9,80.9,67.4,,85,
203,Jermaine Kearse\KearJe01,SEA,WR,26,16,15,0,0,0,0,0,0,0,,0,89,41,510,12.44,1,0,0,1,,,57,98.0,101.0,77.5,,84,
204,Matt Moore\MoorMa01,MIA,QB,32,4,3,55,87,721,8,3,1,-1,-1.00,0,0,0,0,,0,1,0,0,,,55,54.7,60.7,57.7,,36,
205,Eddie Royal\RoyaEd00,CHI,WR,30,9,1,0,0,0,0,0,0,0,,0,43,33,369,11.18,2,2,0,3,,,55,87.9,90.9,71.4,,87,
206,Sammy Watkins\WatkSa00,BUF,WR,23,8,8,0,0,0,0,0,0,0,,0,52,28,430,15.36,2,0,0,2,,,55,83.0,86.0,69.0,,86,
207,Travaris Cadet\CadeTr00,NOR,RB,27,15,1,0,0,0,0,0,4,19,4.75,0,54,40,281,7.03,4,0,0,4,,,54,94.0,97.0,74.0,,59,
208,Ryan Griffin\GrifRy00,HOU,TE,26,16,5,0,0,0,0,0,0,0,,0,74,50,442,8.84,2,1,1,2,,,54,104.2,108.2,79.2,,27,
209,Jeremy Langford\LangJe00,CHI,RB,25,12,3,0,0,0,0,0,62,200,3.23,4,27,19,142,7.47,0,2,2,4,,,54,73.2,81.2,63.7,,58,
210,Clive Walford\WalfCl00,OAK,TE,25,15,8,0,0,0,0,0,0,0,,0,52,33,359,10.88,3,0,0,3,,,54,86.9,89.9,70.4,,28,
211,Chris Conley\ConlCh00,KAN,WR,24,16,11,0,0,0,0,0,0,0,,0,69,44,530,12.05,0,1,0,0,,,53,97.0,100.0,75.0,,88,
212,Jared Goff\GoffJa00,LAR,QB,22,7,7,112,205,1089,5,7,8,16,2.00,1,0,0,0,,0,5,2,1,,,53,53.2,65.2,60.2,,37,
213,Nelson Agholor\AghoNe00,PHI,WR,23,15,14,0,0,0,0,0,5,14,2.80,0,69,36,365,10.14,2,1,0,2,1,,52,87.9,90.9,69.9,,89,
214,Jesse James\JameJe00,PIT,TE,22,16,13,0,0,0,0,0,0,0,,0,60,39,338,8.67,3,0,0,3,,,52,90.8,93.8,71.3,,30,
215,Josh McCown\McCoJo01,CLE,QB,37,5,3,90,165,1100,6,6,7,21,3.00,0,0,0,0,,0,7,4,0,,1,52,52.1,65.1,58.1,,38,
216,Julius Thomas\ThomJu00,JAX,TE,28,9,6,0,0,0,0,0,0,0,,0,51,30,281,9.37,4,0,0,4,,,52,82.1,85.1,67.1,,29,
217,Garrett Celek\CeleGa00,SFO,TE,28,16,6,0,0,0,0,0,0,0,,0,50,29,350,12.07,3,2,1,3,,,51,80.0,84.0,65.5,,32,
218,Dorial Green-Beckham\GreeDo00,PHI,WR,23,15,7,0,0,0,0,0,0,0,,0,74,36,392,10.89,2,0,0,2,,,51,87.2,90.2,69.2,,90,
219,Jermaine Gresham\GresJe00,ARI,TE,28,16,14,0,0,0,0,0,0,0,,0,61,37,391,10.57,2,1,0,2,,,51,88.1,91.1,69.6,,31,
220,Albert Wilson\WilsAl02,KAN,WR,24,16,5,0,0,0,0,0,2,50,25.00,1,51,31,279,9.00,2,0,0,3,,,51,81.9,84.9,66.4,,91,
221,Alfred Blue\BlueAl00,HOU,RB,25,14,2,0,0,0,0,0,100,420,4.20,1,16,12,40,3.33,0,2,1,1,,,50,62.0,66.0,56.0,,60,
222,Andrew Hawkins\HawkAn00,CLE,WR,30,16,5,0,0,0,0,0,2,0,0.00,0,54,33,324,9.82,3,0,0,3,,,50,83.4,86.4,66.9,,92,
223,Dion Sims\SimsDi00,MIA,TE,25,14,11,0,0,0,0,0,0,0,,0,35,26,256,9.85,4,0,0,4,,,50,75.6,78.6,62.6,,33,
224,Jay Cutler\CutlJa00,CHI,QB,33,5,5,81,137,1059,4,5,5,24,4.80,0,0,0,0,,0,6,2,0,,,47,46.8,56.8,51.8,,39,
225,Russell Shepard\ShepRu00,TAM,WR,26,14,4,0,0,0,0,0,1,9,9.00,0,40,23,341,14.83,2,0,0,2,,,47,70.0,73.0,58.5,,93,
226,Wendell Smallwood\SmalWe00,PHI,RB,22,13,3,0,0,0,0,0,77,312,4.05,1,13,6,55,9.17,0,1,1,2,,,47,52.7,56.7,49.7,,62,
227,Fozzy Whittaker\WhitFo00,CAR,RB,27,16,0,0,0,0,0,0,57,265,4.65,0,33,25,226,9.04,0,1,1,0,,,47,72.1,79.1,59.6,,61,
228,Brandon Coleman\ColeBr00,NOR,WR,24,16,4,0,0,0,0,0,0,0,,0,38,26,281,10.81,3,0,0,3,,,46,72.1,75.1,59.1,,94,
229,Will Tye\TyexWi00,NYG,TE,25,16,10,0,0,0,0,0,0,0,,0,70,48,395,8.23,1,0,0,1,,,46,93.5,96.5,69.5,,34,
230,Austin Hooper\HoopAu00,ATL,TE,22,14,3,0,0,0,0,0,0,0,,0,27,19,271,14.26,3,0,0,3,,,45,64.1,67.1,54.6,,35,
231,Jamize Olawale\OlawJa00,OAK,RB,27,16,7,0,0,0,0,0,17,47,2.76,2,14,12,227,18.92,1,0,0,3,,,45,57.4,60.4,51.4,,63,
232,Torrey Smith\SmitTo02,SFO,WR,27,12,12,0,0,0,0,0,0,0,,0,49,20,267,13.35,3,0,0,3,,,45,64.7,67.7,54.7,,95,
233,Justin Hardy\HardJu00,ATL,WR,25,16,3,0,0,0,0,0,0,0,,0,31,21,203,9.67,4,0,0,4,,,44,65.3,68.3,54.8,,96,
234,C.J. Prosise\ProsC.00,SEA,RB,22,6,2,0,0,0,0,0,30,172,5.73,1,19,17,208,12.24,0,0,0,1,,,44,61.0,67.0,52.5,,64,
235,Charles Sims\SimsCh00,TAM,RB,26,7,2,0,0,0,0,0,51,149,2.92,1,32,24,190,7.92,1,1,1,2,,,44,67.9,74.9,55.9,,65,
236,Justin Hunter\HuntJu00,2TM,WR,25,13,5,0,0,0,0,0,0,0,,0,23,10,189,18.90,4,0,0,4,,,43,52.9,55.9,47.9,,97,
237,Jared Cook\CookJa02,GNB,TE,29,10,5,0,0,0,0,0,0,0,,0,51,30,377,12.57,1,1,1,1,,,42,71.7,75.7,56.7,,36,
238,Justin Forsett\ForsJu00,3TM,RB,31,9,6,0,0,0,0,0,87,291,3.34,1,27,20,85,4.25,0,2,1,1,,,42,61.6,65.6,51.6,,66,
239,Kenyan Drake\DrakKe00,MIA,RB,22,16,1,0,0,0,0,0,33,179,5.42,2,10,9,46,5.11,0,1,0,3,,,41,49.5,52.5,45.0,,68,
240,John Kuhn\KuhnJo00,NOR,RB,34,16,3,0,0,0,0,0,18,37,2.06,4,20,16,70,4.38,1,0,0,5,,,41,56.7,56.7,48.7,,67,
241,Quinton Patton\PattQu00,SFO,WR,26,14,14,0,0,0,0,0,0,0,,0,63,37,408,11.03,0,1,0,0,,,41,77.8,80.8,59.3,,98,
242,Brice Butler\ButlBr00,DAL,WR,26,16,3,0,0,0,0,0,0,0,,0,32,16,219,13.69,3,0,0,3,,,40,55.9,58.9,47.9,,99,
243,James Starks\StarJa00,GNB,RB,30,9,4,0,0,0,0,0,63,145,2.30,0,25,19,134,7.05,2,1,0,2,,,40,58.9,64.9,49.4,,69,
244,Kamar Aiken\AikeKa00,BAL,WR,27,16,6,0,0,0,0,0,0,0,,0,50,29,328,11.31,1,0,0,1,,,39,67.8,70.8,53.3,,100,
245,Trey Burton\BurtTr01,PHI,TE,25,15,4,0,0,0,0,0,0,0,,0,60,37,327,8.84,1,0,0,1,,,39,75.7,78.7,57.2,,39,
246,Eddie Lacy\LacyEd00,GNB,RB,26,5,5,0,0,0,0,0,71,360,5.07,0,7,4,28,7.00,0,0,0,0,,,39,42.8,45.8,40.8,,70,
247,Richard Rodgers\RodgRi00,GNB,TE,24,16,6,0,0,0,0,0,0,0,,0,47,30,271,9.03,2,0,0,2,,,39,69.1,72.1,54.1,,37,
248,Jacob Tamme\TammJa00,ATL,TE,31,8,5,0,0,0,0,0,0,0,,0,31,22,210,9.55,3,0,0,3,,,39,61.0,64.0,50.0,,38,
249,Dwayne Washington\WashDw00,DET,RB,22,12,2,0,0,0,0,0,90,265,2.94,1,15,10,62,6.20,0,0,0,1,,,39,48.7,51.7,43.7,,71,
250,Josh Bellamy\BellJo02,CHI,WR,27,16,2,0,0,0,0,0,4,37,9.25,0,38,19,282,14.84,1,0,0,1,,,38,56.9,59.9,47.4,,101,
251,Dion Lewis\LewiDi00,NWE,RB,26,7,5,0,0,0,0,0,64,283,4.42,0,24,17,94,5.53,0,1,0,0,,,38,54.7,57.7,46.2,,72,
252,Aaron Ripkowski\RipkAa00,GNB,RB,24,16,8,0,0,0,0,0,34,150,4.41,2,10,9,46,5.11,1,0,0,3,,,38,46.6,49.6,42.1,,73,
253,Levine Toilolo\ToilLe00,ATL,TE,25,16,11,0,0,0,0,0,0,0,,0,19,13,264,20.31,2,0,0,2,,,38,51.4,54.4,44.9,,40,
254,Kyle Juszczyk*\JuszKy00,BAL,RB,25,16,7,0,0,0,0,0,5,22,4.40,1,49,37,266,7.19,0,0,0,1,1,,37,73.8,76.8,55.3,,75,
255,Alfred Morris\MorrAl00,DAL,RB,28,14,0,0,0,0,0,0,69,243,3.52,2,6,3,11,3.67,0,0,0,2,,,37,40.4,43.4,38.9,,74,
256,Ladarius Green\GreeLa00,PIT,TE,26,6,2,0,0,0,0,0,0,0,,0,34,18,304,16.89,1,0,0,1,,,36,54.4,57.4,45.4,,41,
257,Erik Swoope\SwooEr00,IND,TE,24,16,4,0,0,0,0,0,0,0,,0,22,15,297,19.80,1,0,0,1,,,36,50.7,53.7,43.2,,42,
258,Jimmy Garoppolo\GaroJi00,NWE,QB,25,6,2,43,63,502,4,0,10,6,0.60,0,1,1,3,3.00,0,2,1,0,,,35,36.0,40.0,35.5,,40,
259,Cobi Hamilton\HamiCo00,PIT,WR,26,11,8,0,0,0,0,0,0,0,,0,28,17,234,13.76,2,0,0,2,,,35,52.4,55.4,43.9,,103,
260,Darrius Heyward-Bey\HeywDa00,PIT,WR,29,10,0,0,0,0,0,0,1,60,60.00,1,19,6,114,19.00,2,0,0,3,,,35,41.4,44.4,38.4,,102,
261,Paul Richardson\RichPa01,SEA,WR,24,15,0,0,0,0,0,0,1,5,5.00,0,36,21,288,13.71,1,0,0,1,,,35,56.3,59.3,45.8,,104,
262,Deonte Thompson\ThomDe04,CHI,WR,27,16,6,0,0,0,0,0,0,0,,0,36,22,249,11.32,2,1,1,2,,,35,56.9,60.9,45.9,,105,
263,Landry Jones\JoneLa02,PIT,QB,27,8,2,53,86,558,4,2,6,-4,-0.67,0,0,0,0,,0,0,0,0,,,34,33.9,38.9,35.9,,41,
264,Geronimo Allison\AlliGe01,GNB,WR,22,10,2,0,0,0,0,0,0,0,,0,22,12,202,16.83,2,0,0,2,,,32,44.2,47.2,38.2,,106,
265,Corey Brown\BrowPh00,CAR,WR,25,16,8,0,0,0,0,0,2,6,3.00,0,53,27,276,10.22,1,1,1,1,,,32,59.2,63.2,45.7,,107,
266,Corey Grant\GranCo00,JAX,RB,25,11,1,0,0,0,0,0,32,164,5.13,1,7,4,35,8.75,1,0,0,2,,,32,35.9,38.9,33.9,,76,
267,Bryce Petty\PettBr01,NYJ,QB,25,6,4,75,133,809,3,7,5,19,3.80,0,0,0,0,,0,1,1,0,1,,32,32.3,43.3,39.3,,42,
268,Peyton Barber\BarbPe01,TAM,RB,22,15,1,0,0,0,0,0,55,223,4.05,1,6,5,28,5.60,0,0,0,1,,,31,36.1,39.1,33.6,,77,
269,Eric Decker\DeckEr00,NYJ,WR,29,3,3,0,0,0,0,0,0,0,,0,21,9,194,21.56,2,0,0,2,,,31,40.4,43.4,35.9,,108,
270,Rod Streater\StreRo00,SFO,WR,28,16,2,0,0,0,0,0,0,0,,0,27,18,191,10.61,2,0,0,2,,,31,49.1,52.1,40.1,,109,
271,Jordan Taylor\TaylJo01,DEN,WR,24,16,0,0,0,0,0,0,0,0,,0,25,16,209,13.06,2,1,1,2,,,31,46.9,50.9,38.9,,110,
272,Virgil Green\GreeVi00,DEN,TE,28,12,11,0,0,0,0,0,0,0,,0,37,22,237,10.77,1,0,0,1,,,30,51.7,54.7,40.7,,43,
273,Kenjon Barner\BarnKe00,PHI,RB,27,13,0,0,0,0,0,0,27,129,4.78,2,11,5,42,8.40,0,0,0,2,,,29,34.1,37.1,31.6,,78,
274,C.J. Uzomah\UzomC.00,CIN,TE,23,10,8,0,0,0,0,0,0,0,,0,38,25,234,9.36,1,0,0,1,,,29,54.4,57.4,41.9,,44,
275,Cameron Artis-Payne\ArtiCa00,CAR,RB,26,3,3,0,0,0,0,0,36,144,4.00,2,1,1,11,11.00,0,0,0,2,,,28,28.5,31.5,28.0,,80,
276,Jacoby Brissett\BrisJa00,NWE,QB,24,3,2,34,55,400,0,0,16,83,5.19,1,0,0,0,,0,3,1,1,,,28,28.3,32.3,28.3,,44,
277,Nick Foles\FoleNi00,KAN,QB,27,3,1,36,55,410,3,0,4,-4,-1.00,0,0,0,0,,0,0,0,0,,,28,28.0,31.0,28.0,,45,
278,Paxton Lynch\LyncPa00,DEN,QB,22,3,2,49,83,497,2,1,11,25,2.27,0,0,0,0,,0,2,0,0,,,28,28.4,32.4,29.4,,43,
279,Tanner McEvoy\McEvTa01,SEA,WR,23,14,0,1,1,43,0,0,0,0,,0,11,9,140,15.56,2,0,0,2,,,28,36.7,39.7,32.2,,111,
280,Kerwynn Williams\WillKe05,ARI,RB,25,10,0,0,0,0,0,0,18,157,8.72,2,2,1,6,6.00,0,0,0,2,,,28,29.3,32.3,28.8,,79,
281,Bennie Fowler\FowlBe00,DEN,WR,25,13,0,0,0,0,0,0,0,0,,0,24,11,145,13.18,2,0,0,2,,,27,37.5,40.5,32.0,,113,
282,Chester Rogers\RogeCh02,IND,WR,22,14,2,0,0,0,0,0,0,0,,0,34,19,273,14.37,0,2,0,0,,,27,46.3,49.3,36.8,,112,
283,Shane Vereen\VereSh00,NYG,RB,27,5,1,0,0,0,0,0,33,158,4.79,1,19,11,94,8.55,0,2,2,1,,,27,38.2,43.2,32.7,,81,
284,Kapri Bibbs\BibbKa00,DEN,RB,23,12,0,0,0,0,0,0,29,129,4.45,0,4,2,75,37.50,1,0,0,1,,,26,28.4,31.4,27.4,,82,
285,Demetrius Harris\HarrDe03,KAN,TE,25,16,11,0,0,0,0,0,0,0,,0,31,17,123,7.24,1,1,0,2,1,,26,43.3,46.3,34.8,,45,
286,Jaron Brown\BrowJa03,ARI,WR,26,7,2,0,0,0,0,0,0,0,,0,22,11,187,17.00,1,0,0,1,,,25,35.7,38.7,30.2,,116,
287,Alex Collins\CollAl00,SEA,RB,22,11,0,0,0,0,0,0,31,125,4.03,1,11,11,84,7.64,0,2,1,1,,,25,35.9,39.9,30.4,,83,
288,Seth Devalve\DevaSe00,CLE,TE,23,12,2,0,0,0,0,0,0,0,,0,12,10,127,12.70,2,0,0,2,,,25,34.7,37.7,29.7,,48,
289,Josh Huff\HuffJo00,2TM,WR,25,10,2,0,1,0,0,0,4,15,3.75,0,23,16,113,7.06,1,0,0,2,,,25,40.8,43.8,32.8,,115,
290,Jeff Janis\JaniJe00,GNB,WR,25,16,1,0,0,0,0,0,2,38,19.00,1,19,11,93,8.45,1,0,0,2,,,25,36.1,36.1,30.6,,114,
291,Charone Peake\PeakCh00,NYJ,WR,24,15,1,0,0,0,0,0,0,0,,0,35,19,186,9.79,0,0,0,1,,,25,43.6,46.6,34.1,,117,
292,Mychal Rivera\RiveMy00,OAK,TE,26,13,2,0,0,0,0,0,0,0,,0,25,18,192,10.67,1,0,0,1,,,25,43.2,46.2,34.2,,46,
293,Mike Tolbert*\TolbMi00,CAR,RB,31,16,2,0,0,0,0,0,35,114,3.26,0,15,10,72,7.20,1,0,0,1,,,25,34.6,37.6,29.6,,84,
294,Luke Willson\WillLu00,SEA,TE,26,11,6,0,0,0,0,0,0,0,,0,21,15,129,8.60,2,0,0,2,,,25,39.9,42.9,32.4,,47,
295,Orleans Darkwa\DarkOr00,NYG,RB,24,10,2,0,0,0,0,0,30,111,3.70,2,4,2,12,6.00,0,0,0,2,,,24,26.3,29.3,25.3,,85,
296,Kenneth Farrow\FarrKe02,SDG,RB,23,13,2,0,0,0,0,0,60,192,3.20,0,16,13,70,5.38,0,2,1,0,,,24,37.2,41.2,30.7,,86,
297,Xavier Grimble\GrimXa00,PIT,TE,24,13,2,0,0,0,0,0,0,0,,0,21,11,118,10.73,2,0,0,2,,,24,34.8,37.8,29.3,,49,
298,Jalin Marshall\MarsJa01,NYJ,WR,21,10,1,0,0,0,0,0,0,0,,0,23,14,162,11.57,2,4,2,2,,,24,38.2,43.2,31.2,,118,
299,Charles Johnson\JohnCh08,MIN,WR,27,16,7,0,0,0,0,0,0,0,,0,37,20,232,11.60,0,0,0,0,,,23,43.2,46.2,33.2,,120,
300,Marcedes Lewis\LewiMa00,JAX,TE,32,10,10,0,0,0,0,0,0,0,,0,30,20,169,8.45,1,0,0,1,,,23,42.9,45.9,32.9,,50,
301,Jordan Norwood\NorwJo00,DEN,WR,30,14,6,0,0,0,0,0,1,0,0.00,0,35,21,232,11.05,1,5,3,1,,,23,44.2,50.2,33.7,,119,
302,Ameer Abdullah\AbduAm00,DET,RB,23,2,2,0,0,0,0,0,18,101,5.61,0,5,5,57,11.40,1,0,0,1,,,22,26.8,29.8,24.3,,88,
303,Ronnie Hillman\HillRo00,2TM,RB,25,8,1,0,0,0,0,0,41,131,3.20,0,15,7,93,13.29,0,0,0,0,,,22,29.4,32.4,25.9,,87,
304,Ben Koyack\KoyaBe00,JAX,TE,23,14,7,0,0,0,0,0,0,0,,0,24,19,161,8.47,1,0,0,1,,,22,41.1,44.1,31.6,,51,
305,Roger Lewis\LewiRo03,NYG,WR,23,13,1,0,0,0,0,0,0,0,,0,19,7,97,13.86,2,0,0,2,,,22,28.7,28.7,25.2,,122,
306,Marquess Wilson\WilsMa02,CHI,WR,24,3,1,0,0,0,0,0,0,0,,0,16,9,160,17.78,1,0,0,1,,,22,31.0,34.0,26.5,,121,
307,Harry Douglas\DougHa00,TEN,WR,32,11,2,0,0,0,0,0,0,0,,0,22,15,210,14.00,0,0,0,0,,,21,36.0,39.0,28.5,,124,
308,Lance Dunbar\DunbLa00,DAL,RB,26,13,0,0,0,0,0,0,9,31,3.44,1,24,16,122,7.63,0,1,0,1,,,21,37.3,40.3,29.3,,89,
309,Darren Fells\FellDa01,ARI,TE,30,14,7,0,0,0,0,0,0,0,,0,18,14,154,11.00,1,0,0,1,,,21,35.4,38.4,28.4,,53,
310,Josh Hill\HillJo02,NOR,TE,26,9,8,0,0,0,0,0,0,0,,0,22,15,149,9.93,1,0,0,1,,,21,35.9,38.9,28.4,,54,
311,Andre Johnson\JohnAn02,TEN,WR,35,8,4,0,0,0,0,0,0,0,,0,22,9,85,9.44,2,0,0,2,,,21,29.5,29.5,25.0,,126,
312,Ricardo Louis\LouiRi00,CLE,WR,22,16,3,0,0,0,0,0,0,0,,0,35,18,205,11.39,0,1,0,0,,,21,38.5,41.5,29.5,,125,
313,Austin Seferian-Jenkins\SefeAu00,2TM,TE,24,9,2,0,0,0,0,0,0,0,,0,20,13,154,11.85,1,0,0,1,,,21,34.4,37.4,27.9,,52,
314,Darren Waller\WallDa01,BAL,TE,24,12,3,0,0,0,0,0,0,0,,0,17,10,85,8.50,2,0,0,2,,,21,30.5,30.5,25.5,,55,
315,Danny Woodhead\WoodDa02,SDG,WR,31,2,1,0,0,0,0,0,19,116,6.11,0,8,6,35,5.83,1,0,0,1,,,21,27.1,30.1,24.1,,123,
316,Cody Core\CoreCo00,CIN,WR,22,8,4,0,0,0,0,0,0,0,,0,27,17,200,11.76,0,0,0,0,,,20,37.0,40.0,28.5,,128,
317,Anthony Fasano\FasaAn00,TEN,TE,32,16,10,0,0,0,0,0,0,0,,0,13,8,83,10.38,2,0,0,2,,,20,28.3,28.3,24.3,,56,
318,Jonathan Grimes\GrimJo01,HOU,RB,27,10,0,0,0,0,0,0,23,105,4.57,0,18,13,94,7.23,0,0,0,0,,,20,32.9,35.9,26.4,,90,
319,Freddie Martino\MartFr00,TAM,WR,25,13,0,0,0,0,0,0,0,0,,0,11,8,142,17.75,1,0,0,1,,,20,28.2,31.2,24.2,,127,
320,Bobby Rainey\RainBo00,NYG,RB,29,15,0,0,0,0,0,0,17,63,3.71,0,25,20,153,7.65,0,1,1,0,,,20,39.6,43.6,29.6,,91,
321,Kevin White\WhitKe00,CHI,WR,24,4,4,0,0,0,0,0,1,9,9.00,0,36,19,187,9.84,0,0,0,0,,,20,38.6,41.6,29.1,,129,
322,Benny Cunningham\CunnBe01,LAR,RB,26,11,0,0,0,0,0,0,21,101,4.81,0,21,16,91,5.69,0,1,0,0,,,19,35.2,38.2,27.2,,92,
323,Ed Dickson\DickEd00,CAR,TE,29,16,8,0,0,0,0,0,0,0,,0,19,10,134,13.40,1,0,0,1,,,19,29.4,32.4,24.4,,57,
324,Jerell Adams\AdamJe01,NYG,TE,24,13,2,0,0,0,0,0,0,0,,0,21,16,122,7.63,1,1,0,1,,,18,34.2,37.2,26.2,,59,
325,Arrelious Benn\BennAr00,JAX,WR,28,15,0,0,0,0,0,0,0,0,,0,10,5,116,23.20,1,0,0,1,,,18,22.6,25.6,20.1,,130,
326,Daniel Brown\BrowDa04,2TM,TE,24,8,3,0,0,0,0,0,0,0,,0,20,16,124,7.75,1,0,0,1,,,18,34.4,37.4,26.4,,58,
327,Ka'Deem Carey\CareKa00,CHI,RB,24,12,0,0,0,0,0,0,32,126,3.94,0,7,5,55,11.00,0,0,0,0,,,18,23.1,26.1,20.6,,94,
328,Andre Ellington\ElliAn00,ARI,RB,27,16,0,0,0,0,0,0,34,96,2.82,0,19,12,85,7.08,0,0,0,0,,,18,30.1,30.1,24.1,,93,
329,Tom Savage\SavaTo00,HOU,QB,26,3,2,46,73,461,0,0,6,12,2.00,0,0,0,0,,0,1,1,0,,,18,17.6,21.6,17.6,,46,
330,Derek Anderson\AndeDe00,CAR,QB,33,5,2,36,53,453,2,5,1,4,4.00,0,0,0,0,,0,1,1,0,,1,17,16.5,25.5,21.5,,48,
331,Reggie Bush\BushRe00,BUF,RB,31,13,0,0,0,0,0,0,12,-3,-0.25,1,10,7,90,12.86,0,1,0,1,1,,17,23.7,23.7,20.2,,95,
332,MarQueis Gray\GrayMa00,MIA,TE,27,16,7,0,0,0,0,0,0,0,,0,17,14,174,12.43,0,0,0,0,,,17,31.4,34.4,24.4,,60,
333,Kevin Hogan\HogaKe00,CLE,QB,24,4,0,14,26,104,0,2,8,105,13.13,1,0,0,0,,0,0,0,1,,,17,16.7,21.7,18.7,,47,
334,Vincent Jackson\JackVi00,TAM,WR,33,5,5,0,0,0,0,0,0,0,,0,32,15,173,11.53,0,0,0,0,,,17,32.3,35.3,24.8,,131,
335,Denard Robinson\RobiDe00,JAX,WR,26,13,1,0,0,0,0,0,41,144,3.51,0,5,3,22,7.33,0,0,0,0,,,17,19.6,22.6,18.1,,132,
336,Brandon Tate\TateBr00,BUF,WR,29,15,1,0,0,0,0,0,3,48,16.00,0,12,8,117,14.63,0,0,0,0,,,17,24.5,27.5,20.5,,133,
337,Matt Cassel\CassMa00,TEN,QB,34,4,1,30,51,284,2,2,4,3,0.75,0,0,0,0,,0,1,0,0,,,16,15.7,17.7,17.7,,49,
338,Brent Celek\CeleBr00,PHI,TE,31,16,8,0,0,0,0,0,0,0,,0,19,14,155,11.07,0,1,0,0,,,16,29.5,32.5,22.5,,61,
339,Josh Ferguson\FergJo02,IND,RB,23,16,0,0,0,0,0,0,15,20,1.33,0,26,20,136,6.80,0,1,0,0,,,16,35.6,38.6,25.6,,97,
340,Chris Johnson\JohnCh04,ARI,RB,31,4,0,0,0,0,0,0,25,95,3.80,1,1,0,0,,0,0,0,1,,,16,15.5,15.5,15.5,,98,
341,Braxton Miller\MillBr03,HOU,WR,24,10,6,0,0,0,0,0,3,0,0.00,0,28,15,99,6.60,1,0,0,1,,,16,30.9,30.9,23.4,,134,
342,Terron Ward\WardTe00,ATL,RB,24,5,0,0,0,0,0,0,31,151,4.87,0,2,1,11,11.00,0,0,0,0,,,16,17.2,20.2,16.7,,96,
343,Stephen Anderson\AndeSt01,HOU,TE,23,13,0,0,0,0,0,0,0,0,,0,16,11,93,8.45,1,0,0,1,,,15,26.3,26.3,20.8,,62,
344,Tyler Higbee\HigbTy00,LAR,TE,23,16,7,0,0,0,0,0,0,0,,0,29,11,85,7.73,1,0,0,1,,,15,25.5,25.5,20.0,,63,
345,Greg Salas\SalaGr00,BUF,WR,28,2,1,0,0,0,0,0,0,0,,0,6,4,89,22.25,1,0,0,1,,,15,18.9,18.9,16.9,,136,
346,Cecil Shorts\ShorCe00,TAM,WR,29,9,5,0,0,0,0,0,0,0,,0,27,11,152,13.82,0,0,0,0,,,15,26.2,29.2,20.7,,135,
347,Mack Brown\BrowMa02,WAS,RB,25,9,0,0,0,0,0,0,8,82,10.25,1,1,1,-2,-2.00,0,0,0,1,,,14,15.0,15.0,14.5,,99,
348,A.J. Derby\DerbA.00,2TM,TE,25,10,3,0,0,0,0,0,0,0,,0,20,16,160,10.00,0,1,1,0,,,14,30.0,34.0,22.0,,65,
349,Jeff Heuerman\HeueJe00,DEN,TE,24,12,2,0,0,0,0,0,0,0,,0,17,9,141,15.67,0,0,0,0,,,14,23.1,26.1,18.6,,64,
350,Akeem Hunt\HuntAk01,HOU,RB,23,8,0,0,0,0,0,0,20,109,5.45,0,4,3,29,9.67,0,2,0,0,,,14,16.8,19.8,15.3,,100,
351,Andy Janovich\JanoAn00,DEN,RB,23,11,5,0,0,0,0,0,4,33,8.25,1,7,5,44,8.80,0,0,0,1,,,14,18.7,18.7,16.2,,101,
352,Brandon Myers\MyerBr00,TAM,TE,31,16,9,0,0,0,0,0,0,0,,0,14,7,59,8.43,1,0,0,1,1,,14,20.9,20.9,17.4,,66,
353,Walt Powell\PoweWa00,BUF,WR,25,9,2,0,0,0,0,0,0,0,,0,25,14,142,10.14,0,0,0,0,,,14,28.2,31.2,21.2,,137,
354,Larry Donnell\DonnLa00,NYG,TE,28,14,6,0,0,0,0,0,0,0,,0,22,15,92,6.13,1,1,1,1,,,13,28.2,29.2,20.7,,67,
355,Arian Foster\FostAr00,MIA,RB,30,4,2,0,0,0,0,0,22,55,2.50,0,10,6,78,13.00,0,1,0,0,,,13,19.3,19.3,16.3,,103,
356,Crockett Gillmore\GillCr00,BAL,TE,25,7,5,0,0,0,0,0,0,0,,0,14,8,71,8.88,1,0,0,1,,,13,21.1,21.1,17.1,,69,
357,Chris Harper\HarpCh01,SFO,WR,23,9,2,0,0,0,0,0,0,0,,0,21,13,133,10.23,0,0,0,0,,,13,26.3,29.3,19.8,,138,
358,Chris Moore\MoorCh00,BAL,WR,23,15,0,0,0,0,0,0,3,19,6.33,0,16,7,46,6.57,0,1,0,1,,,13,19.5,19.5,16.0,,143,
359,Nick O'Leary\OLeaNi00,BUF,RB,24,16,7,0,0,0,0,0,0,0,,0,14,9,114,12.67,0,0,0,0,1,,13,22.4,25.4,17.9,,102,
360,John Phillips\PhilJo00,2TM,TE,29,16,7,0,0,0,0,0,0,0,,0,15,10,72,7.20,1,0,0,1,,,13,23.2,23.2,18.2,,68,
361,Jaelen Strong\StroJa01,HOU,WR,22,8,2,0,0,0,0,0,0,0,,0,24,14,131,9.36,0,0,0,0,,,13,27.1,30.1,20.1,,140,
362,Paul Turner\TurnPa01,PHI,WR,23,4,2,0,0,0,0,0,0,0,,0,14,9,126,14.00,0,0,0,0,,,13,21.6,24.6,17.1,,142,
363,Markus Wheaton\WheaMa00,PIT,WR,25,3,2,0,0,0,0,0,0,0,,0,9,4,51,12.75,1,0,0,1,1,,13,17.1,17.1,15.1,,139,
364,Jarius Wright\WrigJa02,MIN,WR,27,8,1,0,0,0,0,0,0,0,,0,14,11,67,6.09,1,0,0,1,,,13,23.7,23.7,18.2,,141,
365,Jordan Cameron\CameJo00,MIA,TE,28,3,3,0,0,0,0,0,0,0,,0,11,8,60,7.50,1,0,0,1,,,12,20.0,20.0,16.0,,71,
366,Mike Davis\DaviMi01,SFO,RB,23,8,1,0,0,0,0,0,19,50,2.63,1,5,3,25,8.33,0,1,1,1,,,12,14.5,15.5,13.0,,106,
367,Rhett Ellison\ElliRh00,MIN,RB,28,15,6,0,0,0,0,0,1,1,1.00,1,14,9,57,6.33,0,0,0,1,,,12,20.8,20.8,16.3,,105,
368,Brittan Golden\GoldBr00,ARI,WR,28,12,1,0,0,0,0,0,0,0,,0,14,8,82,10.25,1,1,1,1,,,12,20.2,21.2,16.2,,144,
369,Dominique Jones\JoneDo01,MIA,TE,29,9,2,0,0,0,0,0,0,0,,0,10,7,61,8.71,1,0,0,1,,,12,19.1,19.1,15.6,,70,
370,Jordan Todman\TodmJo00,IND,RB,26,16,0,0,0,0,0,0,9,59,6.56,0,1,0,0,,0,0,0,1,,,12,11.9,11.9,11.9,,104,
371,Jamaal Charles\CharJa00,KAN,RB,30,3,0,0,0,0,0,0,12,40,3.33,1,3,2,14,7.00,0,0,0,1,,,11,13.4,13.4,12.4,,108,
372,Patrick DiMarco\DiMaPa00,ATL,RB,27,16,8,0,0,0,0,0,0,0,,0,10,7,52,7.43,1,0,0,1,,,11,18.2,18.2,14.7,,109,
373,Neal Sterling\SterNe00,JAX,WR,24,10,1,0,0,0,0,0,0,0,,0,16,12,110,9.17,0,0,0,0,,,11,23.0,26.0,17.0,,146,
374,Lucky Whitehead\WhitLu00,DAL,WR,24,15,1,0,0,0,0,0,10,82,8.20,0,3,3,48,16.00,0,3,1,0,,,11,14.0,15.0,12.5,,145,
375,Jonathan Williams\WillJo07,BUF,RB,22,11,0,0,1,0,0,0,27,94,3.48,1,2,1,0,0.00,0,2,2,1,,,11,12.4,14.4,11.9,,107,
376,Demarcus Ayers\AyerDe00,PIT,WR,22,2,1,0,0,0,0,0,2,-12,-6.00,0,13,6,53,8.83,1,0,0,1,,,10,16.1,16.1,13.1,,147,
377,Alan Cross\CrosAl00,TAM,TE,23,14,0,0,0,0,0,0,0,0,,0,10,6,38,6.33,1,0,0,1,,,10,15.8,15.8,12.8,,74,
378,Shaun Hill\HillSh00,MIN,QB,36,3,1,19,35,242,0,0,5,5,1.00,0,0,0,0,,0,0,0,0,,,10,10.2,10.2,10.2,,50,
379,David Johnson\JohnDa05,PIT,TE,29,16,5,0,0,0,0,0,0,0,,0,11,7,80,11.43,0,0,0,0,1,,10,17.0,17.0,13.5,,73,
380,Darren McFadden\McFaDa00,DAL,RB,29,3,1,0,0,0,0,0,24,87,3.63,0,5,3,17,5.67,0,0,0,0,,,10,13.4,13.4,11.9,,110,
381,Joshua Perkins\PerkJo02,ATL,TE,23,8,1,0,0,0,0,0,0,0,,0,5,3,42,14.00,1,0,0,1,,,10,13.2,13.2,11.7,,72,
382,Antone Smith\SmitAn01,TAM,RB,31,3,0,0,0,0,0,0,10,47,4.70,0,9,6,77,12.83,0,2,1,0,,,10,16.4,17.4,13.4,,111,
383,James Wright\WrigJa03,CIN,WR,25,13,2,0,0,0,0,0,2,-6,-3.00,0,19,13,106,8.15,0,0,0,0,,,10,23.0,26.0,16.5,,148,
384,George Atkinson\AtkiGe01,CLE,RB,24,16,0,0,0,0,0,0,7,34,4.86,1,0,0,0,,0,1,0,1,,,9,9.4,9.4,9.4,,112,
385,Blake Bell\BellBl00,SFO,TE,25,13,0,0,0,0,0,0,0,0,,0,9,4,85,21.25,0,0,0,0,,,9,12.5,12.5,10.5,,77,
386,Leonte Carroo\CarrLe00,MIA,WR,22,14,2,0,0,0,0,0,0,0,,0,6,3,29,9.67,1,0,0,1,,,9,11.9,11.9,10.4,,150,
387,Pharoh Cooper\CoopPh00,LAR,WR,21,10,3,0,1,0,0,1,0,0,,0,20,14,106,7.57,0,0,0,0,,,9,22.6,26.6,16.6,,153,
388,Gavin Escobar\EscoGa00,DAL,TE,25,16,1,0,0,0,0,0,0,0,,0,7,4,30,7.50,1,0,0,1,,,9,13.0,13.0,11.0,,76,
389,Mike Glennon\GlenMi00,TAM,QB,27,2,0,10,11,75,1,0,0,0,,0,0,0,0,,0,0,0,0,,1,9,9.0,9.0,9.0,,53,
390,T.J. Jones\JoneT.00,DET,WR,24,3,0,0,0,0,0,0,0,0,,0,14,5,93,18.60,0,0,0,0,,,9,14.3,14.3,11.8,,149,
391,Tyler Kroft\KrofTy00,CIN,TE,24,14,11,0,0,0,0,0,0,0,,0,12,10,92,9.20,0,0,0,0,,,9,19.2,19.2,14.2,,75,
392,Tommylee Lewis\LewiTo00,NOR,WR,24,12,1,0,0,0,0,0,3,11,3.67,0,11,7,76,10.86,0,2,0,0,,,9,15.7,15.7,12.2,,151,
393,Marcel Reece\ReecMa00,SEA,RB,31,4,0,0,0,0,0,0,2,0,0.00,0,5,5,73,14.60,0,0,0,0,1,,9,14.3,14.3,11.8,,114,
394,Drew Stanton\StanDr00,ARI,QB,32,5,1,19,48,192,2,3,3,-3,-1.00,0,0,0,0,,0,0,0,0,,,9,9.4,12.4,12.4,,52,
395,Juwan Thompson\ThomJu01,DEN,RB,24,8,1,0,0,0,0,0,8,26,3.25,1,1,0,0,,0,0,0,1,,,9,8.6,8.6,8.6,,118,
396,Fitzgerald Toussaint\TousFi00,PIT,RB,26,16,0,0,0,0,0,0,14,58,4.14,0,3,3,33,11.00,0,0,0,0,,,9,12.1,12.1,10.6,,115,
397,Bryce Treggs\TregBr00,PHI,WR,22,9,1,0,0,0,0,0,2,7,3.50,0,12,3,80,26.67,0,0,0,0,,,9,11.7,11.7,10.2,,152,
398,Terrell Watson\WatsTe00,PHI,RB,23,1,0,0,0,0,0,0,9,28,3.11,1,1,1,5,5.00,0,0,0,1,,,9,10.3,10.3,9.8,,113,
399,Derek Watt\WattDe00,SDG,RB,24,16,2,0,0,0,0,0,2,4,2.00,0,4,4,83,20.75,0,0,0,0,,,9,12.7,12.7,10.7,,117,
400,Charlie Whitehurst\WhitCh02,CLE,QB,34,1,0,14,24,182,1,1,2,1,0.50,0,0,0,0,,0,0,0,0,,,9,9.4,10.4,10.4,,51,
401,Andre Williams\WillAn00,SDG,RB,24,1,0,0,0,0,0,0,18,87,4.83,0,2,0,0,,0,0,0,0,,,9,8.7,8.7,8.7,,116,
402,Trevone Boykin\BoykTr00,SEA,QB,23,5,0,13,18,145,1,1,8,1,0.13,0,0,0,0,,0,1,0,0,,,8,7.9,8.9,8.9,,55,
403,Ryan Grant\GranRy01,WAS,WR,26,16,1,0,0,0,0,0,0,0,,0,19,9,76,8.44,0,0,0,0,,,8,16.6,16.6,12.1,,155,
404,Connor Hamlett\HamlCo01,CLE,TE,24,3,2,0,0,0,0,0,0,0,,0,1,1,17,17.00,1,0,0,1,,,8,8.7,8.7,8.2,,79,
405,Rashard Higgins\HiggRa00,CLE,WR,22,16,0,0,0,0,0,0,0,0,,0,12,6,77,12.83,0,0,0,0,,,8,13.7,13.7,10.7,,154,
406,Cody Latimer\LatiCo00,DEN,WR,24,12,1,0,0,0,0,0,0,0,,0,15,8,76,9.50,0,0,0,0,,,8,15.6,15.6,11.6,,156,
407,Matt Lengel\LengMa00,NWE,TE,26,6,0,0,0,0,0,0,0,0,,0,3,2,22,11.00,1,0,0,1,,,8,10.2,10.2,9.2,,78,
408,Geno Smith\SmitGe00,NYJ,QB,26,2,1,8,14,126,1,1,2,9,4.50,0,0,0,0,,0,1,0,0,,,8,7.9,8.9,8.9,,54,
409,Wendall Williams\WillWe00,HOU,WR,26,3,0,0,0,0,0,0,0,0,,0,7,4,75,18.75,0,0,0,0,,,8,11.5,11.5,9.5,,157,
410,Malcolm Brown\BrowMa03,LAR,RB,23,16,0,0,0,0,0,0,18,39,2.17,0,3,3,46,15.33,0,1,1,0,,,7,9.5,10.5,8.0,,121,
411,Aaron Burbridge\BurbAa00,SFO,WR,23,16,3,0,0,0,0,0,0,0,,0,16,7,88,12.57,0,1,1,0,,,7,13.8,14.8,10.3,,161,
412,Michael Campanaro\CampMi02,BAL,WR,25,3,0,0,0,0,0,0,3,72,24.00,0,1,0,0,,0,0,0,0,,,7,7.2,7.2,7.2,,158,
413,Josh Doctson\DoctJo00,WAS,WR,24,2,0,0,0,0,0,0,0,0,,0,6,2,66,33.00,0,0,0,0,,,7,8.6,8.6,7.6,,162,
414,Alex Erickson\EricAl01,CIN,WR,24,16,0,0,0,0,0,0,0,0,,0,8,6,71,11.83,0,3,0,0,,,7,13.1,13.1,10.1,,159,
415,Jerome Felton\FeltJe00,BUF,RB,30,15,4,0,0,0,0,0,8,13,1.63,0,9,6,57,9.50,0,0,0,0,,,7,13.0,13.0,10.0,,120,
416,Maurice Harris\HarrMa05,WAS,WR,24,10,0,0,0,0,0,0,0,0,,0,12,8,66,8.25,0,1,0,0,,,7,14.6,14.6,10.6,,163,
417,EJ Manuel\ManuEJ00,BUF,QB,26,6,1,11,26,131,0,0,8,22,2.75,0,0,0,0,,0,2,1,0,,1,7,7.4,8.4,7.4,,56,
418,Byron Marshall\MarsBy01,PHI,RB,22,3,0,0,0,0,0,0,19,64,3.37,0,5,3,10,3.33,0,0,0,0,,,7,10.4,10.4,8.9,,119,
419,Keith Mumphery\MumpKe00,HOU,WR,24,11,3,0,0,0,0,0,0,0,,0,12,10,69,6.90,0,0,0,0,,,7,16.9,16.9,11.9,,160,
420,Geoff Swaim\SwaiGe00,DAL,TE,23,9,6,0,0,0,0,0,0,0,,0,8,6,69,11.50,0,0,0,0,,,7,12.9,12.9,9.9,,80,
421,Keenan Allen\AlleKe00,SDG,WR,24,1,1,0,0,0,0,0,0,0,,0,7,6,63,10.50,0,0,0,0,,,6,12.3,12.3,9.3,,166,
422,Jace Amaro\AmarJa00,TEN,TE,24,3,0,0,0,0,0,0,0,0,,0,4,3,59,19.67,0,0,0,0,,,6,8.9,8.9,7.4,,84,
423,Brandon Bostick\BostBr00,NYJ,TE,27,16,7,0,0,0,0,0,0,0,,0,11,8,63,7.88,0,0,0,0,,,6,14.3,14.3,10.3,,81,
424,Connor Cook\CookCo00,OAK,QB,23,1,0,14,21,150,1,1,0,0,,0,0,0,0,,0,2,1,0,,,6,6.0,8.0,7.0,,57,
425,Trevor Davis\DaviTr03,GNB,WR,23,11,0,0,0,0,0,0,0,0,,0,7,3,24,8.00,1,2,1,1,,,6,9.4,10.4,7.9,,165,
426,Johnny Holton\HoltJo00,OAK,WR,26,15,0,0,0,0,0,0,6,43,7.17,0,3,2,34,17.00,0,1,1,0,,,6,7.7,8.7,6.7,,168,
427,Adrian Peterson\PeteAd01,MIN,RB,31,3,3,0,0,0,0,0,37,72,1.95,0,6,3,8,2.67,0,1,1,0,,,6,9.0,10.0,7.5,,122,
428,Phillip Supernaw\SupePh00,TEN,TE,26,15,2,0,0,0,0,0,0,0,,0,5,4,62,15.50,0,0,0,0,,,6,10.2,10.2,8.2,,82,
429,De'Anthony Thomas\ThomDe05,KAN,WR,23,12,0,0,0,0,0,0,4,29,7.25,0,9,7,35,5.00,0,0,0,0,,,6,13.4,13.4,9.9,,164,
430,D.J. Tialavea\TialD.00,ATL,TE,25,2,0,0,0,0,0,0,0,0,,0,1,1,1,1.00,1,0,0,1,,,6,7.1,7.1,6.6,,83,
431,Nick Williams\WillNi02,ATL,WR,26,2,0,0,0,0,0,0,0,0,,0,7,5,59,11.80,0,0,0,0,,,6,10.9,10.9,8.4,,167,
432,Javorius Allen\AlleJa01,BAL,RB,25,8,0,0,0,0,0,0,9,34,3.78,0,4,3,15,5.00,0,0,0,0,,,5,7.9,7.9,6.4,,125,
433,Knile Davis\DaviKn00,2TM,RB,25,11,0,0,0,0,0,0,18,28,1.56,0,7,5,25,5.00,0,0,0,0,,,5,10.3,10.3,7.8,,123,
434,Tavarres King\KingTa00,NYG,WR,26,7,0,0,0,0,0,0,0,0,,0,4,2,50,25.00,0,0,0,0,,,5,7.0,7.0,6.0,,170,
435,Ifeanyi Momah\MomaIf00,ARI,WR,27,5,1,0,0,0,0,0,0,0,,0,4,2,50,25.00,0,0,0,0,,,5,7.0,7.0,6.0,,169,
436,Troymaine Pope\PopeTr00,2TM,RB,23,4,0,0,0,0,0,0,12,44,3.67,0,2,1,5,5.00,0,0,0,0,,,5,5.9,5.9,5.4,,124,
437,Tony Romo\RomoTo00,DAL,QB,36,1,0,3,4,29,1,0,0,0,,0,0,0,0,,0,0,0,0,,,5,5.2,5.2,5.2,,58,
438,Brandon Wilds\WildBr01,NYJ,RB,23,4,0,0,0,0,0,0,10,27,2.70,0,2,2,20,10.00,0,0,0,0,,,5,6.7,6.7,5.7,,126,
439,Nick Boyle\BoylNi00,BAL,TE,23,6,0,0,0,0,0,0,0,0,,0,6,6,44,7.33,0,0,0,0,,,4,10.4,10.4,7.4,,85,
440,Ben Braunecker\BrauBe00,CHI,TE,22,13,2,0,0,0,0,0,0,0,,0,6,4,41,10.25,0,0,0,0,,,4,8.1,8.1,6.1,,86,
441,Quan Bray\BrayQu00,IND,WR,23,6,0,0,0,0,0,0,1,7,7.00,0,4,3,36,12.00,0,0,0,0,,,4,7.3,7.3,5.8,,171,
442,Jakeem Grant\GranJa00,MIA,WR,24,16,0,0,0,0,0,0,1,1,1.00,0,1,0,0,,0,4,1,1,,,4,4.1,5.1,4.1,,172,
443,Mike James\JameMi00,TAM,RB,25,4,0,0,0,0,0,0,4,19,4.75,0,4,4,22,5.50,0,0,0,0,,,4,8.1,8.1,6.1,,128,
444,Daniel Lasco\LascDa00,NOR,RB,24,7,0,0,0,0,0,0,11,32,2.91,0,4,2,11,5.50,0,0,0,0,,,4,6.3,6.3,5.3,,127,
445,Bradley Marquez\MarqBr00,LAR,WR,24,14,0,0,0,0,0,0,1,2,2.00,0,7,3,37,12.33,0,0,0,0,,,4,6.9,6.9,5.4,,173,
446,Justin Perillo\PeriJu00,GNB,TE,25,9,1,0,0,0,0,0,0,0,,0,5,4,35,8.75,0,0,0,0,,,4,7.5,7.5,5.5,,88,
447,Brandon Williams\WillBr04,SEA,TE,29,16,1,0,0,0,0,0,0,0,,0,3,2,36,18.00,0,0,0,0,,,4,5.6,5.6,4.6,,87,
448,D.J. Foster\FostD.01,NWE,RB,23,3,0,0,0,0,0,0,7,24,3.43,0,2,1,2,2.00,0,0,0,0,,,3,3.6,3.6,3.1,,132,
449,Don Jackson\JackDo01,GNB,RB,23,3,1,0,0,0,0,0,10,32,3.20,0,1,0,0,,0,0,0,0,,,3,3.2,3.2,3.2,,129,
450,Malcolm Johnson\JohnMa06,CLE,RB,24,7,1,0,0,0,0,0,1,2,2.00,0,7,5,44,8.80,0,1,1,0,,,3,7.6,8.6,5.1,,133,
451,Sean McGrath\McGrSe00,SDG,TE,29,16,5,0,0,0,0,0,0,0,,0,2,2,25,12.50,0,0,0,0,,,3,4.5,4.5,3.5,,91,
452,Isaiah Pead\PeadIs00,MIA,RB,27,3,0,0,0,0,0,0,8,22,2.75,0,1,1,6,6.00,0,0,0,0,,,3,3.8,3.8,3.3,,130,
453,Lee Smith\SmitLe00,OAK,TE,29,4,4,0,0,0,0,0,0,0,,0,6,6,29,4.83,0,0,0,0,,,3,8.9,8.9,5.9,,90,
454,Nick Vannett\VannNi00,SEA,TE,23,9,2,0,0,0,0,0,0,0,,0,4,3,32,10.67,0,0,0,0,,,3,6.2,6.2,4.7,,89,
455,Danny Vitale\VitaDa00,CLE,RB,23,9,3,0,0,0,0,0,0,0,,0,5,4,27,6.75,0,0,0,0,,,3,6.7,6.7,4.7,,131,
456,Antonio Andrews\AndrAn00,TEN,RB,24,16,0,0,0,0,0,0,2,15,7.50,0,0,0,0,,0,0,0,0,,,2,1.5,1.5,1.5,,138,
457,Brenton Bersin\BersBr00,CAR,WR,26,10,0,0,0,0,0,0,0,0,,0,6,2,17,8.50,0,0,0,0,,,2,3.7,3.7,2.7,,180,
458,Brandon Bolden\BoldBr00,NWE,RB,26,14,0,0,0,0,0,0,1,4,4.00,0,4,2,15,7.50,0,0,0,0,,,2,3.9,3.9,2.9,,134,
459,Damiere Byrd\ByrdDa00,CAR,WR,23,1,0,0,0,0,0,0,0,0,,0,1,1,16,16.00,0,0,0,0,,,2,2.6,2.6,2.1,,183,
460,James Develin\DeveJa00,NWE,TE,28,16,4,0,0,0,0,0,0,0,,0,6,3,18,6.00,0,0,0,0,,,2,4.8,4.8,3.3,,95,
461,Jalston Fowler\FowlJa00,TEN,RB,26,16,6,0,0,0,0,0,1,3,3.00,0,2,1,14,14.00,0,0,0,0,,,2,2.7,2.7,2.2,,135,
462,Clay Harbor\HarbCl00,2TM,TE,29,15,2,0,0,0,0,0,0,0,,0,3,3,19,6.33,0,0,0,0,,,2,4.9,4.9,3.4,,93,
463,Percy Harvin\HarvPe00,BUF,WR,28,2,1,0,0,0,0,0,1,11,11.00,0,4,2,6,3.00,0,0,0,0,,,2,3.7,3.7,2.7,,181,
464,Cardale Jones\JoneCa01,BUF,QB,24,1,0,6,11,96,0,1,1,-1,-1.00,0,0,0,0,,0,0,0,0,,,2,1.7,2.7,2.7,,59,
465,Zach Line\LineZa01,MIN,RB,26,15,4,0,0,0,0,0,7,15,2.14,0,3,0,0,,0,0,0,0,,,2,1.5,1.5,1.5,,136,
466,Matt McGloin\McGlMa01,OAK,QB,27,3,1,8,15,50,0,0,3,-3,-1.00,0,0,0,0,,0,0,0,0,,,2,1.7,1.7,1.7,,60,
467,J.D. McKissic\McKiJ.00,SEA,WR,23,1,0,0,0,0,0,0,1,2,2.00,0,2,2,16,8.00,0,0,0,0,,,2,3.8,3.8,2.8,,179,
468,Logan Paulsen\PaulLo00,CHI,TE,29,16,12,0,0,0,0,0,0,0,,0,10,3,15,5.00,0,0,0,0,,,2,4.5,4.5,3.0,,96,
469,Cedric Peerman\PeerCe00,CIN,RB,30,6,0,0,0,0,0,0,6,15,2.50,0,1,0,0,,0,0,0,0,,,2,1.5,1.5,1.5,,139,
470,Jay Prosch\ProsJa00,HOU,RB,24,15,1,0,0,0,0,0,4,9,2.25,0,1,1,6,6.00,0,0,0,0,,,2,2.5,2.5,2.0,,137,
471,DeAndre Smelter\SmelDe00,SFO,WR,25,2,0,0,0,0,0,0,0,0,,0,1,1,23,23.00,0,0,0,0,,,2,3.3,3.3,2.8,,175,
472,Devin Smith\SmitDe04,NYJ,WR,24,4,0,0,0,0,0,0,0,0,,0,3,1,20,20.00,0,0,0,0,,,2,3.0,3.0,2.5,,178,
473,Luke Stocker\StocLu00,TAM,TE,28,12,10,0,0,0,0,0,0,0,,0,8,5,23,4.60,0,0,0,0,,,2,7.3,7.3,4.8,,92,
474,Devin Street\StreDe00,IND,WR,25,5,0,0,0,0,0,0,0,0,,0,6,1,20,20.00,0,0,0,0,,,2,3.0,3.0,2.5,,177,
475,Mike Thomas\ThomMi04,LAR,WR,22,15,0,0,0,0,0,0,0,0,,0,9,3,37,12.33,0,1,1,0,,,2,4.7,5.7,3.2,,182,
476,Ross Travis\TravRo00,KAN,TE,23,6,3,0,0,0,0,0,0,0,,0,6,3,15,5.00,0,0,0,0,,,2,4.5,4.5,3.0,,97,
477,Laquon Treadwell\TreaLa00,MIN,WR,21,9,1,0,0,0,0,0,0,0,,0,3,1,15,15.00,0,0,0,0,,,2,2.5,2.5,2.0,,184,
478,Griff Whalen\WhalGr00,SDG,WR,26,8,0,0,0,0,0,0,0,0,,0,4,2,22,11.00,0,0,0,0,,,2,4.2,4.2,3.2,,176,
479,Cole Wick\WickCo00,DET,TE,23,6,0,0,0,0,0,0,0,0,,0,3,2,18,9.00,0,0,0,0,,,2,3.8,3.8,2.8,,94,
480,Shane Wynn\WynnSh00,JAX,WR,24,5,0,0,0,0,0,0,2,5,2.50,0,3,1,19,19.00,0,0,0,0,,,2,3.4,3.4,2.9,,174,
481,Jared Abbrederis\AbbrJa00,GNB,WR,26,5,0,0,0,0,0,0,0,0,,0,2,1,8,8.00,0,0,0,0,,,1,1.8,1.8,1.3,,188,
482,Joe Banyard\BanyJo00,JAX,RB,28,1,0,0,0,0,0,0,2,7,3.50,0,0,0,0,,0,0,0,0,,,1,0.7,0.7,0.7,,146,
483,Jeremy Butler\ButlJe01,SDG,WR,25,4,0,0,0,0,0,0,0,0,,0,2,2,11,5.50,0,0,0,0,,,1,3.1,3.1,2.1,,186,
484,Derek Carrier\CarrDe00,WAS,TE,26,8,0,0,0,0,0,0,0,0,,0,2,2,10,5.00,0,0,0,0,,,1,3.0,3.0,2.0,,104,
485,Gerald Christian\ChriGe00,BUF,TE,25,3,0,0,0,0,0,0,0,0,,0,2,1,14,14.00,0,0,0,0,,,1,2.4,2.4,1.9,,98,
486,Chase Daniel\DaniCh00,PHI,QB,30,1,0,1,1,16,0,0,0,0,,0,0,0,0,,0,0,0,0,,,1,0.6,0.6,0.6,,62,
487,Alex Ellis\ElliAl01,JAX,TE,23,6,3,0,0,0,0,0,0,0,,0,4,3,11,3.67,0,0,0,0,,,1,4.1,4.1,2.6,,103,
488,David Fales\FaleDa00,CHI,QB,26,1,0,2,5,22,0,0,1,0,0.00,0,0,0,0,,0,1,0,0,,,1,0.9,0.9,0.9,,61,
489,George Farmer\FarmGe02,SEA,RB,23,2,0,0,0,0,0,0,1,1,1.00,0,3,1,4,4.00,0,0,0,0,,,1,1.5,1.5,1.0,,150,
490,Rashad Greene\GreeRa00,JAX,WR,24,8,0,0,0,0,0,0,0,0,,0,8,5,32,6.40,0,4,1,0,,,1,6.2,7.2,3.7,,185,
491,Je'Ron Hamm\HammJe01,SFO,TE,24,5,0,0,0,0,0,0,0,0,,0,4,2,13,6.50,0,0,0,0,,,1,3.3,3.3,2.3,,101,
492,Ryan Hewitt\HewiRy00,CIN,TE,25,16,11,0,0,0,0,0,0,0,,0,3,2,13,6.50,0,0,0,0,,,1,3.3,3.3,2.3,,99,
493,Bronson Hill\HillBr01,JAX,RB,23,3,0,0,0,0,0,0,2,11,5.50,0,1,0,0,,0,0,0,0,,,1,1.1,1.1,1.1,,143,
494,Henry Krieger-Coble\KrieHe00,DEN,TE,24,2,0,0,0,0,0,0,0,0,,0,1,1,13,13.00,0,0,0,0,,,1,2.3,2.3,1.8,,100,
495,Paul Lasike\LasiPa00,CHI,RB,26,10,3,0,0,0,0,0,3,8,2.67,0,1,1,3,3.00,0,0,0,0,,,1,2.1,2.1,1.6,,144,
496,Terrence Magee\MageTe00,SEA,RB,23,2,0,0,0,0,0,0,3,12,4.00,0,0,0,0,,0,0,0,0,,,1,1.2,1.2,1.2,,140,
497,Chris Manhertz\ManhCh00,2TM,TE,24,7,2,0,0,0,0,0,0,0,,0,1,1,10,10.00,0,0,0,0,,,1,2.0,2.0,1.5,,105,
498,Paul McRoberts\McRoPa00,LAR,WR,24,2,0,0,0,0,0,0,0,0,,0,1,1,6,6.00,0,0,0,0,,,1,1.6,1.6,1.1,,190,
499,Raheem Mostert\MostRa00,2TM,RB,24,3,0,0,0,0,0,0,1,6,6.00,0,0,0,0,,0,0,0,0,,,1,0.6,0.6,0.6,,148,
500,Matthew Mulligan\MullMa00,DET,TE,31,8,0,0,0,0,0,0,0,0,,0,1,1,8,8.00,0,0,0,0,,,1,1.8,1.8,1.3,,106,
501,Roosevelt Nix\NixxRo01,PIT,RB,24,10,2,0,0,0,0,0,0,0,,0,2,2,5,2.50,0,0,0,0,,,1,2.5,2.5,1.5,,149,
502,MyCole Pruitt\PruiMy00,2TM,TE,24,4,0,0,0,0,0,0,0,0,,0,2,2,13,6.50,0,0,0,0,,,1,3.3,3.3,2.3,,102,
503,Daryl Richardson\RichDa00,PIT,RB,26,3,0,0,0,0,0,0,2,7,3.50,0,0,0,0,,0,0,0,0,,,1,0.7,0.7,0.7,,147,
504,Rashad Ross\RossRa00,WAS,WR,26,5,0,0,0,0,0,0,0,0,,0,1,1,8,8.00,0,0,0,0,,,1,1.8,1.8,1.3,,189,
505,Anthony Sherman\SherAn00,KAN,RB,28,16,3,0,0,0,0,0,0,0,,0,6,4,11,2.75,0,0,0,0,,,1,5.1,5.1,3.1,,142,
506,Lorenzo Taliaferro\TaliLo00,BAL,RB,25,3,0,0,0,0,0,0,1,0,0.00,0,3,3,10,3.33,0,0,0,0,,,1,4.0,4.0,2.5,,145,
507,Stepfan Taylor\TaylSt00,ARI,RB,25,15,0,0,0,0,0,0,4,12,3.00,0,0,0,0,,0,0,0,0,,,1,1.2,1.2,1.2,,141,
508,Tony Washington\WashTo00,JAX,WR,24,2,0,0,0,0,0,0,0,0,,0,1,1,9,9.00,0,0,0,0,,,1,1.9,1.9,1.4,,187,
509,Mario Alford\AlfoMa00,CLE,,24,3,0,0,0,0,0,0,0,0,,0,0,0,0,,0,0,0,0,,,,,,,,197,
510,Joique Bell\BellJo01,2TM,RB,30,7,0,0,0,0,0,0,3,6,2.00,0,1,1,-2,-2.00,0,0,0,0,,,,1.4,1.4,0.9,,152,
511,Braedon Bowman\BowmBr00,NYJ,,22,3,0,0,0,0,0,0,0,0,,0,1,0,0,,0,0,0,0,,,,,,,,125,
512,Daniel Braverman\BravDa00,CHI,,23,3,0,0,0,0,0,0,0,0,,0,2,0,0,,0,0,0,0,,,,,,,,211,
513,Brandon Burks\BurkBr00,NYJ,RB,23,1,0,0,0,0,0,0,2,-4,-2.00,0,0,0,0,,0,0,0,0,,,,-0.4,-0.4,-0.4,,158,
514,Isaiah Burse\BursIs01,SDG,,25,9,1,0,0,0,0,0,0,0,,0,4,0,0,,0,0,0,0,,,,,,,,193,
515,Michael Burton\BurtMi00,DET,,24,15,0,0,0,0,0,0,0,0,,0,1,0,0,,0,0,0,0,,,,,,,,1,
516,Orson Charles\CharOr00,DET,,25,2,0,0,0,0,0,0,0,0,,0,0,0,0,,0,0,0,0,,,,,,,,112,
517,Kellen Clemens\ClemKe00,SDG,QB,33,12,0,0,1,0,0,0,2,-1,-0.50,0,0,0,0,,0,0,0,0,,,,-0.1,-0.1,-0.1,,66,
518,Asante Cleveland\ClevAs00,SDG,,24,4,0,0,0,0,0,0,0,0,,0,0,0,0,,0,0,0,0,,,,,,,,123,
519,Chase Coffman\CoffCh00,IND,,30,2,0,0,0,0,0,0,0,0,,0,0,0,0,,0,0,0,0,,,,,,,,111,
520,Geremy Davis\DaviGe00,SDG,,24,3,0,0,0,0,0,0,0,0,,0,2,0,0,,0,0,0,0,,,,,,,,202,
521,Kellen Davis\DaviKe01,NYJ,,31,8,7,0,0,0,0,0,0,0,,0,1,0,0,,0,0,0,0,,,,,,,,116,
522,Jim Dray\DrayJi00,2TM,,30,6,2,0,0,0,0,0,0,0,,0,0,0,0,,0,0,0,0,,,,,,,,113,
523,Thomas Duarte\DuarTh00,MIA,,21,1,0,0,0,0,0,0,0,0,,0,0,0,0,,0,0,0,0,,,,,,,,207,
524,Donteea Dye\DyexDo00,TAM,,23,1,0,0,0,0,0,0,0,0,,0,0,0,0,,0,0,0,0,,,,,,,,194,
525,Isaac Fruechte\FrueIs00,MIN,,25,1,0,0,0,0,0,0,0,0,,0,1,0,0,,0,0,0,0,,,,,,,,205,
526,Manasseh Garner\GarnMa00,BUF,,24,1,0,0,0,0,0,0,0,0,,0,0,0,0,,0,0,0,0,,,,,,,,115,
527,C.J. Goodwin\GoodC.00,ATL,,26,14,1,0,0,0,0,0,0,0,,0,0,0,0,,0,0,0,0,,,,,,,,203,
528,Aaron Green\GreeAa01,LAR,,24,2,0,0,0,0,0,0,0,0,,0,0,0,0,,0,0,0,0,,,,,,,,157,
529,Glenn Gronkowski\GronGl01,BUF,,23,1,0,0,0,0,0,0,0,0,,0,0,0,0,,0,0,0,0,,,,,,,,2,
530,Russell Hansbrough\HansRu00,TAM,,23,2,0,0,0,0,0,0,0,0,,0,0,0,0,,0,0,0,0,,,,,,,,155,
531,Cory Harkey\HarkCo00,LAR,,26,12,0,0,0,0,0,0,0,0,,0,0,0,0,,0,0,0,0,,,,,,,,117,
532,Clark Harris\HarrCl20,CIN,,32,13,0,0,0,0,0,0,0,0,,0,0,0,0,,0,0,0,0,,,,,,,,120,
533,Temarrick Hemingway\HemiTe00,LAR,,23,8,0,0,0,0,0,0,0,0,,0,0,0,0,,0,0,0,0,,,,,,,,110,
534,Chad Henne\HennCh01,JAX,QB,31,1,0,0,0,0,0,0,1,-2,-2.00,0,0,0,0,,0,0,0,0,,,,-0.2,-0.2,-0.2,,67,
535,Julian Howsare\HowsJu00,NYJ,,24,2,0,0,0,0,0,0,0,0,,0,0,0,0,,0,0,0,0,,,,,,,,3,
536,Anthony Johnson\JohnAn05,NWE,,21,2,0,0,0,0,0,0,0,0,,0,0,0,0,,0,0,0,0,,,,,,,,204,
537,Joe Kerridge\KerrJo00,GNB,RB,24,8,0,0,0,0,0,0,1,0,0.00,0,0,0,0,,0,0,0,0,,,,,,,,156,
538,Jake Lampman\LampJa00,NOR,,23,6,0,0,0,0,0,0,0,0,,0,0,0,0,,0,0,0,0,,,,,,,,195,
539,Khari Lee\LeexKh00,DET,,24,8,0,0,0,0,0,0,0,0,,0,1,0,0,,0,0,0,0,,,,,,,,109,
540,Dezmin Lewis\LewiDe02,BUF,,24,1,0,0,0,0,0,0,0,0,,0,1,0,0,,0,0,0,0,,,,,,,,198,
541,Tony Lippett\LippTo00,MIA,,24,16,13,0,0,0,0,0,0,0,,0,0,0,0,,0,0,0,0,,,,,,,,206,
542,Vince Mayle\MaylVi00,DAL,,25,6,0,0,0,0,0,0,0,0,,0,0,0,0,,0,0,0,0,,,,,,,,196,
543,Tre McBride\McBrTr00,TEN,,24,2,0,0,0,0,0,0,0,0,,0,0,0,0,,0,0,0,0,,,,,,,,210,
544,A.J. McCarron\McCaA.00,CIN,,26,1,0,0,0,0,0,0,0,0,,0,0,0,0,,0,0,0,0,,,,,,,,65,
545,David Morgan\MorgDa01,MIN,TE,23,12,0,0,0,0,0,0,0,0,,0,1,1,4,4.00,0,0,0,0,,,,1.4,1.4,0.9,,107,
546,Marcus Murphy\MurpMa03,NOR,RB,25,3,0,0,0,0,0,0,0,0,,0,1,1,3,3.00,0,0,0,0,,,,1.3,1.3,0.8,,153,
547,Troy Niklas\NiklTr00,ARI,TE,24,3,2,0,0,0,0,0,0,0,,0,2,1,0,0.00,0,0,0,0,,,,1.0,1.0,0.5,,122,
548,James O'Shaughnessy\O'ShJa00,KAN,TE,24,16,3,0,0,0,0,0,0,0,,0,3,2,-1,-0.50,0,0,0,0,,,,1.9,1.9,0.9,,127,
549,Ryan O'Malley\OMalRy00,OAK,,23,1,0,0,0,0,0,0,0,0,,0,0,0,0,,0,0,0,0,,,,,,,,114,
550,Jordan Payton\PaytJo00,CLE,WR,23,4,0,0,0,0,0,0,0,0,,0,3,1,3,3.00,0,0,0,0,,,,1.3,1.3,0.8,,191,
551,Demarcus Robinson\RobiDe01,KAN,,22,16,0,0,0,0,0,0,0,0,,0,0,0,0,,0,0,0,0,,,,,,,,208,
552,Khiry Robinson\RobiKh00,NYJ,RB,27,1,0,0,0,0,0,0,8,22,2.75,0,0,0,0,,0,1,1,0,,,,0.2,1.2,0.2,,154,
553,Mark Sanchez\SancMa00,DAL,QB,30,2,0,10,18,93,0,2,4,-2,-0.50,0,0,0,0,,0,0,0,0,,,,-0.5,1.5,1.5,,68,
554,Matt Schaub\SchaMa00,ATL,QB,35,4,0,1,3,16,0,0,2,-2,-1.00,0,0,0,0,,0,0,0,0,,,,0.4,0.4,0.4,,63,
555,Rashawn Scott\ScotRa01,MIA,,24,2,0,0,0,0,0,0,0,0,,0,0,0,0,,0,0,0,0,,,,,,,,199,
556,Scott Simonson\SimoSc00,CAR,,24,5,1,0,0,0,0,0,0,0,,0,0,0,0,,0,0,0,0,,,,,,,,126,
557,Rod Smith\SmitRo06,DAL,RB,24,7,0,0,0,0,0,0,0,0,,0,1,1,4,4.00,0,0,0,0,,,,1.4,1.4,0.9,,151,
558,Tevaun Smith\SmitTe03,IND,,23,2,0,0,0,0,0,0,0,0,,0,0,0,0,,0,0,0,0,,,,,,,,201,
559,Nate Solder\SoldNa00,NWE,,28,15,15,0,0,0,0,0,0,0,,0,0,0,0,,0,0,0,0,,,,,,,,124,
560,Randall Telfer\TelfRa00,CLE,TE,24,14,5,0,0,0,0,0,0,0,,0,7,2,4,2.00,0,0,0,0,,,,2.4,2.4,1.4,,108,
561,Eric Tomlinson\TomlEr01,NYJ,,24,7,5,0,0,0,0,0,0,0,,0,0,0,0,,0,0,0,0,,,,,,,,118,
562,Hakeem Valles\VallHa00,ARI,,24,11,1,0,0,0,0,0,0,0,,0,2,0,0,,0,0,0,0,,,,,,,,119,
563,Joe Webb\WebbJo00,CAR,WR,30,14,0,0,0,0,0,0,0,0,,0,3,1,3,3.00,0,0,0,0,,,,1.3,1.3,0.8,,192,
564,Eric Weems\WeemEr00,ATL,,31,16,0,0,0,0,0,0,0,0,,0,0,0,0,,0,0,0,0,,,,,,,,209,
565,Kasen Williams\WillKa02,SEA,,24,1,0,0,0,0,0,0,0,0,,0,1,0,0,,0,0,0,0,,,,,,,,200,
566,Maxx Williams\WillMa04,BAL,,22,4,0,0,0,0,0,0,0,0,,0,0,0,0,,0,0,0,0,,,,,,,,121,
567,T.J. Yates\YateT.00,MIA,,29,0,0,0,0,0,0,0,0,0,,0,0,0,0,,0,0,0,0,,,,,,,,64,
568,Bralon Addison\AddiBr01,CHI,RB,23,2,0,0,0,0,0,0,1,4,4.00,0,1,1,11,11.00,0,1,1,0,,,-1,0.5,1.5,,,159,
569,Sean Mannion\MannSe00,LAR,QB,24,1,0,3,6,19,0,1,1,-1,-1.00,0,0,0,0,,0,1,0,0,,,-1,-1.3,-0.3,-0.3,,69,
570,Tyler Ervin\ErviTy00,HOU,RB,23,12,0,0,0,0,0,0,1,3,3.00,0,5,3,18,6.00,0,3,2,0,,,-2,1.1,3.1,-0.4,,160,
571,Brett Hundley\HundBr00,GNB,QB,23,4,0,2,10,17,0,1,3,-2,-0.67,0,0,0,0,,0,1,0,0,,,-2,-1.5,-0.5,-0.5,,70,
572,Keshawn Martin\MartKe01,SFO,,26,1,0,0,0,0,0,0,0,0,,0,0,0,0,,0,1,1,0,,,-2,-2.0,-1.0,-2.0,,213,
573,Kalif Raymond\RaymKa00,DEN,,22,4,0,0,0,0,0,0,0,0,,0,2,0,0,,0,2,1,0,,,-2,-2.0,-1.0,-2.0,,214,
574,Matthew Slater*+\SlatMa00,NWE,WR,31,13,0,0,0,0,0,0,1,5,5.00,0,1,0,0,,0,2,1,0,,,-2,-1.5,-0.5,-1.5,,212,