,,,,,Games,Games,Passing,Passing,Passing,Passing,Passing,Rushing,Rushing,Rushing,Rushing,Receiving,Receiving,Receiving,Receiving,Receiving,Fumbles,Fumbles,Scoring,Scoring,Scoring,Fantasy,Fantasy,Fantasy,Fantasy,Fantasy,Fantasy,Fantasy
Rk,Player,Tm,FantPos,Age,G,GS,Cmp,Att,Yds,TD,Int,Att,Yds,Y/A,TD,Tgt,Rec,Yds,Y/R,TD,Fmb,FL,TD,2PM,2PP,FantPt,PPR,DKPt,FDPt,VBD,PosRank,OvRank
1,Todd Gurley*+\GurlTo01,LAR,RB,23,15,15,0,0,0,0,0,279,1305,4.68,13,87,64,788,12.31,6,5,2,19,,,319,383.3,391.3,351.3,192,1,1
2,Le'Veon Bell*+\BellLe00,PIT,RB,25,15,15,0,0,0,0,0,321,1291,4.02,9,106,85,655,7.71,2,3,2,11,,,257,341.6,349.6,299.1,130,2,2
3,Kareem Hunt*\HuntKa00,KAN,RB,22,16,16,0,0,0,0,0,272,1327,4.88,8,63,53,455,8.58,3,1,1,11,,,242,295.2,302.2,268.7,115,3,3
4,Alvin Kamara*\KamaAl00,NOR,RB,22,16,3,0,0,0,0,0,120,728,6.07,8,100,81,826,10.20,5,1,1,14,1,,239,320.4,327.4,279.9,112,4,4
5,Melvin Gordon\GordMe00,LAC,RB,24,16,16,0,0,0,0,0,284,1105,3.89,8,83,58,476,8.21,4,1,0,12,,,230,288.1,294.1,259.1,103,5,5
6,DeAndre Hopkins*+\HopkDe00,HOU,WR,25,15,15,0,0,0,0,0,0,0,,0,174,96,1378,14.35,13,1,1,13,,,214,309.8,313.8,261.8,103,1,6
7,Antonio Brown *+\BrowAn04,PIT,WR,29,14,14,0,0,0,0,0,0,0,,0,163,101,1533,15.18,9,4,0,9,1,,209,310.3,313.3,259.8,98,2,7
8,Mark Ingram*\IngrMa01,NOR,RB,28,16,12,0,0,0,0,0,230,1124,4.89,12,71,58,416,7.17,0,3,3,12,,,220,278.0,287.0,249.0,93,6,8
9,Russell Wilson *\WilsRu00,SEA,QB,29,16,16,339,553,3983,34,11,95,586,6.17,3,0,0,0,,0,14,3,3,,2,348,347.9,367.9,358.9,93,1,9
10,LeSean McCoy*\McCoLe01,BUF,RB,29,16,16,0,0,0,0,0,287,1138,3.97,6,77,59,448,7.59,2,3,1,8,,,205,263.6,270.6,234.1,78,7,10
11,Rob Gronkowski*+\GronRo00,NWE,TE,28,14,14,0,0,0,0,0,0,0,,0,105,69,1084,15.71,8,1,0,8,1,,158,227.4,230.4,192.9,77,1,11
12,Keenan Allen*\AlleKe00,LAC,WR,25,16,15,0,0,0,0,0,2,9,4.50,0,159,102,1393,13.66,6,1,0,7,,,182,284.2,287.2,233.2,71,3,12
13,Travis Kelce*\KelcTr00,KAN,TE,28,15,15,0,1,0,0,1,2,7,3.50,0,122,83,1038,12.51,8,0,0,8,,,151,233.5,237.5,193.0,69,2,13
14,Leonard Fournette\FourLe00,JAX,RB,22,13,13,0,0,0,0,0,268,1040,3.88,9,48,36,302,8.39,1,2,0,10,,,194,230.2,236.2,212.2,67,8,14
15,Tyreek Hill*\HillTy00,KAN,WR,23,15,13,0,1,0,0,1,17,59,3.47,0,105,75,1183,15.77,7,2,0,8,,,170,245.2,249.2,208.7,59,4,15
16,Marvin Jones\JoneMa02,DET,WR,27,16,16,0,0,0,0,0,0,0,,0,107,61,1101,18.05,9,0,0,9,,,164,225.1,228.1,194.6,53,5,16
17,Julio Jones *\JoneJu02,ATL,WR,28,16,16,0,0,0,0,0,1,15,15.00,0,148,88,1444,16.41,3,0,0,3,,,164,251.9,254.9,207.9,53,6,17
18,Ezekiel Elliott\ElliEz00,DAL,RB,22,10,10,0,0,0,0,0,242,983,4.06,7,38,26,269,10.35,2,1,1,9,,,177,203.2,210.2,190.2,50,9,18
19,Jordan Howard\HowaJo00,CHI,RB,23,16,16,0,0,0,0,0,276,1122,4.07,9,32,23,125,5.43,0,1,1,9,,,177,199.7,206.7,188.2,50,10,19
20,Carlos Hyde\HydeCa00,SFO,RB,27,16,16,0,0,0,0,0,240,938,3.91,8,88,59,350,5.93,0,2,1,8,,,175,233.8,240.8,204.3,48,11,20
21,Zach Ertz*\ErtzZa00,PHI,TE,27,14,13,0,0,0,0,0,0,0,,0,110,74,824,11.14,8,1,1,8,,,128,202.4,206.4,165.4,47,3,21
22,Brandin Cooks\CookBr00,NWE,WR,24,16,15,0,0,0,0,0,9,40,4.44,0,114,65,1082,16.65,7,0,0,7,1,,156,221.2,224.2,188.7,45,7,22
23,Cam Newton\NewtCa00,CAR,QB,28,16,16,291,492,3302,22,16,139,754,5.42,6,0,0,0,,0,9,1,6,1,,299,299.5,322.5,315.5,44,2,23
24,Dion Lewis\LewiDi00,NWE,RB,27,16,8,0,0,0,0,0,180,896,4.98,6,35,32,214,6.69,3,0,0,10,,,171,203.0,209.0,187.0,44,12,24
25,Michael Thomas*\ThomMi05,NOR,WR,24,16,14,0,0,0,0,0,0,0,,0,149,104,1245,11.97,5,0,0,5,,,155,258.5,261.5,206.5,44,8,25
26,Larry Fitzgerald*\FitzLa00,ARI,WR,34,16,16,1,1,21,0,0,0,0,,0,161,109,1156,10.61,6,1,1,6,1,,152,261.4,265.4,206.9,41,9,26
27,A.J. Green*\GreeA.00,CIN,WR,29,16,16,0,0,0,0,0,0,0,,0,143,75,1078,14.37,8,2,2,8,,,152,226.8,231.8,189.3,41,10,27
28,Tom Brady *+\BradTo00,NWE,QB,40,16,16,385,581,4577,32,8,25,28,1.12,0,0,0,0,,0,7,3,0,,2,296,295.9,309.9,303.9,41,3,28
29,Alex Smith*\SmitAl03,KAN,QB,33,15,15,341,505,4042,26,5,60,355,5.92,1,0,0,0,,0,2,1,1,,,295,295.2,307.2,300.2,40,4,29
30,Adam Thielen*\ThieAd00,MIN,WR,27,16,16,0,0,0,0,0,1,11,11.00,0,142,91,1276,14.02,4,3,2,4,,,149,239.7,244.7,194.2,38,11,30
31,Davante Adams*\AdamDa01,GNB,WR,25,14,14,0,0,0,0,0,0,0,,0,117,74,885,11.96,10,0,0,10,,,149,222.5,225.5,185.5,38,12,31
32,Doug Baldwin *\BaldDo00,SEA,WR,29,16,16,0,0,0,0,0,2,-8,-4.00,0,116,75,991,13.21,8,0,0,8,1,,148,223.3,226.3,185.8,37,13,32
33,Devonta Freeman\FreeDe00,ATL,RB,25,14,14,0,0,0,0,0,196,865,4.41,7,47,36,317,8.81,1,4,1,8,,,164,200.2,207.2,182.2,37,13,33
34,Jarvis Landry *\LandJa00,MIA,WR,25,16,16,0,1,0,0,0,1,-7,-7.00,0,161,112,987,8.81,9,4,2,9,,,148,260.0,265.0,204.0,37,14,34
35,Jimmy Graham*\GrahJi00,SEA,TE,31,16,13,0,0,0,0,0,0,0,,0,96,57,520,9.12,10,0,0,10,1,,114,171.0,174.0,142.5,32,4,35
36,Lamar Miller\MillLa01,HOU,RB,26,16,13,0,0,0,0,0,238,888,3.73,3,45,36,327,9.08,3,1,0,6,,,158,193.5,199.5,175.5,30,14,36
37,JuJu Smith-Schuster\SmitJu00,PIT,WR,21,14,7,0,0,0,0,0,0,0,,0,79,58,917,15.81,7,0,0,8,,,140,197.7,200.7,168.7,29,15,37
38,Alshon Jeffery\JeffAl00,PHI,WR,27,16,16,0,0,0,0,0,0,0,,0,120,57,789,13.84,9,0,0,9,3,,139,195.9,198.9,167.4,28,16,38
39,Evan Engram\EngrEv00,NYG,TE,23,15,11,0,0,0,0,0,1,14,14.00,0,115,64,722,11.28,6,0,0,6,,,110,173.6,176.6,141.6,28,5,39
40,Carson Wentz *\WentCa00,PHI,QB,25,13,13,265,440,3296,33,7,64,299,4.67,0,0,0,0,,0,9,3,0,,4,282,281.7,297.7,288.7,26,5,40
41,Robby Anderson\AndeRo04,NYJ,WR,24,16,15,0,0,0,0,0,3,9,3.00,0,114,63,941,14.94,7,0,0,7,,,137,200.0,203.0,168.5,26,17,41
42,Stefon Diggs\DiggSt00,MIN,WR,24,14,14,0,0,0,0,0,8,13,1.63,0,95,64,849,13.27,8,0,0,8,,,134,198.2,201.2,166.2,23,18,42
43,Kirk Cousins\CousKi00,WAS,QB,29,16,16,347,540,4093,27,13,49,179,3.65,4,0,0,0,,0,13,5,4,,,278,277.6,301.6,290.6,22,6,43
44,Golden Tate\TateGo00,DET,WR,29,16,12,0,0,0,0,0,5,22,4.40,0,120,92,1003,10.90,5,1,1,5,,1,133,224.5,228.5,178.5,22,19,44
45,Christian McCaffrey\McCaCh01,CAR,RB,21,16,10,0,0,0,0,0,117,435,3.72,2,113,80,651,8.14,5,2,1,7,,,149,228.6,235.6,188.6,22,15,45
46,Mike Evans\EvanMi00,TAM,WR,24,15,15,0,0,0,0,0,0,0,,0,136,71,1001,14.10,5,1,0,5,1,,132,203.1,206.1,167.6,21,20,46
47,Devin Funchess\FuncDe00,CAR,WR,23,16,16,0,0,0,0,0,0,0,,0,111,63,840,13.33,8,0,0,8,,,132,195.0,198.0,163.5,21,21,47
48,Alex Collins\CollAl00,BAL,RB,23,15,12,0,0,0,0,0,212,973,4.59,6,36,23,187,8.13,0,4,2,6,,,148,171.0,179.0,159.5,21,16,48
49,Nelson Agholor\AghoNe00,PHI,WR,24,16,10,0,0,0,0,0,1,7,7.00,0,95,62,768,12.39,8,0,0,9,,,132,193.5,196.5,162.5,21,22,49
50,C.J. Anderson\AndeC.00,DEN,RB,26,16,16,0,0,0,0,0,245,1007,4.11,3,40,28,224,8.00,1,1,1,4,1,,147,175.1,182.1,161.1,20,17,50
51,Kyle Rudolph *\RudoKy00,MIN,TE,28,16,16,0,0,0,0,0,0,0,,0,81,57,532,9.33,8,0,0,8,,,101,158.2,161.2,129.7,19,6,51
52,Delanie Walker*\WalkHu00,TEN,TE,33,16,11,0,0,0,0,0,2,-2,-1.00,1,111,74,807,10.91,3,2,2,4,,,101,174.5,179.5,137.5,19,7,52
53,Matthew Stafford\StafMa00,DET,QB,29,16,16,371,565,4446,29,10,29,98,3.38,0,0,0,0,,0,11,7,0,1,1,274,273.6,293.6,283.6,18,7,53
54,Frank Gore\GoreFr00,IND,RB,34,16,16,0,0,0,0,0,261,961,3.68,3,38,29,245,8.45,1,3,0,4,,,145,173.6,179.6,159.1,18,18,54
55,Marshawn Lynch\LyncMa00,OAK,RB,31,15,15,0,0,0,0,0,207,891,4.30,7,31,20,151,7.55,0,1,1,7,,,144,164.2,171.2,154.2,17,19,55
56,Latavius Murray\MurrLa00,MIN,RB,27,16,11,0,0,0,0,0,216,842,3.90,8,17,15,103,6.87,0,1,0,8,,,143,157.5,163.5,150.0,15,20,56
57,Philip Rivers*\RivePh00,LAC,QB,36,16,16,360,575,4515,28,10,18,-2,-0.11,0,0,0,0,,0,8,1,0,,,270,270.4,284.4,280.4,15,8,57
58,Duke Johnson\JohnDu00,CLE,RB,24,16,0,0,0,0,0,0,82,348,4.24,4,93,74,693,9.36,3,4,2,7,,,142,216.1,224.1,179.1,15,21,58
59,Tevin Coleman\ColeTe01,ATL,RB,24,15,3,0,0,0,0,0,156,628,4.03,5,39,27,299,11.07,3,1,0,8,,,141,167.7,173.7,154.2,14,22,59
60,Cameron Brate\BratCa00,TAM,TE,26,16,5,0,0,0,0,0,0,0,,0,77,48,591,12.31,6,1,0,6,,,95,143.1,146.1,119.1,13,8,60
61,Demaryius Thomas\ThomDe03,DEN,WR,30,16,16,0,0,0,0,0,0,0,,0,140,83,949,11.43,5,1,1,5,,,123,205.9,209.9,164.4,12,23,61
62,T.Y. Hilton*\HiltT.00,IND,WR,28,16,16,0,0,0,0,0,0,0,,0,109,57,966,16.95,4,2,1,4,,,119,175.6,179.6,147.1,8,24,62
63,Drew Brees*\BreeDr00,NOR,QB,38,16,16,386,536,4334,23,8,33,12,0.36,2,0,0,0,,0,5,0,2,,,263,262.6,273.6,270.6,7,9,63
64,Jack Doyle*\DoylJa00,IND,TE,27,15,15,0,0,0,0,0,0,0,,0,108,80,690,8.63,4,2,2,4,,,89,169.0,174.0,129.0,7,9,64
65,Dez Bryant\BryaDe01,DAL,WR,29,16,16,0,0,0,0,0,1,-4,-4.00,0,132,69,838,12.14,6,1,1,6,,,117,186.4,190.4,151.9,6,25,65
66,Kenny Stills\StilKe00,MIA,WR,25,16,16,0,0,0,0,0,0,0,,0,105,58,847,14.60,6,4,2,6,,,117,174.7,179.7,145.7,6,26,66
67,Ben Roethlisberger*\RoetBe00,PIT,QB,35,15,15,360,561,4251,28,14,28,47,1.68,0,0,0,0,,0,3,1,0,,2,261,260.7,278.7,274.7,5,10,67
68,Dak Prescott\PresDa01,DAL,QB,24,16,16,308,490,3324,22,13,57,357,6.26,6,0,0,0,,0,4,3,6,,,261,260.7,282.7,273.7,5,11,68
69,DeMarco Murray\MurrDe00,TEN,RB,29,15,15,0,0,0,0,0,184,659,3.58,6,47,39,266,6.82,1,1,1,7,,,133,171.5,178.5,152.0,5,23,69
70,Cooper Kupp\KuppCo00,LAR,WR,24,15,6,0,1,0,0,0,0,0,,0,94,62,869,14.02,5,1,1,5,,,115,176.9,180.9,145.9,4,27,70
71,Michael Crabtree\CrabMi00,OAK,WR,30,14,14,0,0,0,0,0,0,0,,0,101,58,618,10.66,8,1,0,8,2,,114,171.8,174.8,142.8,3,28,71
72,Jason Witten*\WittJa00,DAL,TE,35,16,16,0,0,0,0,0,0,0,,0,87,63,560,8.89,5,1,1,5,,,84,147.0,151.0,115.5,2,10,72
73,Marquise Goodwin\GoodMa00,SFO,WR,27,16,16,0,0,0,0,0,4,44,11.00,0,105,56,962,17.18,2,0,0,2,,,113,168.6,171.6,140.6,2,29,73
74,Tyler Kroft\KrofTy00,CIN,TE,25,16,16,0,0,0,0,0,0,0,,0,62,42,404,9.62,7,0,0,7,,,82,124.4,127.4,103.4,1,11,74
75,Marquez Williams\WillMa09,CLE,,23,1,0,0,0,0,0,0,0,0,,0,1,0,0,,0,0,0,0,,,,,,,,1,75
76,Shane Smith\SmitSh02,NYG,,24,11,4,0,0,0,0,0,0,0,,0,0,0,0,,0,0,0,0,,,,,,,,3,76
77,Jermaine Kearse\KearJe01,NYJ,WR,27,16,14,0,0,0,0,0,0,0,,0,102,65,810,12.46,5,1,0,5,,,111,176.0,179.0,143.5,,30,77
78,Jerick McKinnon\McKiJe00,MIN,RB,25,16,1,0,0,0,0,0,150,570,3.80,3,68,51,421,8.25,2,3,2,5,1,,127,178.1,186.1,152.6,,24,78
79,Jared Goff*\GoffJa00,LAR,QB,23,15,15,296,477,3804,28,7,28,51,1.82,1,0,0,0,,0,8,3,1,,,255,255.3,268.3,262.3,,12,
80,Blake Bortles\BortBl00,JAX,QB,25,16,16,315,523,3687,21,13,57,322,5.65,2,0,0,0,,0,9,3,2,,3,250,249.7,271.7,262.7,,13,
81,Case Keenum\KeenCa00,MIN,QB,29,15,14,325,481,3547,22,7,40,160,4.00,1,0,0,0,,0,1,1,1,,1,238,237.9,251.9,244.9,,14,
82,Matt Ryan\RyanMa00,ATL,QB,32,16,16,342,529,4095,20,12,32,143,4.47,0,0,0,0,,0,4,3,0,,,228,228.1,249.1,240.1,,15,
83,Tyrod Taylor\TaylTy00,BUF,QB,28,15,14,263,420,2799,14,4,84,427,5.08,4,0,0,0,,0,4,2,4,,,223,222.7,234.7,226.7,,16,
84,Andy Dalton\DaltAn00,CIN,QB,30,16,16,297,496,3320,25,12,38,99,2.61,0,0,0,0,,0,4,4,0,,,211,210.7,229.7,222.7,,17,
85,Marcus Mariota\MariMa01,TEN,QB,24,15,15,281,453,3232,13,15,60,312,5.20,5,0,0,0,,0,2,1,5,,,210,210.5,232.5,225.5,,18,
86,Jacoby Brissett\BrisJa00,IND,QB,25,16,15,276,469,3098,13,7,63,260,4.13,4,0,0,0,,0,8,3,4,,,206,205.9,221.9,212.9,,20,
87,Derek Carr*\CarrDe02,OAK,QB,26,15,15,323,515,3496,22,13,23,66,2.87,0,0,0,0,,0,8,3,0,,2,206,206.4,225.4,219.4,,19,
88,Josh McCown\McCoJo01,NYJ,QB,38,13,13,267,397,2926,18,9,37,124,3.35,5,0,0,0,,0,11,4,5,,,205,205.4,224.4,214.4,,21,
89,Jameis Winston\WinsJa00,TAM,QB,23,13,13,282,442,3504,19,11,33,135,4.09,1,0,0,0,,0,15,7,1,,1,202,201.7,225.7,212.7,,22,
90,Eli Manning\MannEl00,NYG,QB,36,15,15,352,571,3468,19,13,12,26,2.17,1,0,0,0,,0,11,5,1,,,187,187.3,208.3,200.3,,23,
91,Joe Flacco\FlacJo00,BAL,QB,32,16,16,352,549,3141,18,13,25,54,2.16,1,0,0,0,,0,6,0,1,,1,185,185.0,201.0,198.0,,24,
92,DeShone Kizer\KizeDe00,CLE,QB,21,15,15,255,476,2894,11,22,77,419,5.44,5,0,0,0,,0,9,6,5,,,176,175.7,209.7,197.7,,25,
93,Deshaun Watson\WatsDe00,HOU,QB,22,7,6,126,204,1699,19,8,36,269,7.47,2,0,0,0,,0,3,1,2,1,1,169,168.9,183.9,176.9,,26,
94,Jay Cutler\CutlJa00,MIA,QB,34,14,14,266,429,2666,19,14,19,32,1.68,0,0,0,0,,0,6,0,0,,,158,157.8,174.8,171.8,,27,
95,Mitchell Trubisky\TrubMi00,CHI,QB,23,12,12,196,330,2193,7,7,41,248,6.05,2,0,0,0,,0,10,3,2,1,,135,134.5,150.5,141.5,,28,
96,Aaron Rodgers\RodgAa00,GNB,QB,34,7,7,154,238,1675,16,6,24,126,5.25,0,0,0,0,,0,1,1,0,,,130,129.6,142.6,135.6,,29,
97,Trevor Siemian\SiemTr00,DEN,QB,26,11,10,206,349,2285,12,14,31,127,4.10,1,0,0,0,,0,5,2,1,,,126,126.1,148.1,140.1,,30,
98,Derrick Henry\HenrDe00,TEN,RB,23,16,2,0,0,0,0,0,176,744,4.23,5,17,11,136,12.36,1,1,0,6,,,124,135.0,141.0,129.5,,25,
99,Brett Hundley\HundBr00,GNB,QB,24,11,9,192,316,1836,9,12,36,270,7.50,2,1,1,10,10.00,0,4,2,2,,1,123,124.4,144.4,135.9,,31,
100,Bilal Powell\PoweBi00,NYJ,RB,29,15,10,0,0,0,0,0,178,772,4.34,5,33,23,170,7.39,0,1,1,5,,,122,145.2,152.2,133.7,,26,
101,Javorius Allen\AlleJa01,BAL,RB,26,16,0,0,0,0,0,0,153,591,3.86,4,60,46,250,5.43,2,0,0,6,,,120,166.1,172.1,143.1,,27,
102,Orleans Darkwa\DarkOr00,NYG,RB,25,15,11,0,0,0,0,0,171,751,4.39,5,28,19,116,6.11,0,1,0,5,1,,119,137.7,143.7,128.2,,28,
103,Jamaal Williams\WillJa06,GNB,RB,22,16,7,0,0,0,0,0,153,556,3.63,4,34,25,262,10.48,2,0,0,6,,,118,142.8,148.8,130.3,,29,
104,Isaiah Crowell\CrowIs00,CLE,RB,24,16,16,0,0,0,0,0,206,853,4.14,2,42,28,182,6.50,0,1,1,2,1,,116,143.5,150.5,129.5,,30,
105,Chris Thompson\ThomCh03,WAS,RB,27,10,1,0,0,0,0,0,64,294,4.59,2,54,39,510,13.08,4,3,2,6,,,112,151.4,159.4,131.9,,31,
106,Jay Ajayi\AjayJa00,2TM,RB,24,14,8,0,0,0,0,0,208,873,4.20,1,34,24,158,6.58,1,3,2,2,,,111,135.1,143.1,123.1,,33,
107,Joe Mixon\MixoJo00,CIN,RB,21,14,7,0,0,0,0,0,178,626,3.52,4,34,30,287,9.57,0,3,2,4,,,111,141.3,149.3,126.3,,32,
108,Amari Cooper\CoopAm00,OAK,WR,23,14,12,0,0,0,0,0,1,4,4.00,0,96,48,680,14.17,7,1,0,7,,,110,158.4,161.4,134.4,,31,
109,Kenyan Drake\DrakKe00,MIA,RB,23,16,6,0,0,0,0,0,133,644,4.84,3,48,32,239,7.47,1,2,2,4,1,,110,142.3,150.3,126.3,,34,
110,Giovani Bernard\BernGi00,CIN,RB,26,16,2,0,0,0,0,0,105,458,4.36,2,60,43,389,9.05,2,0,0,4,,,109,151.7,157.7,130.2,,36,
111,Jonathan Stewart\StewJo00,CAR,RB,30,15,10,0,0,0,0,0,198,680,3.43,6,15,8,52,6.50,1,3,3,7,,,109,117.2,123.2,113.2,,35,
112,Ted Ginn Jr.\GinnTe00,NOR,WR,32,15,10,0,0,0,0,0,10,39,3.90,0,70,53,787,14.85,4,2,0,4,,,107,159.6,162.6,133.1,,35,
113,Mohamed Sanu\SanuMo00,ATL,WR,28,15,15,1,1,51,1,0,4,10,2.50,0,96,67,703,10.49,5,0,0,5,,,107,174.3,177.3,140.8,,32,
114,Sammy Watkins\WatkSa00,LAR,WR,24,15,14,0,0,0,0,0,0,0,,0,70,39,593,15.21,8,0,0,8,,,107,146.3,149.3,126.8,,34,
115,Robert Woods\WoodRo02,LAR,WR,25,12,11,0,0,0,0,0,2,12,6.00,0,85,56,781,13.95,5,1,1,5,,,107,163.3,167.3,135.3,,33,
116,Paul Richardson\RichPa01,SEA,WR,25,16,13,0,0,0,0,0,0,0,,0,80,44,703,15.98,6,0,0,6,,,106,150.3,153.3,128.3,,36,
117,Rishard Matthews\MattRi00,TEN,WR,28,14,11,0,0,0,0,0,1,-3,-3.00,0,87,53,795,15.00,4,0,0,4,,,103,156.2,159.2,129.7,,37,
118,Carson Palmer\PalmCa00,ARI,QB,38,7,7,164,267,1978,9,7,14,12,0.86,0,0,0,0,,0,2,0,0,,,102,102.3,112.3,109.3,,32,
119,Theo Riddick\RiddTh00,DET,RB,26,16,5,0,0,0,0,0,84,286,3.40,3,71,53,444,8.38,2,1,1,5,,,101,154.0,161.0,127.5,,37,
120,LeGarrette Blount\BlouLe00,PHI,RB,31,16,11,0,0,0,0,0,173,766,4.43,2,8,8,50,6.25,1,1,1,3,1,,100,107.6,111.6,103.6,,39,
121,Rex Burkhead\BurkRe00,NWE,RB,27,10,3,0,0,0,0,0,64,264,4.13,5,36,30,254,8.47,3,1,0,8,,,100,129.8,135.8,114.8,,38,
122,Ameer Abdullah\AbduAm00,DET,RB,24,14,11,0,0,0,0,0,165,552,3.35,4,35,25,162,6.48,1,2,1,5,,,99,124.4,131.4,111.9,,40,
123,Mike Wallace\WallMi00,BAL,WR,31,15,14,0,0,0,0,0,1,4,4.00,0,92,52,748,14.38,4,0,0,4,,,99,151.2,154.2,125.2,,38,
124,Tarik Cohen\CoheTa00,CHI,RB,22,16,4,1,2,21,1,0,87,370,4.25,2,71,53,353,6.66,1,3,2,4,,,97,150.1,158.1,123.6,,41,
125,Travis Benjamin\BenjTr00,LAC,WR,28,16,3,0,0,0,0,0,13,96,7.38,0,62,34,567,16.68,4,2,0,5,,,96,130.3,133.3,113.3,,39,
126,Tyrell Williams\WillTy00,LAC,WR,25,16,15,0,0,0,0,0,0,0,,0,69,43,728,16.93,4,1,1,4,,,95,137.8,141.8,116.3,,40,
127,Jamison Crowder\CrowJa00,WAS,WR,24,15,6,0,0,0,0,0,7,34,4.86,0,103,66,789,11.95,3,6,3,3,,,94,160.3,166.3,127.3,,41,
128,Randall Cobb\CobbRa00,GNB,WR,27,15,14,1,1,10,0,0,9,17,1.89,0,92,66,653,9.89,4,1,0,4,1,,93,159.4,162.4,126.4,,42,
129,Marqise Lee\LeexMa00,JAX,WR,26,14,14,0,1,0,0,0,1,17,17.00,0,96,56,702,12.54,3,1,0,3,1,,92,147.9,150.9,119.9,,43,
130,Keelan Cole\ColeKe00,JAX,WR,24,16,6,0,0,0,0,0,0,0,,0,83,42,748,17.81,3,2,1,3,,,91,132.8,136.8,111.8,,44,
131,C.J. Beathard\BeatC.00,SFO,QB,24,7,5,123,224,1430,4,6,26,136,5.23,3,0,0,0,,0,3,2,3,,,89,88.8,102.8,94.8,,33,
132,DeSean Jackson\JackDe00,TAM,WR,31,14,13,0,0,0,0,0,3,38,12.67,0,90,50,668,13.36,3,0,0,3,,,89,138.6,141.6,113.6,,45,
133,Kelvin Benjamin\BenjKe00,2TM,WR,26,14,14,0,0,0,0,0,0,0,,0,78,48,692,14.42,3,0,0,3,,,87,135.2,138.2,111.2,,46,
134,Jimmy Garoppolo\GaroJi00,SFO,QB,26,6,5,120,178,1560,7,5,15,11,0.73,1,1,1,-6,-6.00,0,1,0,1,,,87,87.9,95.9,92.4,,34,
135,Samaje Perine\PeriSa00,WAS,RB,22,16,8,0,0,0,0,0,175,603,3.45,1,24,22,182,8.27,1,2,2,2,,,87,108.5,116.5,97.5,,42,
136,Sterling Shepard\ShepSt00,NYG,WR,24,11,10,0,0,0,0,0,4,4,1.00,0,84,59,731,12.39,2,1,0,2,,,86,144.5,147.5,115.0,,47,
137,Josh Doctson\DoctJo00,WAS,WR,25,16,14,0,0,0,0,0,1,-14,-14.00,0,78,35,502,14.34,6,0,0,6,,,85,119.8,122.8,102.3,,49,
138,Will Fuller\FullWi01,HOU,WR,23,10,10,0,0,0,0,0,2,9,4.50,0,50,28,423,15.11,7,0,0,7,,,85,113.2,116.2,99.2,,48,
139,Jordy Nelson\NelsJo00,GNB,WR,32,15,15,0,0,0,0,0,0,0,,0,88,53,482,9.09,6,0,0,6,,,84,137.2,140.2,110.7,,50,
140,Matt Breida\BreiMa00,SFO,RB,22,16,0,0,0,0,0,0,105,465,4.43,2,36,21,180,8.57,1,1,0,3,,,83,103.5,109.5,93.0,,44,
141,Martavis Bryant\BryaMa00,PIT,WR,26,15,8,0,0,0,0,0,6,22,3.67,0,84,50,603,12.06,3,0,0,3,1,,83,132.5,135.5,107.5,,51,
142,Matt Forte\FortMa00,NYJ,RB,32,12,4,0,0,0,0,0,103,381,3.70,2,45,37,293,7.92,1,1,1,3,,,83,120.4,127.4,101.9,,43,
143,Corey Clement\ClemCo00,PHI,RB,23,16,0,0,0,0,0,0,74,321,4.34,4,15,10,123,12.30,2,0,0,6,1,,82,92.4,98.4,87.4,,45,
144,Hunter Henry\HenrHu00,LAC,TE,23,14,13,0,0,0,0,0,0,0,,0,62,45,579,12.87,4,0,0,4,,,82,126.9,129.9,104.4,,12,
145,Marlon Mack\MackMa00,IND,RB,21,14,0,0,0,0,0,0,93,358,3.85,3,33,21,225,10.71,1,1,0,4,,,82,103.3,109.3,92.8,,46,
146,Ryan Grant\GranRy01,WAS,WR,27,16,7,0,0,0,0,0,0,0,,0,65,45,573,12.73,4,0,0,4,,,81,126.3,129.3,103.8,,52,
147,Austin Ekeler\EkelAu00,LAC,RB,22,16,0,0,0,0,0,0,47,260,5.53,2,35,27,279,10.33,3,2,2,5,,,80,106.9,114.9,93.4,,47,
148,Jared Cook\CookJa02,OAK,TE,30,16,16,0,0,0,0,0,0,0,,0,86,54,688,12.74,2,1,1,2,,,79,132.8,136.8,105.8,,15,
149,Vernon Davis\DaviVe00,WAS,TE,33,16,16,0,0,0,0,0,0,0,,0,69,43,648,15.07,3,2,2,3,,,79,121.8,126.8,100.3,,14,
150,Eric Ebron\EbroEr00,DET,TE,24,16,9,0,0,0,0,0,0,0,,0,86,53,574,10.83,4,1,1,4,,,79,132.4,136.4,105.9,,13,
151,Tyler Lockett\LockTy00,SEA,WR,25,16,8,0,0,0,0,0,10,58,5.80,0,71,45,555,12.33,2,0,0,3,,,79,124.3,127.3,101.8,,53,
152,James White\WhitJa02,NWE,RB,25,14,4,0,0,0,0,0,43,171,3.98,0,72,56,429,7.66,3,0,0,3,,,78,134.0,140.0,106.0,,48,
153,Chris Hogan\HogaCh00,NWE,WR,30,9,7,0,0,0,0,0,3,17,5.67,0,59,34,439,12.91,5,0,0,5,,,76,109.6,112.6,92.6,,54,
154,Ben Watson\WatsBe00,BAL,TE,37,16,12,0,0,0,0,0,0,0,,0,79,61,522,8.56,4,1,0,4,,,76,137.2,140.2,106.7,,16,
155,O.J. Howard\HowaO.00,TAM,TE,23,14,14,0,0,0,0,0,0,0,,0,39,26,432,16.62,6,3,2,6,,,75,101.2,106.2,88.2,,17,
156,Ryan Fitzpatrick\FitzRy00,TAM,QB,35,6,3,96,163,1103,7,3,16,76,4.75,0,0,0,0,,0,0,0,0,,,74,73.7,79.7,76.7,,35,
157,Albert Wilson\WilsAl02,KAN,WR,25,13,7,0,0,0,0,0,3,6,2.00,0,62,42,554,13.19,3,0,0,3,,,74,116.0,119.0,95.0,,55,
158,Brandon LaFell\LaFeBr00,CIN,WR,31,16,15,0,0,0,0,0,0,0,,0,89,52,548,10.54,3,1,0,3,,,73,124.8,127.8,98.8,,57,
159,DeVante Parker\ParkDe01,MIA,WR,24,13,12,0,0,0,0,0,0,0,,0,96,57,670,11.75,1,1,0,1,,,73,130.0,133.0,101.5,,56,
160,Rod Smith\SmitRo06,DAL,RB,25,15,1,0,0,0,0,0,55,232,4.22,4,23,19,202,10.63,1,0,0,5,,,73,92.4,98.4,82.9,,49,
161,Jaron Brown\BrowJa03,ARI,WR,27,16,8,0,0,0,0,0,0,0,,0,69,31,477,15.39,4,0,0,4,,,72,102.7,105.7,87.2,,58,
162,Wayne Gallman\GallWa00,NYG,RB,23,13,1,0,0,0,0,0,111,476,4.29,0,48,34,193,5.68,1,3,1,1,,,71,104.9,111.9,87.9,,51,
163,Austin Hooper\HoopAu00,ATL,TE,23,16,8,0,0,0,0,0,0,0,,0,65,49,526,10.73,3,0,0,3,,,71,119.6,122.6,95.1,,18,
164,Aaron Jones\JoneAa00,GNB,RB,23,12,4,0,0,0,0,0,81,448,5.53,4,18,9,22,2.44,0,0,0,4,,,71,80.0,83.0,75.5,,50,
165,Peyton Barber\BarbPe01,TAM,RB,23,16,4,0,0,0,0,0,108,423,3.92,3,19,16,114,7.13,0,2,1,3,,,70,85.7,92.7,77.7,,52,
166,Ty Montgomery\MontTy01,GNB,RB,24,8,5,0,0,0,0,0,71,273,3.85,3,31,23,173,7.52,1,0,0,4,,,69,91.6,97.6,80.1,,53,
167,Charles Clay\ClayCh00,BUF,TE,28,13,13,0,0,0,0,0,0,0,,0,74,49,558,11.39,2,1,0,2,,,68,116.8,119.8,92.3,,19,
168,Mike Gillislee\GillMi00,NWE,RB,27,9,2,0,0,0,0,0,104,383,3.68,5,1,1,15,15.00,0,1,1,5,,,68,68.8,72.8,68.3,,55,
169,Adam Humphries\HumpAd00,TAM,WR,24,16,3,0,0,0,0,0,1,6,6.00,0,83,61,631,10.34,1,1,1,1,,,68,128.7,132.7,98.2,,59,
170,Brock Osweiler\OsweBr00,DEN,QB,27,6,4,96,172,1088,5,5,14,64,4.57,1,0,0,0,,0,2,1,1,,2,68,67.9,76.9,72.9,,36,
171,Adrian Peterson\PeteAd01,2TM,RB,32,10,7,0,0,0,0,0,156,529,3.39,2,19,11,70,6.36,0,3,2,2,,,68,78.9,83.9,73.4,,54,
172,Emmanuel Sanders\SandEm00,DEN,WR,30,12,11,0,0,0,0,0,0,0,,0,92,47,555,11.81,2,0,0,2,,,68,114.5,117.5,91.0,,60,
173,Kenny Golladay\GollKe00,DET,WR,24,11,5,0,0,0,0,0,1,9,9.00,0,48,28,477,17.04,3,0,0,3,,,67,94.6,97.6,80.6,,63,
174,Doug Martin\MartDo00,TAM,RB,28,11,8,0,0,0,0,0,138,406,2.94,3,18,9,84,9.33,0,1,1,3,1,,67,76.0,80.0,71.5,,56,
175,Deonte Thompson\ThomDe04,2TM,WR,28,16,10,0,0,0,0,0,2,-5,-2.50,0,69,38,555,14.61,2,1,0,2,,,67,105.0,108.0,86.0,,62,
176,Kendall Wright\WrigKe01,CHI,WR,28,16,4,0,0,0,0,0,0,0,,0,91,59,614,10.41,1,0,0,1,,,67,126.4,129.4,96.9,,61,
177,Alfred Morris\MorrAl00,DAL,RB,29,14,5,0,0,0,0,0,115,547,4.76,1,9,7,45,6.43,0,0,0,1,,,65,72.2,75.2,68.7,,57,
178,JJ Nelson\NelsJJ00,ARI,WR,25,16,5,0,0,0,0,0,3,37,12.33,0,61,29,508,17.52,2,1,1,2,,,65,93.5,97.5,79.0,,64,
179,Brian Hoyer\HoyeBr00,2TM,QB,32,11,6,123,211,1287,4,4,9,4,0.44,1,0,0,0,,0,3,1,1,,,64,63.9,71.9,67.9,,37,
180,Chris Ivory\IvorCh00,JAX,RB,29,14,3,0,0,0,0,0,112,382,3.41,1,28,21,175,8.33,1,2,2,2,,,64,84.7,92.7,74.2,,58,
181,George Kittle\KittGe00,SFO,TE,24,15,7,0,0,0,0,0,0,0,,0,63,43,515,11.98,2,0,0,2,,,64,106.5,109.5,85.0,,21,
182,Marcedes Lewis\LewiMa00,JAX,TE,33,16,16,0,0,0,0,0,0,0,,0,48,24,318,13.25,5,0,0,5,1,,64,87.8,90.8,75.8,,20,
183,J.D. McKissic\McKiJ.00,SEA,WR,24,13,1,0,0,0,0,0,46,187,4.07,1,46,34,266,7.82,2,0,0,3,,,63,97.3,103.3,80.3,,65,
184,David Njoku\NjokDa00,CLE,TE,21,16,5,0,0,0,0,0,1,1,1.00,0,60,32,386,12.06,4,0,0,4,,,63,94.7,97.7,78.7,,22,
185,Eric Decker\DeckEr00,TEN,WR,30,16,8,0,1,0,0,0,0,0,,0,83,54,563,10.43,1,0,0,1,,,62,116.3,119.3,89.3,,66,
186,Blaine Gabbert\GabbBl00,ARI,QB,28,5,5,95,171,1086,6,6,23,82,3.57,0,0,0,0,,0,7,2,0,,1,62,61.6,72.6,67.6,,38,
187,Jeremy Maclin\MaclJe00,BAL,WR,29,12,12,0,0,0,0,0,0,0,,0,72,40,440,11.00,3,0,0,3,,,62,102.0,105.0,82.0,,67,
188,Devontae Booker\BookDe00,DEN,RB,25,13,0,0,0,0,0,0,79,299,3.78,1,38,30,275,9.17,0,2,1,1,,,61,91.4,98.4,76.4,,59,
189,Allen Hurns\HurnAl01,JAX,WR,26,10,8,0,0,0,0,0,0,0,,0,56,39,484,12.41,2,0,0,2,,,60,99.4,102.4,79.9,,68,
190,Chris Godwin\GodwCh00,TAM,WR,21,16,2,0,0,0,0,0,0,0,,0,55,34,525,15.44,1,0,0,1,,,59,92.5,95.5,75.5,,69,
191,Elijah McGuire\McGuEl00,NYJ,RB,23,16,2,0,0,0,0,0,88,315,3.58,1,26,17,177,10.41,1,2,2,2,1,,59,76.2,84.2,67.7,,60,
192,Jalen Richard\RichJa01,OAK,RB,24,16,1,0,0,0,0,0,56,275,4.91,1,36,27,256,9.48,1,8,3,2,,,59,86.1,95.1,72.6,,61,
193,Garrett Celek\CeleGa00,SFO,TE,29,16,13,0,0,0,0,0,0,0,,0,33,21,336,16.00,4,0,0,4,,,58,78.6,81.6,68.1,,23,
194,Kerwynn Williams\WillKe05,ARI,RB,26,16,6,0,0,0,0,0,120,426,3.55,1,15,10,93,9.30,0,0,0,1,,,58,67.9,70.9,62.9,,62,
195,Terrance Williams\WillTe01,DAL,WR,28,16,14,0,0,0,0,0,2,15,7.50,0,78,53,568,10.72,0,0,0,0,,,58,111.3,114.3,84.8,,70,
196,T.J. Yeldon\YeldT.00,JAX,RB,24,10,0,0,0,0,0,0,49,253,5.16,2,41,30,224,7.47,0,2,1,2,,,58,87.7,94.7,72.7,,63,
197,Trey Burton\BurtTr01,PHI,TE,26,15,1,0,0,0,0,0,0,0,,0,31,23,248,10.78,5,0,0,5,1,,57,79.8,82.8,68.3,,24,
198,Julius Thomas\ThomJu00,MIA,TE,29,14,12,0,0,0,0,0,0,0,,0,62,41,388,9.46,3,1,0,3,,,57,97.8,100.8,77.3,,25,
199,Cole Beasley\BeasCo00,DAL,WR,28,15,4,0,0,0,0,0,0,0,,0,63,36,314,8.72,4,0,0,4,,,55,91.4,94.4,73.4,,71,
200,Jesse James\JameJe00,PIT,TE,23,16,14,0,0,0,0,0,0,0,,0,63,43,372,8.65,3,0,0,3,,,55,98.2,101.2,76.7,,26,
201,Cordarrelle Patterson\PattCo00,OAK,WR,26,16,2,0,0,0,0,0,13,121,9.31,2,42,31,309,9.97,0,3,0,2,,,55,86.0,92.0,70.5,,72,
202,Torrey Smith\SmitTo02,PHI,WR,28,16,14,0,0,0,0,0,1,-3,-3.00,0,67,36,430,11.94,2,0,0,2,,,55,90.7,93.7,72.7,,73,
203,Dalvin Cook\CookDa01,MIN,RB,22,4,4,0,0,0,0,0,74,354,4.78,2,16,11,90,8.18,0,1,1,2,,,54,65.4,69.4,59.9,,64,
204,Roger Lewis\LewiRo03,NYG,WR,24,15,8,0,0,0,0,0,0,0,,0,72,36,416,11.56,2,0,0,2,,,54,89.6,92.6,71.6,,74,
205,Bennie Fowler\FowlBe00,DEN,WR,26,16,4,0,0,0,0,0,0,0,,0,56,29,350,12.07,3,1,0,3,,,53,82.0,85.0,67.5,,76,
206,Trent Taylor\TaylTr02,SFO,WR,23,15,1,0,0,0,0,0,0,0,,0,60,43,430,10.00,2,1,1,2,,,53,96.0,100.0,74.5,,75,
207,Austin Seferian-Jenkins\SefeAu00,NYJ,TE,25,13,10,0,0,0,0,0,0,0,,0,74,50,357,7.14,3,1,1,3,,,52,101.7,105.7,76.7,,27,
208,D'Onta Foreman\ForeDO00,HOU,RB,21,10,1,0,0,0,0,0,78,327,4.19,2,8,6,83,13.83,0,2,1,2,,,51,57.0,61.0,54.0,,65,
209,Donte Moncrief\MoncDo00,IND,WR,24,12,8,0,0,0,0,0,0,0,,0,47,26,391,15.04,2,0,0,2,,,51,77.1,80.1,64.1,,77,
210,Tom Savage\SavaTo00,HOU,QB,27,8,7,125,223,1412,5,6,4,2,0.50,0,0,0,0,,0,8,7,0,,,51,50.7,66.7,56.7,,39,
211,DeAndre Washington\WashDe00,OAK,RB,24,15,0,0,0,0,0,0,57,153,2.68,2,45,34,197,5.79,1,2,1,3,,,51,85.0,92.0,68.0,,66,
212,Brice Butler\ButlBr00,DAL,WR,27,13,0,0,0,0,0,0,0,0,,0,23,15,317,21.13,3,0,0,3,,,50,64.7,67.7,57.2,,80,
213,Brandon Coleman\ColeBr00,NOR,WR,25,16,6,0,0,0,0,0,0,0,,0,37,23,364,15.83,3,2,2,3,,,50,73.4,78.4,61.9,,78,
214,Ed Dickson\DickEd00,CAR,TE,30,16,12,0,0,0,0,0,0,0,,0,48,30,437,14.57,1,0,0,1,,,50,79.7,82.7,64.7,,28,
215,Pierre Garcon\GarcPi00,SFO,WR,31,8,8,0,0,0,0,0,0,0,,0,67,40,500,12.50,0,0,0,0,,,50,90.0,93.0,70.0,,79,
216,Antonio Gates\GateAn00,LAC,TE,37,16,4,0,0,0,0,0,0,0,,0,52,30,316,10.53,3,0,0,3,,,50,79.6,82.6,64.6,,29,
217,Drew Stanton\StanDr00,ARI,QB,33,5,4,79,159,894,6,5,9,7,0.78,0,0,0,0,,0,3,0,0,,,50,50.5,58.5,55.5,,40,
218,Odell Beckham Jr.\BeckOd00,NYG,WR,25,4,2,0,0,0,0,0,1,8,8.00,0,41,25,302,12.08,3,0,0,3,,,49,74.0,77.0,61.5,,81,
219,John Brown\BrowJo02,ARI,WR,27,10,5,0,0,0,0,0,1,10,10.00,0,55,21,299,14.24,3,0,0,3,,,49,69.9,72.9,59.4,,82,
220,Taylor Gabriel\GabrTa00,ATL,WR,26,16,4,0,0,0,0,0,8,49,6.13,0,51,33,378,11.45,1,0,0,1,,,49,81.7,84.7,65.2,,83,
221,Andre Ellington\ElliAn00,2TM,RB,28,12,2,0,0,0,0,0,20,55,2.75,1,59,39,369,9.46,0,0,0,1,,,48,87.4,90.4,67.9,,67,
222,T.J. Jones\JoneT.00,DET,WR,25,14,6,0,0,0,0,0,0,0,,0,49,30,399,13.30,1,1,0,1,1,,48,77.9,80.9,62.9,,84,
223,Chris Moore\MoorCh00,BAL,WR,24,13,4,0,0,0,0,0,2,-9,-4.50,0,38,18,248,13.78,3,0,0,4,,,48,65.9,68.9,56.9,,85,
224,Seth Roberts\RobeSe00,OAK,WR,26,15,7,0,0,0,0,0,0,0,,0,65,43,455,10.58,1,2,2,1,,,48,90.5,95.5,69.0,,86,
225,Bruce Ellington\ElliBr00,HOU,WR,26,11,6,0,0,0,0,0,3,17,5.67,0,57,29,330,11.38,2,1,0,2,,,47,75.7,78.7,61.2,,87,
226,Charcandrick West\WestCh01,KAN,RB,26,13,0,0,0,0,0,0,18,72,4.00,2,34,27,150,5.56,2,1,0,4,,,46,73.2,76.2,59.7,,68,
227,Jamaal Charles\CharJa00,DEN,RB,31,14,0,0,0,0,0,0,69,296,4.29,1,28,23,129,5.61,0,2,2,1,,,45,67.5,75.5,56.0,,69,
228,Josh Bellamy\BellJo02,CHI,WR,28,15,7,0,0,0,0,0,1,6,6.00,0,46,24,376,15.67,1,0,0,1,,,44,68.2,71.2,56.2,,88,
229,Seth Devalve\DevaSe00,CLE,TE,24,16,4,0,0,0,0,0,0,0,,0,58,33,395,11.97,1,1,1,1,,,44,76.5,80.5,60.0,,31,
230,Jermaine Gresham\GresJe00,ARI,TE,29,14,14,0,0,0,0,0,0,0,,0,46,33,322,9.76,2,0,0,2,,,44,77.2,80.2,60.7,,30,
231,Zay Jones\JoneZa00,BUF,WR,22,15,10,0,0,0,0,0,0,0,,0,74,27,316,11.70,2,0,0,2,,,44,70.6,73.6,57.1,,89,
232,Corey Coleman\ColeCo00,CLE,WR,23,9,8,0,0,0,0,0,0,0,,0,58,23,305,13.26,2,0,0,2,,,43,65.5,68.5,54.0,,91,
233,Cody Latimer\LatiCo00,DEN,WR,25,11,1,0,0,0,0,0,0,0,,0,31,19,287,15.11,2,1,0,2,1,,43,61.7,64.7,52.2,,90,
234,Coby Fleener\FleeCo00,NOR,TE,29,11,1,0,0,0,0,0,0,0,,0,30,22,295,13.41,2,0,0,2,,,42,63.5,66.5,52.5,,32,
235,Rashard Higgins\HiggRa00,CLE,WR,23,15,4,0,0,0,0,0,1,4,4.00,0,50,27,312,11.56,2,1,1,2,,,42,68.6,72.6,55.1,,93,
236,Tavarres King\KingTa00,NYG,WR,27,8,3,0,0,0,0,0,2,3,1.50,0,37,18,240,13.33,3,0,0,3,,,42,60.3,63.3,51.3,,92,
237,Nick O'Leary\OLeaNi00,BUF,RB,25,15,5,0,0,0,0,0,0,0,,0,32,22,322,14.64,2,1,1,2,,,42,64.2,68.2,53.2,,70,
238,Matt Moore\MoorMa01,MIA,QB,33,4,2,78,127,861,4,5,3,9,3.00,0,0,0,0,,0,0,0,0,,,41,41.3,49.3,46.3,,41,
239,Stephen Anderson\AndeSt01,HOU,TE,24,15,5,0,0,0,0,0,0,0,,0,52,25,342,13.68,1,0,0,1,,,40,65.2,68.2,52.7,,33,
240,Josh Gordon\GordJo02,CLE,WR,26,5,5,0,0,0,0,0,0,0,,0,42,18,335,18.61,1,0,0,1,,,40,57.5,60.5,48.5,,97,
241,Justin Hardy\HardJu00,ATL,WR,26,16,1,0,0,0,0,0,0,0,,0,29,20,221,11.05,3,1,0,3,,,40,60.1,63.1,50.1,,95,
242,Dontrelle Inman\InmaDo00,2TM,WR,28,12,7,0,0,0,0,0,0,0,,0,44,25,343,13.72,1,0,0,1,,,40,65.3,68.3,52.8,,94,
243,Shane Vereen\VereSh00,NYG,RB,28,16,0,0,1,0,0,1,45,164,3.64,0,53,44,253,5.75,0,0,0,0,,,40,83.7,90.7,62.7,,71,
244,Dede Westbrook\WestDe00,JAX,WR,24,7,5,0,0,0,0,0,0,0,,0,51,27,339,12.56,1,1,0,1,,,40,66.9,69.9,53.4,,96,
245,Damien Williams\WillDa05,MIA,RB,25,11,4,0,0,0,0,0,46,181,3.93,0,28,20,155,7.75,1,0,0,1,,,40,59.6,65.6,49.6,,72,
246,Corey Grant\GranCo00,JAX,RB,26,16,0,0,0,0,0,0,30,248,8.27,2,4,3,41,13.67,0,1,1,2,,,39,41.9,45.9,40.4,,74,
247,Robert Kelley\KellRo00,WAS,RB,25,7,7,0,0,0,0,0,62,194,3.13,3,7,4,18,4.50,0,0,0,3,,,39,43.2,46.2,41.2,,73,
248,Luke Willson\WillLu00,SEA,TE,27,16,7,0,0,0,0,0,0,0,,0,22,15,153,10.20,4,0,0,4,,,39,54.3,57.3,46.8,,34,
249,Alfred Blue\BlueAl00,HOU,RB,26,11,0,0,0,0,0,0,71,262,3.69,1,9,7,54,7.71,0,0,0,1,,,38,44.6,47.6,41.1,,77,
250,Kenny Britt\BritKe00,2TM,WR,29,12,4,0,0,0,0,0,0,0,,0,43,20,256,12.80,2,0,0,2,,,38,57.6,60.6,47.6,,98,
251,Jacquizz Rodgers\RodgJa00,TAM,RB,27,16,4,0,0,0,0,0,64,244,3.81,1,11,9,74,8.22,0,0,0,1,,,38,46.8,49.8,42.3,,76,
252,Ricky Seals-Jones\SealRi00,ARI,TE,22,10,1,0,0,0,0,0,0,0,,0,28,12,201,16.75,3,0,0,3,,,38,50.1,53.1,44.1,,35,
253,Charles Sims\SimsCh00,TAM,RB,27,16,0,0,0,0,0,0,21,95,4.52,0,47,35,249,7.11,1,1,1,1,,,38,73.4,77.4,55.9,,75,
254,Benny Cunningham\CunnBe01,CHI,RB,27,14,0,0,0,0,0,0,9,29,3.22,0,26,20,240,12.00,2,1,1,2,,,37,56.9,60.9,46.9,,79,
255,Mike Davis\DaviMi01,SEA,RB,24,6,6,0,0,0,0,0,68,240,3.53,0,18,15,131,8.73,0,0,0,0,,,37,52.1,58.1,44.6,,78,
256,Kyle Juszczyk*\JuszKy00,SFO,RB,26,14,10,0,0,0,0,0,7,31,4.43,0,42,33,315,9.55,1,2,2,1,,,37,69.6,74.6,53.1,,80,
257,Mike Tolbert\TolbMi00,BUF,RB,32,12,0,0,0,0,0,0,66,247,3.74,1,17,14,78,5.57,0,2,1,1,,,37,50.5,54.5,43.5,,81,
258,Malcolm Brown\BrowMa03,LAR,RB,24,11,1,0,0,0,0,0,63,246,3.90,1,11,9,53,5.89,0,1,0,1,,,36,44.9,47.9,40.4,,82,
259,Corey Davis\DaviCo03,TEN,WR,22,11,9,0,0,0,0,0,0,0,,0,65,34,375,11.03,0,1,1,0,,,36,69.5,73.5,52.5,,101,
260,Rhett Ellison\ElliRh00,NYG,TE,29,16,14,0,0,0,0,0,0,0,,0,32,24,235,9.79,2,0,0,2,,,36,59.5,62.5,47.5,,40,
261,Gerald Everett\EverGe00,LAR,TE,23,16,2,0,0,0,0,0,1,13,13.00,0,32,16,244,15.25,2,1,1,2,,,36,51.7,55.7,43.7,,36,
262,Darren Fells\FellDa01,DET,TE,31,16,13,0,0,0,0,0,0,0,,0,26,17,177,10.41,3,0,0,3,,,36,52.7,55.7,44.2,,37,
263,Tyler Higbee\HigbTy00,LAR,TE,24,16,16,0,0,0,0,0,0,0,,0,45,25,295,11.80,1,0,0,1,,,36,60.5,63.5,48.0,,39,
264,Johnny Holton\HoltJo00,OAK,WR,27,16,1,0,0,0,0,0,0,0,,0,18,9,218,24.22,3,3,2,3,,,36,44.8,49.8,40.3,,99,
265,Ricardo Louis\LouiRi00,CLE,WR,23,16,9,0,0,0,0,0,0,0,,0,61,27,357,13.22,0,0,0,0,,,36,62.7,65.7,49.2,,100,
266,Zach Miller\MillZa02,CHI,TE,33,8,6,0,0,0,0,0,0,0,,0,35,20,236,11.80,2,0,0,2,,,36,55.6,58.6,45.6,,38,
267,Tyler Boyd\BoydTy00,CIN,WR,23,10,1,0,0,0,0,0,0,0,,0,32,22,225,10.23,2,0,0,2,,,35,56.5,59.5,45.5,,103,
268,Chester Rogers\RogeCh02,IND,WR,23,11,4,0,0,0,0,0,3,8,2.67,0,37,23,284,12.35,1,0,0,1,,,35,58.2,61.2,46.7,,102,
269,Michael Campanaro\CampMi02,BAL,WR,26,13,0,0,0,0,0,0,5,42,8.40,0,27,19,173,9.11,1,4,0,2,,,34,52.5,55.5,43.0,,104,
270,A.J. Derby\DerbA.00,2TM,TE,26,11,1,0,0,0,0,0,0,0,,0,40,21,244,11.62,2,1,1,2,,,34,55.4,59.4,44.9,,41,
271,Nick Foles\FoleNi00,PHI,QB,28,7,3,57,101,537,5,2,11,3,0.27,0,0,0,0,,0,6,2,0,,,34,33.8,40.8,35.8,,43,
272,Mike Glennon\GlenMi00,CHI,QB,28,4,4,93,140,833,4,5,4,4,1.00,0,0,0,0,,0,5,3,0,,,34,33.7,44.7,38.7,,45,
273,Kevin Hogan\HogaKe00,CLE,QB,25,4,1,46,75,517,4,5,10,71,7.10,0,0,0,0,,0,1,0,0,,,34,33.8,41.8,38.8,,44,
274,Wendell Smallwood\SmalWe00,PHI,RB,23,8,3,0,0,0,0,0,47,174,3.70,1,18,13,103,7.92,0,0,0,1,,,34,46.7,52.7,40.2,,83,
275,T.J. Yates\YateT.00,HOU,QB,30,4,3,47,97,523,4,3,5,51,10.20,0,0,0,0,,0,5,1,0,,,34,34.0,41.0,37.0,,42,
276,Chris Carson\CarsCh00,SEA,RB,23,4,3,0,0,0,0,0,49,208,4.24,0,8,7,59,8.43,1,0,0,1,,,33,39.7,42.7,36.2,,84,
277,Jordan Reed\ReedJo02,WAS,TE,27,6,5,0,0,0,0,0,0,0,,0,35,27,211,7.81,2,1,0,2,,,33,60.1,63.1,46.6,,42,
278,Taywan Taylor\TaylTa00,TEN,WR,22,16,4,0,0,0,0,0,8,43,5.38,0,28,16,231,14.44,1,0,0,1,,,33,49.4,52.4,41.4,,105,
279,Jakeem Grant\GranJa00,MIA,WR,25,16,0,0,0,0,0,0,3,12,4.00,0,22,13,203,15.62,2,2,1,2,,,32,44.5,48.5,38.0,,108,
280,Jordan Matthews\MattJo00,BUF,WR,25,10,7,0,0,0,0,0,0,0,,0,36,25,282,11.28,1,1,1,1,,,32,57.2,61.2,44.7,,106,
281,Jarius Wright\WrigJa02,MIN,WR,28,16,0,0,0,0,0,0,0,0,,0,25,18,198,11.00,2,0,0,2,,,32,49.8,52.8,40.8,,107,
282,Adam Shaheen\ShahAd00,CHI,RB,23,13,7,0,0,0,0,0,0,0,,0,14,12,127,10.58,3,0,0,3,,,31,42.7,45.7,36.7,,85,
283,Tavon Austin\AustTa00,LAR,WR,27,16,9,0,0,0,0,0,59,270,4.58,1,22,13,47,3.62,0,5,4,1,,,30,42.7,49.7,36.2,,110,
284,Damiere Byrd\ByrdDa00,CAR,WR,24,8,3,0,0,0,0,0,1,12,12.00,0,17,10,105,10.50,2,0,0,3,,,30,39.7,42.7,34.7,,109,
285,Tion Green\GreeTi00,DET,RB,24,5,0,0,0,0,0,0,42,165,3.93,2,2,2,14,7.00,0,0,0,2,,,30,31.9,34.9,30.9,,86,
286,Terrelle Pryor\PryoTe00,WAS,QB,28,9,2,0,0,0,0,0,0,0,,0,37,20,240,12.00,1,0,0,1,,,30,50.0,53.0,40.0,,46,
287,Martellus Bennett\BennMa00,2TM,TE,30,9,7,0,0,0,0,0,0,0,,0,44,30,286,9.53,0,0,0,0,,,29,58.6,61.6,43.6,,43,
288,Mack Hollins\HollMa00,PHI,WR,24,16,0,0,0,0,0,0,0,0,,0,22,16,226,14.13,1,0,0,1,,,29,44.6,47.6,36.6,,111,
289,Demetrius Harris\HarrDe03,KAN,TE,26,16,7,0,0,0,0,0,0,0,,0,35,18,224,12.44,1,0,0,1,,,28,46.4,49.4,37.4,,44,
290,Elijhaa Penny\PennEl00,ARI,RB,24,16,0,0,0,0,0,0,31,124,4.00,2,6,4,38,9.50,0,0,0,2,,,28,32.2,35.2,30.2,,87,
291,Russell Shepard\ShepRu00,CAR,WR,27,15,3,0,0,0,0,0,2,19,9.50,0,32,17,202,11.88,1,1,0,1,,,28,45.1,48.1,36.6,,112,
292,Jonnu Smith\SmitJo01,TEN,TE,22,16,13,0,0,0,0,0,0,0,,0,30,18,157,8.72,2,0,0,2,,,28,45.7,48.7,36.7,,45,
293,Kapri Bibbs\BibbKa00,WAS,RB,24,3,0,0,0,0,0,0,21,79,3.76,0,17,14,128,9.14,1,0,0,1,,,27,40.7,43.7,33.7,,88,
294,Sam Bradford\BradSa00,MIN,QB,30,2,2,32,43,382,3,0,2,-3,-1.50,0,0,0,0,,0,0,0,0,,,27,27.0,30.0,27.0,,47,
295,De'Anthony Thomas\ThomDe05,KAN,WR,24,16,2,0,0,0,0,0,1,4,4.00,0,16,14,143,10.21,2,1,0,2,,,27,40.7,43.7,33.7,,113,
296,Kendrick Bourne\BourKe00,SFO,WR,22,11,0,0,0,0,0,0,0,0,,0,34,16,257,16.06,0,0,0,0,,,26,41.7,44.7,33.7,,114,
297,Jeff Heuerman\HeueJe00,DEN,TE,25,14,6,0,0,0,0,0,0,0,,0,21,9,142,15.78,2,0,0,2,,,26,35.2,38.2,30.7,,47,
298,Lance Kendricks\KendLa00,GNB,TE,29,16,9,0,0,0,0,0,0,0,,0,35,18,203,11.28,1,0,0,1,,,26,44.3,47.3,35.3,,46,
299,Terrance West\WestTe00,BAL,RB,26,5,4,0,0,0,0,0,39,138,3.54,2,4,2,23,11.50,0,1,1,2,,,26,28.1,32.1,27.1,,89,
300,Danny Woodhead\WoodDa02,BAL,WR,32,8,0,0,0,0,0,0,14,56,4.00,0,39,33,200,6.06,0,0,0,0,,,26,58.6,61.6,42.1,,115,
301,Virgil Green\GreeVi00,DEN,TE,29,16,16,0,0,0,0,0,0,0,,0,22,14,191,13.64,1,0,0,1,,,25,39.1,42.1,32.1,,48,
302,Vance McDonald\McDoVa00,PIT,TE,27,10,7,0,0,0,0,0,0,0,,0,24,14,188,13.43,1,0,0,1,,,25,38.8,41.8,31.8,,50,
303,Greg Olsen\OlseGr00,CAR,TE,32,7,7,0,0,0,0,0,0,0,,0,38,17,191,11.24,1,0,0,1,,,25,42.1,45.1,33.6,,49,
304,Bryce Petty\PettBr01,NYJ,QB,26,4,3,55,112,544,1,3,7,55,7.86,0,0,0,0,,0,1,0,0,,,25,25.3,31.3,28.3,,48,
305,Alex Erickson\EricAl01,CIN,WR,25,16,0,0,0,0,0,0,5,16,3.20,0,16,12,180,15.00,1,6,1,1,,,24,35.6,39.6,29.6,,117,
306,Ryan Griffin\GrifRy00,HOU,TE,27,7,6,0,0,0,0,0,0,0,,0,26,13,158,12.15,1,0,0,1,1,,24,36.8,39.8,30.3,,53,
307,Jeremy Kerley\KerlJe00,NYJ,WR,29,8,2,0,0,0,0,0,0,0,,0,27,22,217,9.86,1,3,2,1,,,24,45.7,50.7,34.7,,116,
308,Dion Sims\SimsDi00,CHI,TE,26,14,14,0,0,0,0,0,0,0,,0,29,15,180,12.00,1,0,0,1,,,24,39.0,42.0,31.5,,52,
309,Levine Toilolo\ToilLe00,ATL,TE,26,15,12,0,0,0,0,0,0,0,,0,14,12,122,10.17,1,0,0,2,,,24,36.2,39.2,30.2,,51,
310,Geronimo Allison\AlliGe01,GNB,WR,23,15,2,0,0,0,0,0,0,0,,0,39,23,253,11.00,0,2,1,0,,,23,46.3,50.3,34.8,,118,
311,Tommy Bohanon\BohaTo00,JAX,RB,27,16,10,0,0,0,0,0,5,5,1.00,2,11,6,43,7.17,1,0,0,3,,,23,28.8,28.8,25.8,,91,
312,Eddie Lacy\LacyEd00,SEA,RB,27,9,3,0,0,0,0,0,69,179,2.59,0,6,6,47,7.83,0,0,0,0,,,23,28.6,31.6,25.6,,92,
313,Thomas Rawls\RawlTh00,SEA,RB,24,12,3,0,0,0,0,0,58,157,2.71,0,13,9,94,10.44,0,1,1,0,,,23,32.1,36.1,27.6,,90,
314,Nick Boyle\BoylNi00,BAL,TE,24,15,11,0,0,0,0,0,0,0,,0,37,28,203,7.25,0,0,0,0,1,,22,50.3,53.3,36.3,,54,
315,Travaris Cadet\CadeTr00,2TM,RB,28,9,0,0,0,0,0,0,23,96,4.17,0,19,16,119,7.44,0,0,0,0,,,22,37.5,40.5,29.5,,93,
316,Jaydon Mickens\MickJa01,JAX,WR,23,10,0,0,0,0,0,0,0,0,,0,11,6,77,12.83,2,4,2,3,,,22,27.7,29.7,24.7,,120,
317,Braxton Miller\MillBr03,HOU,WR,25,11,3,0,0,0,0,0,1,1,1.00,0,29,19,162,8.53,1,0,0,1,,,22,41.3,44.3,31.8,,119,
318,Richard Rodgers\RodgRi00,GNB,TE,25,15,1,0,0,0,0,0,0,0,,0,19,12,160,13.33,1,0,0,1,,,22,34.0,37.0,28.0,,55,
319,James O'Shaughnessy\O'ShJa00,JAX,TE,25,16,1,0,0,0,0,0,0,0,,0,24,14,149,10.64,1,0,0,1,,,21,34.9,37.9,27.9,,56,
320,Demarcus Robinson\RobiDe01,KAN,WR,23,16,8,0,0,0,0,0,0,0,,0,39,21,212,10.10,0,0,0,0,,,21,42.2,45.2,31.7,,121,
321,Phillip Dorsett\DorsPh00,NWE,WR,24,15,2,0,0,0,0,0,1,7,7.00,0,18,12,194,16.17,0,0,0,0,,,20,32.1,35.1,26.1,,122,
322,Laquon Treadwell\TreaLa00,MIN,WR,22,16,7,0,0,0,0,0,0,0,,0,35,20,200,10.00,0,1,0,0,,,20,40.0,43.0,30.0,,123,
323,Brent Celek\CeleBr00,PHI,TE,32,16,10,0,0,0,0,0,0,0,,0,24,13,130,10.00,1,0,0,1,,,19,32.0,35.0,25.5,,58,
324,David Fales\FaleDa00,MIA,QB,27,2,0,29,43,265,1,1,4,8,2.00,1,0,0,0,,0,0,0,1,,,19,19.4,20.4,20.4,,49,
325,Troy Niklas\NiklTr00,ARI,TE,25,15,11,0,0,0,0,0,0,0,,0,23,11,132,12.00,1,0,0,1,,,19,30.2,33.2,24.7,,57,
326,Eli Rogers\RogeEl00,PIT,WR,25,14,4,0,0,0,0,0,0,0,,0,36,18,149,8.28,1,1,1,1,,,19,36.9,40.9,27.9,,124,
327,Chris Conley\ConlCh00,KAN,WR,25,5,5,0,0,0,0,0,0,0,,0,16,11,175,15.91,0,0,0,0,,,18,28.5,31.5,23.0,,127,
328,Louis Murphy\MurpLo00,SFO,WR,30,7,7,0,0,0,0,0,0,0,,0,17,8,121,15.13,1,0,0,1,,,18,26.1,29.1,22.1,,125,
329,Curtis Samuel\SamuCu00,CAR,WR,21,9,4,0,0,0,0,0,4,64,16.00,0,26,15,115,7.67,0,0,0,0,,,18,32.9,35.9,25.4,,126,
330,Eric Tomlinson\TomlEr01,NYJ,TE,25,14,12,0,0,0,0,0,0,0,,0,11,8,121,15.13,1,0,0,1,,,18,26.1,29.1,22.1,,60,
331,Nick Vannett\VannNi00,SEA,TE,24,15,4,0,0,0,0,0,0,0,,0,15,12,124,10.33,1,0,0,1,,,18,30.4,33.4,24.4,,59,
332,Kenjon Barner\BarnKe00,PHI,RB,28,13,1,0,0,0,0,0,16,57,3.56,1,8,5,56,11.20,0,3,0,1,,,17,22.3,22.3,19.8,,94,
333,Anthony Fasano\FasaAn00,MIA,TE,33,16,7,0,0,0,0,0,0,0,,0,16,12,107,8.92,1,1,0,1,,,17,28.7,31.7,22.7,,61,
334,Tommylee Lewis\LewiTo00,NOR,WR,25,15,0,0,0,0,0,0,2,14,7.00,0,14,10,116,11.60,1,1,1,1,,,17,27.0,31.0,22.0,,128,
335,Robert Turbin\TurbRo00,IND,RB,28,6,1,0,0,0,0,0,23,53,2.30,1,11,9,56,6.22,0,0,0,1,,,17,25.9,25.9,21.4,,95,
336,Cameron Artis-Payne\ArtiCa00,CAR,RB,27,13,0,0,0,0,0,0,18,95,5.28,1,1,1,2,2.00,0,0,0,1,,,16,16.7,16.7,16.2,,97,
337,Chris Johnson\JohnCh04,ARI,RB,32,4,3,0,0,0,0,0,45,114,2.53,0,6,5,43,8.60,0,0,0,0,,,16,20.7,23.7,18.2,,96,
338,David Morgan\MorgDa01,MIN,TE,24,15,6,0,0,0,0,0,0,0,,0,12,10,95,9.50,1,0,0,1,,,16,25.5,25.5,20.5,,62,
339,Josh Reynolds\ReynJo00,LAR,WR,22,16,1,0,0,0,0,0,0,0,,0,24,11,104,9.45,1,0,0,1,,,16,27.4,30.4,21.9,,129,
340,Dwayne Allen\AlleDw00,NWE,TE,27,16,8,0,0,0,0,0,0,0,,0,22,10,86,8.60,1,0,0,1,,,15,24.6,24.6,19.6,,65,
341,Kaelin Clay\ClayKa00,2TM,WR,25,13,2,0,0,0,0,0,3,27,9.00,0,19,6,85,14.17,0,3,1,1,,,15,21.2,22.2,18.2,,131,
342,D.J. Foster\FostD.01,ARI,RB,24,7,0,0,0,0,0,0,6,19,3.17,0,28,17,133,7.82,0,0,0,0,,,15,32.2,35.2,23.7,,98,
343,James Hanna\HannJa00,DAL,TE,28,16,8,0,0,0,0,0,0,0,,0,9,4,88,22.00,1,0,0,1,,,15,18.8,18.8,16.8,,64,
344,Paxton Lynch\LyncPa00,DEN,QB,23,2,2,30,45,295,2,3,5,30,6.00,0,0,0,0,,0,2,1,0,,,15,14.8,18.8,17.8,,50,
345,Brandon Marshall\MarsBr00,NYG,WR,33,5,5,0,0,0,0,0,0,0,,0,33,18,154,8.56,0,0,0,0,,,15,33.4,36.4,24.4,,130,
346,Anthony Sherman\SherAn00,KAN,RB,29,16,3,0,0,0,0,0,14,40,2.86,1,8,6,47,7.83,0,0,0,1,,,15,20.7,20.7,17.7,,99,
347,C.J. Uzomah\UzomC.00,CIN,TE,24,14,4,0,0,0,0,0,0,0,,0,15,10,92,9.20,1,0,0,1,,,15,25.2,25.2,20.2,,63,
348,James Conner\ConnJa00,PIT,RB,22,14,0,0,0,0,0,0,32,144,4.50,0,1,0,0,,0,0,0,0,,,14,14.4,17.4,14.4,,100,
349,C.J. Ham\HamxC.00,MIN,RB,24,16,1,0,0,0,0,0,7,13,1.86,1,8,7,68,9.71,0,0,0,1,,,14,21.1,21.1,17.6,,101,
350,Darrius Heyward-Bey\HeywDa00,PIT,WR,30,16,0,0,0,0,0,0,2,32,16.00,1,3,2,47,23.50,0,0,0,1,,,14,15.9,15.9,14.9,,135,
351,Josh Hill\HillJo02,NOR,TE,27,16,11,0,0,0,0,0,1,-8,-8.00,0,22,16,125,7.81,1,2,2,1,,,14,29.7,34.7,21.7,,66,
352,EJ Manuel\ManuEJ00,OAK,QB,27,2,1,24,43,265,1,1,2,15,7.50,0,0,0,0,,0,0,0,0,,,14,14.1,15.1,15.1,,51,
353,Tre McBride\McBrTr00,CHI,WR,25,8,3,0,0,0,0,0,0,0,,0,15,8,144,18.00,0,0,0,0,,,14,22.4,25.4,18.4,,132,
354,Jamize Olawale\OlawJa00,OAK,RB,28,12,0,0,0,0,0,0,9,43,4.78,1,7,6,33,5.50,0,1,0,1,,,14,19.6,19.6,16.6,,103,
355,Paul Perkins\PerkPa00,NYG,RB,23,11,4,0,0,0,0,0,41,90,2.20,0,10,8,46,5.75,0,0,0,0,,,14,21.6,21.6,17.6,,102,
356,Brandon Tate\TateBr00,BUF,WR,30,13,1,0,0,0,0,0,0,0,,0,14,6,81,13.50,1,1,0,1,,,14,20.1,20.1,17.1,,134,
357,Jordan Taylor\TaylJo01,DEN,WR,25,10,2,0,0,0,0,0,0,0,,0,20,13,142,10.92,0,1,0,0,,,14,27.2,30.2,20.7,,133,
358,Kamar Aiken\AikeKa00,IND,WR,28,15,7,0,0,0,0,0,0,0,,0,44,15,133,8.87,0,0,0,0,,,13,28.3,31.3,20.8,,136,
359,Brenton Bersin\BersBr00,CAR,WR,27,8,1,0,0,0,0,0,0,0,,0,14,8,128,16.00,0,0,0,0,,,13,20.8,23.8,16.8,,138,
360,Daniel Brown\BrowDa04,CHI,TE,25,14,2,0,0,0,0,0,0,0,,0,20,13,129,9.92,0,0,0,0,,,13,25.9,28.9,19.4,,68,
361,Pharoh Cooper*+\CoopPh00,LAR,WR,22,16,1,0,0,0,0,0,1,6,6.00,0,19,11,84,7.64,0,3,1,1,,,13,24.0,25.0,18.5,,137,
362,C.J. Fiedorowicz\FiedC.00,HOU,TE,26,5,5,0,0,0,0,0,0,0,,0,22,14,127,9.07,0,0,0,0,,,13,26.7,29.7,19.7,,69,
363,Jeremy Hill\HillJe01,CIN,RB,25,7,7,0,0,0,0,0,37,116,3.14,0,4,4,16,4.00,0,1,0,0,,,13,17.2,20.2,15.2,,104,
364,Josh Malone\MaloJo00,CIN,WR,21,11,7,0,0,0,0,0,2,2,1.00,0,17,6,63,10.50,1,0,0,1,,,13,18.5,18.5,15.5,,139,
365,Roosevelt Nix*\NixxRo01,PIT,RB,25,16,4,0,0,0,0,0,3,0,0.00,1,3,2,6,3.00,1,0,0,2,,,13,14.6,14.6,13.6,,105,
366,Logan Thomas\ThomLo00,BUF,QB,26,12,2,0,0,0,0,0,0,0,,0,9,7,67,9.57,1,0,0,1,,,13,19.7,19.7,16.2,,52,
367,Fozzy Whittaker\WhitFo00,CAR,RB,28,12,0,0,0,0,0,0,7,18,2.57,0,6,5,47,9.40,1,0,0,1,,,13,17.5,17.5,15.0,,106,
368,Maxx Williams\WillMa04,BAL,TE,23,11,8,0,0,0,0,0,2,6,3.00,0,18,15,86,5.73,1,1,1,1,,,13,28.2,29.2,20.7,,67,
369,Marvin Hall\HallMa02,ATL,WR,24,8,0,0,0,0,0,0,0,0,,0,9,2,60,30.00,1,0,0,1,,,12,14.0,14.0,13.0,,142,
370,Maurice Harris\HarrMa05,WAS,WR,25,6,0,0,0,0,0,0,0,0,,0,6,4,62,15.50,1,0,0,1,,,12,16.2,16.2,14.2,,140,
371,Terron Ward\WardTe00,ATL,RB,25,14,0,0,0,0,0,0,30,129,4.30,0,3,3,14,4.67,0,1,1,0,,,12,15.3,19.3,13.8,,107,
372,Brandon Williams\WillBr04,IND,WR,30,14,10,0,0,0,0,0,0,0,,0,17,13,121,9.31,0,0,0,0,,,12,25.1,28.1,18.6,,141,
373,Lance Dunbar\DunbLa00,LAR,RB,27,4,0,0,0,0,0,0,11,51,4.64,1,3,1,1,1.00,0,0,0,1,,,11,12.2,12.2,11.7,,108,
374,Trey Edmunds\EdmuTr00,NOR,RB,23,16,0,0,0,0,0,0,9,48,5.33,1,0,0,0,,0,0,0,1,,,11,10.8,10.8,10.8,,112,
375,De'Angelo Henderson\HendDe01,DEN,RB,25,5,0,0,0,0,0,0,7,13,1.86,0,2,2,36,18.00,1,0,0,1,,,11,12.9,12.9,11.9,,111,
376,Michael Hoomanawanui\HoomMi00,NOR,TE,29,14,10,0,0,0,0,0,0,0,,0,10,6,52,8.67,1,0,0,1,,,11,17.2,17.2,14.2,,70,
377,Andy Janovich\JanoAn00,DEN,RB,24,16,4,0,0,0,0,0,6,12,2.00,1,6,4,35,8.75,0,0,0,1,,,11,14.7,14.7,12.7,,113,
378,Branden Oliver\OlivBr01,LAC,RB,26,8,0,0,0,0,0,0,35,83,2.37,0,11,6,26,4.33,0,0,0,0,,,11,16.9,16.9,13.9,,110,
379,C.J. Prosise\ProsC.00,SEA,RB,23,5,0,0,0,0,0,0,11,23,2.09,0,11,6,87,14.50,0,0,0,0,,,11,17.0,17.0,14.0,,109,
380,Hunter Sharp\SharHu01,2TM,WR,23,3,1,0,0,0,0,0,0,0,,0,9,5,54,10.80,1,0,0,1,,,11,16.4,16.4,13.9,,143,
381,ArDarius Stewart\StewAr00,NYJ,WR,24,15,2,0,0,0,0,0,7,27,3.86,0,13,6,82,13.67,0,0,0,0,,,11,16.9,16.9,13.9,,144,
382,Zach Line\LineZa01,NOR,RB,27,12,4,0,0,0,0,0,7,28,4.00,0,5,2,8,4.00,1,0,0,1,,,10,11.6,11.6,10.6,,114,
383,Patrick Mahomes\MahoPa00,KAN,QB,22,1,1,22,35,284,0,1,7,10,1.43,0,0,0,0,,0,0,0,0,,,10,10.4,11.4,11.4,,54,
384,Freddie Martino\MartFr00,TAM,WR,26,8,0,0,0,0,0,0,0,0,,0,6,5,96,19.20,0,0,0,0,,,10,14.6,14.6,12.1,,147,
385,Nathan Peterman\PeteNa00,BUF,QB,23,4,2,24,49,252,2,5,7,23,3.29,0,0,0,0,,0,2,0,0,,,10,10.4,15.4,15.4,,53,
386,Travis Rudolph\RudoTr00,NYG,WR,22,7,1,0,0,0,0,0,0,0,,0,21,8,101,12.63,0,0,0,0,,,10,18.1,21.1,14.1,,145,
387,Geno Smith\SmitGe00,NYG,QB,27,2,1,21,36,212,1,0,4,12,3.00,0,0,0,0,,0,2,2,0,,,10,9.7,11.7,9.7,,55,
388,Jaelen Strong\StroJa01,2TM,WR,23,2,0,0,0,0,0,0,0,0,,0,4,3,38,12.67,1,0,0,1,,,10,12.8,12.8,11.3,,146,
389,Phillip Supernaw\SupePh00,TEN,TE,27,16,3,0,0,0,0,0,0,0,,0,6,4,39,9.75,1,0,0,1,,,10,13.9,13.9,11.9,,72,
390,Austin Traylor\TrayAu00,DEN,TE,24,7,3,0,0,0,0,0,0,0,,0,13,8,100,12.50,0,0,0,0,,,10,18.0,21.0,14.0,,71,
391,Mike Williams\WillMi07,LAC,WR,23,10,1,0,0,0,0,0,0,0,,0,23,11,95,8.64,0,0,0,0,,,10,20.5,20.5,15.0,,148,
392,Jerell Adams\AdamJe01,NYG,TE,25,16,1,0,0,0,0,0,0,0,,0,11,8,92,11.50,0,0,0,0,,,9,17.2,17.2,13.2,,73,
393,Xavier Grimble\GrimXa00,PIT,TE,25,15,2,0,0,0,0,0,0,0,,0,9,5,32,6.40,1,0,0,1,,,9,14.2,14.2,11.7,,74,
394,Chad Hansen\HansCh00,NYJ,WR,22,15,1,0,0,0,0,0,0,0,,0,17,9,94,10.44,0,0,0,0,,,9,18.4,18.4,13.9,,149,
395,Landry Jones\JoneLa02,PIT,QB,28,3,1,23,28,239,1,1,8,-10,-1.25,0,0,0,0,,0,1,1,0,,,9,8.6,10.6,9.6,,56,
396,Luke Stocker\StocLu00,2TM,TE,29,12,6,0,0,0,0,0,0,0,,0,5,4,30,7.50,1,0,0,1,,,9,13.0,13.0,11.0,,75,
397,Ryan Switzer\SwitRy00,DAL,WR,23,16,0,0,0,0,0,0,4,5,1.25,0,7,6,41,6.83,0,1,1,1,,,9,14.6,15.6,11.6,,151,
398,Mike Thomas\ThomMi04,LAR,WR,23,8,1,0,0,0,0,0,0,0,,0,7,5,93,18.60,0,1,0,0,,,9,14.3,14.3,11.8,,150,
399,Bobo Wilson\WilsJe00,TAM,WR,22,3,1,0,0,0,0,0,3,8,2.67,0,1,1,18,18.00,1,0,0,1,,,9,9.6,9.6,9.1,,152,
400,Zach Zenner\ZennZa00,DET,RB,26,8,0,0,0,0,0,0,14,26,1.86,1,1,0,0,,0,0,0,1,,,9,8.6,8.6,8.6,,115,
401,Trevor Davis\DaviTr03,GNB,WR,24,16,0,0,0,0,0,0,2,13,6.50,0,7,5,70,14.00,0,0,0,0,,,8,13.3,13.3,10.8,,156,
402,Michael Floyd\FloyMi00,MIN,WR,28,11,1,0,0,0,0,0,0,0,,0,17,10,78,7.80,0,0,0,0,,,8,17.8,17.8,12.8,,158,
403,Justin Hunter\HuntJu00,PIT,WR,26,7,1,0,0,0,0,0,0,0,,0,10,4,23,5.75,1,0,0,1,,,8,12.3,12.3,10.3,,155,
404,Breshad Perriman\PerrBr02,BAL,WR,24,11,3,0,0,0,0,0,0,0,,0,35,10,77,7.70,0,0,0,0,,,8,17.7,17.7,12.7,,159,
405,Brian Quick\QuicBr00,WAS,WR,28,11,1,0,0,0,0,0,0,0,,0,8,6,76,12.67,0,0,0,0,,,8,13.6,13.6,10.6,,160,
406,Bobby Rainey\RainBo00,BAL,RB,30,4,0,0,0,0,0,0,1,2,2.00,0,7,5,18,3.60,0,0,0,1,,,8,13.0,13.0,10.5,,116,
407,Lee Smith\SmitLe00,OAK,TE,30,16,9,0,0,0,0,0,0,0,,0,11,8,76,9.50,0,0,0,0,,,8,15.6,15.6,11.6,,77,
408,Neal Sterling\SterNe00,NYJ,WR,25,11,1,0,0,0,0,0,0,0,,0,10,6,82,13.67,0,0,0,0,,,8,14.2,14.2,11.2,,157,
409,Nate Sudfeld\SudfNa00,PHI,QB,24,1,0,19,23,134,0,0,1,22,22.00,0,0,0,0,,0,0,0,0,,,8,7.6,7.6,7.6,,57,
410,Chris Thompson\ThomCh05,HOU,WR,23,13,0,0,0,0,0,0,0,0,,0,6,5,84,16.80,0,3,0,0,,,8,13.4,13.4,10.9,,154,
411,Ross Travis\TravRo00,2TM,TE,24,15,3,0,0,0,0,0,0,0,,0,17,7,76,10.86,0,1,0,0,,,8,14.6,14.6,11.1,,78,
412,Clive Walford\WalfCl00,OAK,TE,26,13,0,0,0,0,0,0,0,0,,0,13,9,80,8.89,0,0,0,0,,,8,17.0,17.0,12.5,,76,
413,Kasen Williams\WillKa02,CLE,WR,25,7,2,0,0,0,0,0,0,0,,0,18,9,84,9.33,0,0,0,0,,,8,17.4,17.4,12.9,,153,
414,Brandon Bolden\BoldBr00,NWE,RB,27,16,0,0,0,0,0,0,13,67,5.15,0,4,1,7,7.00,0,0,0,0,,,7,8.4,8.4,7.9,,117,
415,Derek Carrier\CarrDe00,LAR,WR,27,14,3,0,0,0,0,0,0,0,,0,11,8,71,8.88,0,0,0,0,,,7,15.1,15.1,11.1,,164,
416,Leonte Carroo\CarrLe00,MIA,WR,23,14,0,0,0,0,0,0,0,0,,0,12,7,69,9.86,0,0,0,0,,,7,13.9,13.9,10.4,,167,
417,Sammie Coates\CoatSa00,CLE,WR,24,12,1,0,0,0,0,0,0,0,,0,11,6,70,11.67,0,0,0,0,,,7,13.0,13.0,10.0,,166,
418,Amara Darboh\DarbAm00,SEA,WR,23,16,0,0,0,0,0,0,0,0,,0,13,8,71,8.88,0,0,0,0,,,7,15.1,15.1,11.1,,163,
419,Brittan Golden\GoldBr00,ARI,WR,29,13,0,0,0,0,0,0,0,0,,0,9,5,70,14.00,0,0,0,0,,,7,12.0,12.0,9.5,,165,
420,Brian Hill\HillBr02,2TM,RB,22,7,0,0,0,0,0,0,11,37,3.36,0,2,2,36,18.00,0,0,0,0,,,7,9.3,9.3,8.3,,118,
421,David Johnson\JohnDa08,ARI,RB,26,1,1,0,0,0,0,0,11,23,2.09,0,9,6,67,11.17,0,2,1,0,,,7,13.0,14.0,10.0,,119,
422,Tre Madden\MaddTr01,SEA,RB,24,8,3,0,0,0,0,0,0,0,,0,2,2,65,32.50,0,0,0,0,,,7,8.5,8.5,7.5,,121,
423,Byron Marshall\MarsBy01,WAS,RB,23,4,0,0,0,0,0,0,9,32,3.56,0,8,6,36,6.00,0,0,0,0,,,7,12.8,12.8,9.8,,120,
424,Tanner McEvoy\McEvTa01,SEA,WR,24,15,0,0,1,0,0,1,0,0,,0,9,5,113,22.60,0,1,1,0,,,7,12.3,17.3,10.8,,161,
425,Willie Snead\SneaWi00,NOR,WR,25,11,7,0,0,0,0,0,0,0,,0,16,8,92,11.50,0,1,1,0,,,7,15.2,16.2,11.2,,162,
426,Jeremy Sprinkle\SpriJe00,WAS,TE,23,11,5,0,0,0,0,0,0,0,,0,3,2,13,6.50,1,0,0,1,,,7,9.3,9.3,8.3,,79,
427,Bryce Treggs\TregBr00,CLE,WR,23,6,1,0,0,0,0,0,1,6,6.00,0,18,5,79,15.80,0,1,1,0,,,7,11.5,12.5,9.0,,168,
428,Nick Bellore\BellNi01,DET,RB,28,13,2,0,0,0,0,0,0,0,,0,1,1,1,1.00,1,0,0,1,,,6,7.1,7.1,6.6,,123,
429,Alan Cross\CrosAl00,TAM,TE,24,8,4,0,0,0,0,0,0,0,,0,6,5,58,11.60,0,0,0,0,,,6,10.8,10.8,8.3,,80,
430,Jalston Fowler\FowlJa00,TEN,RB,27,10,1,0,0,0,0,0,2,4,2.00,1,1,0,0,,0,0,0,1,,,6,6.4,6.4,6.4,,122,
431,Ben Koyack\KoyaBe00,JAX,TE,24,16,3,0,0,0,0,0,0,0,,0,7,5,38,7.60,0,0,0,0,1,,6,10.8,10.8,8.3,,81,
432,Vince Mayle\MaylVi00,BAL,WR,26,16,0,0,0,0,0,0,2,2,1.00,1,1,0,0,,0,0,0,1,,,6,6.2,6.2,6.2,,170,
433,Dwayne Washington\WashDw00,DET,RB,23,5,0,0,0,0,0,0,20,44,2.20,0,2,2,14,7.00,0,0,0,0,,,6,7.8,7.8,6.8,,125,
434,Derek Watt\WattDe00,LAC,RB,25,16,4,0,0,0,0,0,6,24,4.00,0,3,2,35,17.50,0,0,0,0,,,6,7.9,7.9,6.9,,124,
435,Chad Williams\WillCh05,ARI,WR,23,6,1,0,0,0,0,0,2,33,16.50,0,7,3,31,10.33,0,0,0,0,,,6,9.4,9.4,7.9,,169,
436,Orson Charles\CharOr00,KAN,TE,26,5,0,0,0,0,0,0,0,0,,0,2,2,53,26.50,0,0,0,0,,,5,7.3,7.3,6.3,,82,
437,Tyler Eifert\EifeTy00,CIN,TE,27,2,1,0,0,0,0,0,0,0,,0,5,4,46,11.50,0,0,0,0,,,5,8.6,8.6,6.6,,86,
438,Tyler Ervin\ErviTy00,HOU,RB,24,4,0,0,0,0,0,0,4,12,3.00,0,11,8,38,4.75,0,0,0,0,,,5,13.0,13.0,9.0,,128,
439,Jacob Hollister\HollJa03,NWE,TE,24,15,1,0,0,0,0,0,1,5,5.00,0,11,4,42,10.50,0,0,0,0,,,5,8.7,8.7,6.7,,83,
440,Akeem Hunt\HuntAk01,KAN,RB,24,15,0,0,0,0,0,0,8,23,2.88,0,7,4,31,7.75,0,0,0,0,,,5,9.4,9.4,7.4,,126,
441,Sean Mannion\MannSe00,LAR,QB,25,5,1,22,37,185,0,0,9,-2,-0.22,0,0,0,0,,0,2,1,0,,,5,5.2,6.2,5.2,,58,
442,Sean McGrath\McGrSe00,LAC,TE,30,15,6,0,0,0,0,0,0,0,,0,4,4,46,11.50,0,0,0,0,,,5,8.6,8.6,6.6,,84,
443,Ifeanyi Momah\MomaIf00,ARI,WR,28,9,2,0,0,0,0,0,0,0,,0,2,1,46,46.00,0,0,0,0,,,5,5.6,5.6,5.1,,173,
444,Marcus Murphy\MurpMa03,BUF,RB,26,1,0,0,0,0,0,0,7,41,5.86,0,2,2,7,3.50,0,0,0,0,,,5,6.8,6.8,5.8,,129,
445,Aaron Ripkowski\RipkAa00,GNB,RB,25,16,2,0,0,0,0,0,5,13,2.60,0,10,7,39,5.57,0,0,0,0,,,5,12.2,12.2,8.7,,127,
446,Michael Roberts\RobeMi01,DET,TE,23,15,3,0,0,0,0,0,0,0,,0,7,4,46,11.50,0,0,0,0,,,5,8.6,8.6,6.6,,85,
447,Joe Webb\WebbJo00,BUF,WR,31,16,0,2,7,35,0,1,8,54,6.75,0,0,0,0,,0,0,0,0,,,5,4.8,5.8,5.8,,172,
448,Markus Wheaton\WheaMa00,CHI,WR,26,11,0,0,0,0,0,0,0,0,,0,17,3,51,17.00,0,0,0,0,,,5,8.1,8.1,6.6,,171,
449,Jared Abbrederis\AbbrJa00,DET,WR,27,7,0,0,0,0,0,0,0,0,,0,7,3,44,14.67,0,0,0,0,,,4,7.4,7.4,5.9,,174,
450,Blake Bell\BellBl00,MIN,TE,26,13,3,0,0,0,0,0,0,0,,0,4,3,19,6.33,0,0,0,0,1,,4,6.9,6.9,5.4,,87,
451,Quan Bray\BrayQu00,IND,WR,24,9,0,0,0,0,0,0,0,0,,0,4,3,39,13.00,0,1,0,0,,,4,6.9,6.9,5.4,,176,
452,Mack Brown\BrowMa02,2TM,RB,26,4,0,0,0,0,0,0,8,29,3.63,0,1,1,11,11.00,0,0,0,0,,,4,5.0,5.0,4.5,,131,
453,Michael Clark\ClarMi00,GNB,WR,22,2,0,0,0,0,0,0,0,0,,0,14,4,41,10.25,0,0,0,0,,,4,8.1,8.1,6.1,,175,
454,Matthew Dayes\DayeMa00,CLE,RB,23,16,0,0,0,0,0,0,5,13,2.60,0,5,4,29,7.25,0,0,0,0,,,4,8.2,8.2,6.2,,130,
455,James Develin*\DeveJa00,NWE,TE,29,16,7,0,0,0,0,0,0,0,,0,10,6,38,6.33,0,0,0,0,,,4,9.8,9.8,6.8,,88,
456,Tanner Gentry\GentTa00,CHI,QB,23,4,3,0,0,0,0,0,0,0,,0,6,3,35,11.67,0,0,0,0,,,4,6.5,6.5,5.0,,59,
457,Bernard Reedy\ReedBe01,2TM,WR,26,11,0,0,0,0,0,0,3,17,5.67,0,2,2,21,10.50,0,1,0,0,,,4,5.8,5.8,4.8,,177,
458,Randall Telfer\TelfRa00,CLE,TE,25,16,14,0,0,0,0,0,0,0,,0,4,3,36,12.00,0,0,0,0,,,4,6.6,6.6,5.1,,90,
459,Will Tye\TyexWi00,NYJ,TE,26,3,1,0,0,0,0,0,0,0,,0,6,4,38,9.50,0,0,0,0,,,4,7.8,7.8,5.8,,89,
460,Antony Auclair\AuclAn00,TAM,TE,24,8,3,0,0,0,0,0,0,0,,0,2,2,25,12.50,0,0,0,0,,,3,4.5,4.5,3.5,,94,
461,Noah Brown\BrowNo00,DAL,WR,21,13,1,0,0,0,0,0,0,0,,0,9,4,33,8.25,0,0,0,0,,,3,7.3,7.3,5.3,,178,
462,Emanuel Byrd\ByrdEm00,GNB,TE,23,1,0,0,0,0,0,0,0,0,,0,2,2,31,15.50,0,0,0,0,,,3,5.1,5.1,4.1,,91,
463,Derrick Coleman\ColeDe00,ATL,RB,27,16,7,0,0,0,0,0,2,8,4.00,0,7,2,20,10.00,0,0,0,0,,,3,4.8,4.8,3.8,,135,
464,Darrell Daniels\DaniDa02,IND,TE,23,12,3,0,0,0,0,0,0,0,,0,13,3,26,8.67,0,0,0,0,,,3,5.6,5.6,4.1,,92,
465,Patrick DiMarco\DiMaPa00,BUF,RB,28,16,9,0,0,0,0,0,2,-2,-1.00,0,10,7,28,4.00,0,0,0,0,,,3,9.6,9.6,6.1,,137,
466,Marcus Johnson\JohnMa07,PHI,WR,23,10,0,0,0,0,0,0,0,0,,0,8,5,45,9.00,0,1,1,0,,,3,7.5,8.5,5.0,,182,
467,Cody Kessler\KessCo00,CLE,QB,24,3,0,11,23,126,0,1,1,-1,-1.00,0,0,0,0,,0,0,0,0,,,3,2.9,3.9,3.9,,60,
468,Jordan Leslie\LeslJo00,CLE,WR,26,2,0,0,0,0,0,0,0,0,,0,1,1,26,26.00,0,0,0,0,,,3,3.6,3.6,3.1,,181,
469,A.J. McCarron\McCaA.00,CIN,QB,27,3,0,7,14,66,0,0,0,0,,0,0,0,0,,0,0,0,0,,,3,2.6,2.6,2.6,,61,
470,Jojo Natson\NatsJo00,NYJ,WR,23,7,0,0,0,0,0,0,1,15,15.00,0,5,2,18,9.00,0,1,0,0,,,3,5.3,5.3,4.3,,179,
471,Senorise Perry\PerrSe00,MIA,RB,26,16,0,0,0,0,0,0,8,30,3.75,0,1,1,3,3.00,0,0,0,0,,,3,4.3,4.3,3.8,,133,
472,Jay Prosch\ProsJa00,HOU,RB,25,16,5,0,0,0,0,0,0,0,,0,4,4,31,7.75,0,0,0,0,,,3,7.1,7.1,5.1,,134,
473,De'Veon Smith\SmitDe06,MIA,RB,23,5,0,0,0,0,0,0,0,0,,0,3,3,27,9.00,0,0,0,0,,,3,5.7,5.7,4.2,,136,
474,Geoff Swaim\SwaiGe00,DAL,TE,24,15,2,0,0,0,0,0,0,0,,0,2,2,25,12.50,0,0,0,0,,,3,4.5,4.5,3.5,,93,
475,Fitzgerald Toussaint\TousFi00,PIT,RB,27,6,0,0,0,0,0,0,6,25,4.17,0,3,2,9,4.50,0,0,0,0,,,3,5.4,5.4,4.4,,132,
476,Andre Williams\WillAn00,LAC,RB,25,8,0,0,0,0,0,0,9,25,2.78,0,0,0,0,,0,0,0,0,,,3,2.5,2.5,2.5,,138,
477,Nick Williams\WillNi02,ATL,WR,27,1,0,0,0,0,0,0,0,0,,0,4,3,30,10.00,0,0,0,0,,,3,6.0,6.0,4.5,,180,
478,Michael Burton\BurtMi00,CHI,RB,25,16,3,0,0,0,0,0,4,9,2.25,0,4,2,8,4.00,0,0,0,0,,,2,3.7,3.7,2.7,,142,
479,Matt Cassel\CassMa00,TEN,QB,35,2,1,25,42,162,1,2,0,0,,0,0,0,0,,0,2,2,0,,,2,2.5,6.5,4.5,,62,
480,Jehu Chesson\ChesJe00,KAN,WR,24,12,1,0,0,0,0,0,0,0,,0,4,2,18,9.00,0,0,0,0,,,2,3.8,3.8,2.8,,185,
481,Josh Ferguson\FergJo02,IND,RB,24,10,0,0,0,0,0,0,1,5,5.00,0,4,3,16,5.33,0,0,0,0,,,2,5.1,5.1,3.6,,139,
482,David Fluellen\FlueDa00,TEN,RB,25,16,0,0,0,0,0,0,4,21,5.25,0,1,0,0,,0,0,0,0,,,2,2.1,2.1,2.1,,140,
483,MarQueis Gray\GrayMa00,MIA,TE,28,16,0,0,1,0,0,0,5,14,2.80,0,3,1,10,10.00,0,0,0,0,,,2,3.4,3.4,2.9,,95,
484,Ryan Hewitt\HewiRy00,CIN,TE,26,13,3,0,0,0,0,0,0,0,,0,2,2,22,11.00,0,0,0,0,,,2,4.2,4.2,3.2,,96,
485,Cole Hikutini\HikuCo00,SFO,TE,23,4,0,0,0,0,0,0,0,0,,0,3,2,15,7.50,0,0,0,0,,,2,3.5,3.5,2.5,,98,
486,Chris Manhertz\ManhCh00,CAR,TE,25,16,4,0,0,0,0,0,0,0,,0,4,2,17,8.50,0,0,0,0,,,2,3.7,3.7,2.7,,97,
487,Allen Robinson\RobiAl02,JAX,WR,24,1,1,0,0,0,0,0,0,0,,0,1,1,17,17.00,0,0,0,0,,,2,2.7,2.7,2.2,,186,
488,Danny Vitale\VitaDa00,CLE,RB,24,15,6,0,0,0,0,0,0,0,,0,5,3,19,6.33,0,0,0,0,,,2,4.9,4.9,3.4,,141,
489,Griff Whalen\WhalGr00,BAL,WR,27,2,0,0,0,0,0,0,0,0,,0,6,4,23,5.75,0,0,0,0,,,2,6.3,6.3,4.3,,184,
490,DeAndrew White\WhitDe01,HOU,WR,26,2,1,0,0,0,0,0,0,0,,0,7,1,24,24.00,0,1,0,0,,,2,3.4,3.4,2.9,,183,
491,Arrelious Benn\BennAr00,JAX,WR,29,9,0,0,0,0,0,0,0,0,,0,2,1,12,12.00,0,0,0,0,,,1,2.2,2.2,1.7,,188,
492,LeShun Daniels\DaniLe00,WAS,RB,22,4,0,0,0,0,0,0,3,14,4.67,0,0,0,0,,0,0,0,0,,,1,1.4,1.4,1.4,,143,
493,Harry Douglas\DougHa00,TEN,WR,33,2,0,0,0,0,0,0,0,0,,0,3,1,8,8.00,0,0,0,0,,,1,1.8,1.8,1.3,,192,
494,Shelton Gibson\GibsSh00,PHI,WR,23,5,0,0,0,0,0,0,0,0,,0,3,2,11,5.50,0,0,0,0,,,1,3.1,3.1,2.1,,190,
495,Cobi Hamilton\HamiCo00,HOU,WR,27,3,1,0,0,0,0,0,0,0,,0,6,1,8,8.00,0,0,0,0,,,1,1.8,1.8,1.3,,191,
496,Taylor Heinicke\HeinTa00,HOU,QB,24,1,0,1,1,10,0,0,1,2,2.00,0,0,0,0,,0,0,0,0,,,1,0.6,0.6,0.6,,64,
497,Jeff Janis\JaniJe00,GNB,WR,26,16,0,0,0,0,0,0,0,0,,0,5,2,12,6.00,0,0,0,0,,,1,3.2,3.2,2.2,,189,
498,Matt Jones\JoneMa04,IND,RB,24,5,0,0,0,0,0,0,5,14,2.80,0,0,0,0,,0,0,0,0,,,1,1.4,1.4,1.4,,144,
499,Raheem Mostert\MostRa00,SFO,RB,25,11,0,0,0,0,0,0,6,30,5.00,0,0,0,0,,0,1,1,0,,,1,1.0,2.0,1.0,,145,
500,Larry Pinkard\PinkLa00,JAX,WR,25,4,0,0,0,0,0,0,0,0,,0,1,1,5,5.00,0,0,0,0,,,1,1.5,1.5,1.0,,194,
501,Darius Powe\PoweDa02,NYG,WR,23,1,1,0,0,0,0,0,0,0,,0,4,2,13,6.50,0,0,0,0,,,1,3.3,3.3,2.3,,187,
502,Cooper Rush\RushCo00,DAL,QB,24,2,0,1,3,2,0,0,2,13,6.50,0,0,0,0,,0,0,0,0,,,1,1.4,1.4,1.4,,63,
503,Terrell Watson\WatsTe00,PIT,RB,24,10,0,0,0,0,0,0,5,8,1.60,0,0,0,0,,0,0,0,0,,,1,0.8,0.8,0.8,,146,
504,Eric Weems\WeemEr00,TEN,WR,32,16,0,0,0,0,0,0,1,0,0.00,0,2,1,5,5.00,0,0,0,0,,,1,1.5,1.5,1.0,,195,
505,Kevin White\WhitKe00,CHI,WR,25,1,1,0,0,0,0,0,0,0,,0,4,2,6,3.00,0,0,0,0,,,1,2.6,2.6,1.6,,193,
506,Rodney Adams\AdamRo01,MIN,,23,1,0,0,0,0,0,0,0,0,,0,0,0,0,,0,0,0,0,,,,,,,,208,
507,Quincy Adeboyejo\AdebQu00,BAL,,22,1,0,0,0,0,0,0,0,0,,0,0,0,0,,0,0,0,0,,,,,,,,209,
508,Derek Anderson\AndeDe00,CAR,QB,34,3,0,2,8,17,0,0,2,-2,-1.00,0,0,0,0,,0,0,0,0,,,,0.5,0.5,0.5,,65,
509,Alex Armah\ArmaAl00,CAR,,23,9,0,0,0,0,0,0,0,0,,0,0,0,0,,0,0,0,0,,,,,,,,2,
510,Joe Banyard\BanyJo00,BUF,,29,3,0,0,0,0,0,0,0,0,,0,0,0,0,,0,0,0,0,,,,,,,,153,
511,Evan Baylis\BaylEv00,HOU,,24,1,0,0,0,0,0,0,0,0,,0,0,0,0,,0,0,0,0,,,,,,,,104,
512,Jace Billingsley\BillJa00,DET,,24,2,0,0,0,0,0,0,0,0,,0,0,0,0,,0,0,0,0,,,,,,,,205,
513,Victor Bolden\BoldVi00,SFO,,22,9,0,0,0,0,0,0,0,0,,0,0,0,0,,0,0,0,0,,,,,,,,199,
514,Ben Braunecker\BrauBe00,CHI,,23,8,0,0,0,0,0,0,0,0,,0,0,0,0,,0,0,0,0,,,,,,,,115,
515,K.J. Brent\BrenK.00,IND,,24,5,0,0,0,0,0,0,0,0,,0,1,0,0,,0,0,0,0,,,,,,,,218,
516,Pharaoh Brown\BrowPh01,OAK,,23,2,1,0,0,0,0,0,0,0,,0,0,0,0,,0,0,0,0,,,,,,,,120,
517,Marquis Bundy\BundMa00,NYG,,23,1,1,0,0,0,0,0,0,0,,0,3,0,0,,0,0,0,0,,,,,,,,220,
518,Joe Callahan\CallJo00,GNB,QB,24,1,0,5,7,11,0,0,0,0,,0,0,0,0,,0,0,0,0,,,,0.4,0.4,0.4,,66,
519,Austin Carr\CarrAu00,NOR,,24,1,0,0,0,0,0,0,0,0,,0,0,0,0,,0,0,0,0,,,,,,,,201,
520,Cethan Carter\CartCe00,CIN,,22,16,0,0,0,0,0,0,0,0,,0,0,0,0,,0,0,0,0,,,,,,,,110,
521,Kyle Carter\CartKy01,MIN,,25,3,0,0,0,0,0,0,0,0,,0,0,0,0,,0,0,0,0,,,,,,,,121,
522,Stacy Coley\ColeSt00,MIN,,23,4,0,0,0,0,0,0,0,0,,0,0,0,0,,0,0,0,0,,,,,,,,200,
523,Cody Core\CoreCo00,CIN,,23,13,0,0,0,0,0,0,0,0,,0,4,0,0,,0,0,0,0,,,,,,,,217,
524,Sean Culkin\CulkSe00,LAC,,24,1,0,0,0,0,0,0,0,0,,0,0,0,0,,0,0,0,0,,,,,,,,117,
525,Jeff Cumberland\CumbJe00,LAC,TE,30,7,3,0,0,0,0,0,0,0,,0,3,2,2,1.00,0,0,0,0,,,,2.2,2.2,1.2,,101,
526,Chase Daniel\DaniCh00,NOR,QB,31,1,0,0,0,0,0,0,3,-2,-0.67,0,0,0,0,,0,0,0,0,,,,-0.2,-0.2,-0.2,,70,
527,Austin Davis\DaviAu00,SEA,QB,28,3,0,0,0,0,0,0,1,-1,-1.00,0,0,0,0,,0,0,0,0,,,,-0.1,-0.1,-0.1,,69,
528,Geremy Davis\DaviGe00,LAC,,25,2,0,0,0,0,0,0,0,0,,0,0,0,0,,0,0,0,0,,,,,,,,213,
529,Justin Davis\DaviJu00,LAR,RB,22,4,0,0,0,0,0,0,1,1,1.00,0,0,0,0,,0,0,0,0,,,,0.1,0.1,0.1,,149,
530,Robert Davis\DaviRo00,WAS,,22,1,0,0,0,0,0,0,0,0,,0,0,0,0,,0,0,0,0,,,,,,,,211,
531,Jim Dray\DrayJi00,ARI,,31,1,0,0,0,0,0,0,0,0,,0,0,0,0,,0,0,0,0,,,,,,,,113,
532,Ed Eagan\EagaEd00,NYG,,24,4,0,0,0,0,0,0,0,0,,0,1,0,0,,0,0,0,0,,,,,,,,216,
533,Gavin Escobar\EscoGa00,BAL,,26,2,0,0,0,0,0,0,0,0,,0,0,0,0,,0,0,0,0,,,,,,,,106,
534,Mose Frazier\FrazMo00,CAR,,24,1,0,0,0,0,0,0,0,0,,0,0,0,0,,0,0,0,0,,,,,,,,212,
535,C.J. Goodwin\GoodC.00,2TM,,27,14,0,0,0,0,0,0,0,0,,0,0,0,0,,0,0,0,0,,,,,,,,214,
536,Garrett Griffin\GrifGa00,NOR,TE,23,3,0,0,0,0,0,0,0,0,,0,1,1,4,4.00,0,0,0,0,,,,1.4,1.4,0.9,,99,
537,Justin Hardee\HardJu01,NOR,,23,14,0,0,0,0,0,0,0,0,,0,0,0,0,,0,0,0,0,,,,,,,,207,
538,Clark Harris*\HarrCl20,CIN,,33,16,0,0,0,0,0,0,0,0,,0,0,0,0,,0,0,0,0,,,,,,,,124,
539,Matt Hazel\HazeMa01,IND,WR,25,4,0,0,0,0,0,0,0,0,,0,1,1,1,1.00,0,0,0,0,,,,1.1,1.1,0.6,,198,
540,Bronson Hill\HillBr01,ARI,RB,24,2,0,0,0,0,0,0,1,-2,-2.00,0,0,0,0,,0,0,0,0,,,,-0.2,-0.2,-0.2,,158,
541,Taysom Hill\HillTa00,NOR,,27,5,0,0,0,0,0,0,0,0,,0,0,0,0,,0,0,0,0,,,,,,,,67,
542,Krishawn Hogan\HogaKr00,IND,,22,2,0,0,0,0,0,0,0,0,,0,0,0,0,,0,1,0,0,,,,,,,,219,
543,Gabe Holmes\HolmGa00,ARI,,26,2,0,0,0,0,0,0,0,0,,0,1,0,0,,0,0,0,0,,,,,,,,103,
544,Elijah Hood\HoodEl00,OAK,,21,1,0,0,0,0,0,0,0,0,,0,0,0,0,,0,0,0,0,,,,,,,,157,
545,Blake Jarwin\JarwBl00,DAL,,23,1,0,0,0,0,0,0,0,0,,0,0,0,0,,0,0,0,0,,,,,,,,116,
546,Andy Jones\JoneAn01,2TM,,23,3,0,0,0,0,0,0,0,0,,0,0,0,0,,0,0,0,0,,,,,,,,202,
547,Marcus Kemp\KempMa00,KAN,,22,1,0,0,0,0,0,0,0,0,,0,0,0,0,,0,0,0,0,,,,,,,,204,
548,Joe Kerridge\KerrJo00,GNB,RB,25,4,0,0,0,0,0,0,0,0,,0,1,1,3,3.00,0,0,0,0,,,,1.3,1.3,0.8,,147,
549,Henry Krieger-Coble\KrieHe00,IND,,25,1,0,0,0,0,0,0,0,0,,0,0,0,0,,0,0,0,0,,,,,,,,114,
550,John Kuhn\KuhnJo00,NOR,RB,35,2,1,0,0,0,0,0,1,2,2.00,0,0,0,0,,0,0,0,0,,,,0.2,0.2,0.2,,148,
551,Matt LaCosse\LaCoMa00,2TM,,25,5,1,0,0,0,0,0,0,0,,0,1,0,0,,0,0,0,0,,,,,,,,109,
552,Daniel Lasco\LascDa00,NOR,,25,3,0,0,0,0,0,0,0,0,,0,0,0,0,,0,0,0,0,,,,,,,,155,
553,Khari Lee\LeexKh00,BUF,,25,8,0,0,0,0,0,0,0,0,,0,0,0,0,,0,0,0,0,,,,,,,,108,
554,Matt Lengel\LengMa00,CLE,,27,1,0,0,0,0,0,0,0,0,,0,0,0,0,,0,0,0,0,,,,,,,,119,
555,Lance Lenoir\LenoLa00,DAL,,22,1,0,0,0,0,0,0,0,0,,0,0,0,0,,0,0,0,0,,,,,,,,215,
556,Terrence Magee\MageTe00,ATL,,24,2,0,0,0,0,0,0,0,0,,0,0,0,0,,0,0,0,0,,,,,,,,156,
557,Ryan Malleck\MallRy02,HOU,TE,24,2,0,0,0,0,0,0,0,0,,0,1,1,3,3.00,0,0,0,0,,,,1.3,1.3,0.8,,100,
558,Bradley Marquez\MarqBr00,DET,,25,1,0,0,0,0,0,0,0,0,,0,0,0,0,,0,0,0,0,,,,,,,,203,
559,Max McCaffrey\McCaMa01,JAX,WR,23,5,0,0,0,0,0,0,0,0,,0,1,1,4,4.00,0,0,0,0,,,,1.4,1.4,0.9,,196,
560,Colt McCoy\McCoCo00,WAS,,31,1,0,0,0,0,0,0,0,0,,0,0,0,0,,0,0,0,0,,,,,,,,68,
561,Darren McFadden\McFaDa00,DAL,RB,30,1,0,0,0,0,0,0,1,-2,-2.00,0,0,0,0,,0,0,0,0,,,,-0.2,-0.2,-0.2,,159,
562,Jeremy McNichols\McNiJe00,SFO,,22,2,0,0,0,0,0,0,0,0,,0,0,0,0,,0,0,0,0,,,,,,,,154,
563,Taquan Mizzell\MizzTa00,CHI,,24,3,0,0,0,0,0,0,0,0,,0,0,0,0,,0,0,0,0,,,,,,,,150,
564,David Moore\MoorDa03,SEA,,22,1,0,0,0,0,0,0,0,0,,0,0,0,0,,0,0,0,0,,,,,,,,221,
565,Johnny Mundt\MundJo00,LAR,,23,2,0,0,0,0,0,0,0,0,,0,0,0,0,,0,0,0,0,,,,,,,,126,
566,Dare Ogunbowale\OgunDa00,WAS,,23,2,0,0,0,0,0,0,0,0,,0,0,0,0,,0,0,0,0,,,,,,,,152,
567,Ryan O'Malley\OMalRy00,NYG,,24,1,0,0,0,0,0,0,0,0,,0,0,0,0,,0,0,0,0,,,,,,,,118,
568,Logan Paulsen\PaulLo00,SFO,,30,14,1,0,0,0,0,0,0,0,,0,2,0,0,,0,0,0,0,,,,,,,,112,
569,Charone Peake\PeakCh00,NYJ,WR,25,3,0,0,0,0,0,0,0,0,,0,1,1,3,3.00,0,0,0,0,,,,1.3,1.3,0.8,,197,
570,John Phillips\PhilJo00,NOR,,30,1,0,0,0,0,0,0,0,0,,0,0,0,0,,0,0,0,0,,,,,,,,111,
571,MyCole Pruitt\PruiMy00,HOU,,25,1,0,0,0,0,0,0,0,0,,0,0,0,0,,0,0,0,0,,,,,,,,125,
572,Eric Saubert\SaubEr00,ATL,,23,14,0,0,0,0,0,0,0,0,,0,0,0,0,,0,0,0,0,,,,,,,,123,
573,Rashawn Scott\ScotRa01,MIA,,25,1,0,0,0,0,0,0,0,0,,0,0,0,0,,0,0,0,0,,,,,,,,210,
574,Matthew Slater*\SlatMa00,NWE,,32,9,0,0,0,0,0,0,0,0,,0,0,0,0,,0,0,0,0,,,,,,,,206,
575,Nate Solder\SoldNa00,NWE,,29,16,16,0,0,0,0,0,0,0,,0,0,0,0,,0,0,0,0,,,,,,,,105,
576,Tyrone Swoopes\SwooTy00,SEA,,23,1,0,0,0,0,0,0,0,0,,0,0,0,0,,0,0,0,0,,,,,,,,102,
577,Jordan Todman\TodmJo00,HOU,,27,14,0,0,0,0,0,0,0,0,,0,0,0,0,,0,0,0,0,,,,,,,,151,
578,Hakeem Valles\VallHa00,DET,,25,1,0,0,0,0,0,0,0,0,,0,0,0,0,,0,0,0,0,,,,,,,,122,
579,Jason Vander Laan\VandJa00,IND,,25,4,0,0,0,0,0,0,0,0,,0,0,0,0,,0,0,0,0,,,,,,,,107,
580,Isaac Whitney\WhitIs00,OAK,,23,2,0,0,0,0,0,0,0,0,,0,1,0,0,,0,0,0,0,,,,,,,,222,
581,Kellen Clemens\ClemKe00,LAC,QB,34,8,0,6,8,36,0,1,5,-5,-1.00,0,0,0,0,,0,0,0,0,,,-1,-1.1,-0.1,-0.1,,73,
582,Chad Henne\HennCh01,JAX,QB,32,2,0,0,2,0,0,0,5,-5,-1.00,0,0,0,0,,0,0,0,0,,,-1,-0.5,-0.5,-0.5,,71,
583,Isaiah McKenzie\McKeIs00,DEN,WR,22,11,0,0,0,0,0,0,1,4,4.00,0,13,4,29,7.25,0,6,2,0,,,-1,3.3,5.3,1.3,,223,
584,Kalif Raymond\RaymKa00,2TM,WR,23,8,0,0,0,0,0,0,1,-1,-1.00,0,1,1,12,12.00,0,5,1,0,,,-1,0.1,1.1,-0.4,,225,
585,John Ross\RossJo00,CIN,WR,22,3,1,0,0,0,0,0,1,12,12.00,0,2,0,0,,0,1,1,0,,,-1,-0.8,0.2,-0.8,,224,
586,Jake Rudock\RudoJa00,DET,QB,24,3,0,3,5,24,0,1,0,0,,0,0,0,0,,0,0,0,0,,,-1,-1.0,,,,72,
587,Tyler Bray\BrayTy00,KAN,QB,26,1,0,0,1,0,0,0,1,0,0.00,0,0,0,0,,0,1,1,0,,,-2,-2.0,-1.0,-2.0,,74,
588,Teddy Bridgewater\BridTe00,MIN,QB,25,1,0,0,2,0,0,1,3,-3,-1.00,0,0,0,0,,0,0,0,0,,,-2,-2.3,-1.3,-1.3,,75,
589,Devante Mays\MaysDe00,GNB,RB,23,8,0,0,0,0,0,0,4,1,0.25,0,3,3,0,0.00,0,2,1,0,,,-2,1.1,2.1,-0.4,,160,