,,,,,Games,Games,Passing,Passing,Passing,Passing,Passing,Rushing,Rushing,Rushing,Rushing,Receiving,Receiving,Receiving,Receiving,Receiving,Fumbles,Fumbles,Scoring,Scoring,Scoring,Fantasy,Fantasy,Fantasy,Fantasy,Fantasy,Fantasy,Fantasy
Rk,Player,Tm,FantPos,Age,G,GS,Cmp,Att,Yds,TD,Int,Att,Yds,Y/A,TD,Tgt,Rec,Yds,Y/R,TD,Fmb,FL,TD,2PM,2PP,FantPt,PPR,DKPt,FDPt,VBD,PosRank,OvRank
1,Christian McCaffrey *+\McCaCh01,CAR,RB,23,16,16,0,2,0,0,0,287,1387,4.83,15,142,116,1005,8.66,4,1,0,19,1,,355,471.2,477.2,413.2,215,1,1
2,Lamar Jackson*+\JackLa00,BAL,QB,22,15,15,265,401,3127,36,6,176,1206,6.85,7,0,0,0,,0,9,2,7,,,416,415.7,429.7,421.7,152,1,2
3,Derrick Henry *\HenrDe00,TEN,RB,25,15,15,0,0,0,0,0,303,1540,5.08,16,24,18,206,11.44,2,5,3,18,,,277,294.6,303.6,285.6,136,2,3
4,Aaron Jones\JoneAa00,GNB,RB,25,16,16,0,0,0,0,0,236,1084,4.59,16,68,49,474,9.67,3,3,2,19,,,266,314.8,322.8,290.3,125,3,4
5,Ezekiel Elliott*\ElliEz00,DAL,RB,24,16,16,0,0,0,0,0,301,1357,4.51,12,71,54,420,7.78,2,3,2,14,,,258,311.7,319.7,284.7,117,4,5
6,Dalvin Cook*\CookDa01,MIN,RB,24,14,14,0,0,0,0,0,250,1135,4.54,13,63,53,519,9.79,0,4,2,13,,,239,292.4,300.4,265.9,99,5,6
7,Michael Thomas*+\ThomMi05,NOR,WR,26,16,15,0,0,0,0,0,1,-9,-9.00,0,185,149,1725,11.58,9,1,0,9,,,226,374.6,377.6,300.1,97,1,7
8,Travis Kelce*\KelcTr00,KAN,TE,30,16,16,0,0,0,0,0,1,4,4.00,1,136,97,1229,12.67,5,1,1,6,,,157,254.3,258.3,205.8,80,1,8
9,Nick Chubb*\ChubNi00,CLE,RB,24,16,16,0,0,0,0,0,298,1494,5.01,8,49,36,278,7.72,0,3,3,8,,,219,255.2,264.2,237.2,79,6,9
10,Austin Ekeler\EkelAu00,LAC,RB,24,16,8,0,0,0,0,0,132,557,4.22,3,108,92,993,10.79,8,3,2,11,,,217,309.0,317.0,263.0,76,7,10
11,Mark Ingram*\IngrMa01,BAL,RB,30,15,15,0,0,0,0,0,202,1018,5.04,10,29,26,247,9.50,5,2,2,15,2,,217,242.5,250.5,229.5,76,8,11
12,Dak Prescott\PresDa01,DAL,QB,26,16,16,388,596,4902,30,11,52,277,5.33,3,0,0,0,,0,6,2,3,,1,338,337.8,356.8,348.8,74,2,12
13,Mark Andrews*\AndrMa00,BAL,TE,24,15,4,0,0,0,0,0,0,0,,0,98,64,852,13.31,10,2,1,10,,,143,207.2,211.2,175.2,66,2,13
14,Russell Wilson *\WilsRu00,SEA,QB,31,16,16,341,516,4110,31,5,75,342,4.56,3,0,0,0,,0,8,2,3,,1,329,328.6,341.6,333.6,65,3,14
15,Chris Godwin*\GodwCh00,TAM,WR,23,14,14,0,0,0,0,0,1,8,8.00,0,121,86,1333,15.50,9,0,0,9,1,,190,276.1,279.1,233.1,61,2,15
16,George Kittle*+\KittGe00,SFO,TE,26,14,14,0,0,0,0,0,5,22,4.40,0,107,85,1053,12.39,5,1,0,5,,,138,222.5,225.5,180.0,61,3,16
17,Deshaun Watson *\WatsDe00,HOU,QB,24,15,15,333,495,3852,26,12,82,413,5.04,7,1,1,6,6.00,1,10,3,8,,1,320,321.0,342.0,332.5,56,4,17
18,Chris Carson\CarsCh00,SEA,RB,25,15,15,0,0,0,0,0,278,1230,4.42,7,47,37,266,7.19,2,7,4,9,,,196,232.6,242.6,214.1,55,9,18
19,Darren Waller\WallDa01,OAK,TE,27,16,16,0,0,0,0,0,2,5,2.50,0,117,90,1145,12.72,3,1,1,3,,,131,221.0,225.0,176.0,54,4,19
20,Kenny Golladay*\GollKe00,DET,WR,26,16,16,0,0,0,0,0,0,0,,0,116,65,1190,18.31,11,1,1,11,,,183,248.0,252.0,215.5,54,3,20
21,Saquon Barkley\BarkSa00,NYG,RB,22,13,13,0,0,0,0,0,217,1003,4.62,6,73,52,438,8.42,2,1,0,8,,,192,244.1,250.1,218.1,52,10,21
22,Zach Ertz*\ErtzZa00,PHI,TE,29,15,15,0,0,0,0,0,0,0,,0,135,88,916,10.41,6,1,1,6,1,,128,215.6,219.6,171.6,51,5,22
23,Joe Mixon\MixoJo00,CIN,RB,23,16,15,0,0,0,0,0,278,1137,4.09,5,45,35,287,8.20,3,0,0,8,,,190,225.4,231.4,207.9,50,11,23
24,Todd Gurley\GurlTo01,LAR,RB,25,15,15,0,0,0,0,0,223,857,3.84,12,49,31,207,6.68,2,3,2,14,1,,188,219.4,227.4,203.9,48,12,24
25,Jared Cook*\CookJa02,NOR,TE,32,14,7,0,0,0,0,0,0,0,,0,65,43,705,16.40,9,0,0,9,,,125,167.5,170.5,146.0,48,6,25
26,Cooper Kupp\KuppCo00,LAR,WR,26,16,14,0,1,0,0,0,2,4,2.00,0,134,94,1161,12.35,10,3,0,10,,,177,270.5,273.5,223.5,47,4,26
27,Julio Jones *\JoneJu02,ATL,WR,30,15,15,0,0,0,0,0,2,-3,-1.50,0,157,99,1394,14.08,6,1,0,6,,,175,274.1,277.1,224.6,46,5,27
28,DeVante Parker\ParkDe01,MIA,WR,26,16,14,0,0,0,0,0,0,0,,0,128,72,1202,16.69,9,0,0,9,,,174,246.2,249.2,210.2,45,6,28
29,Leonard Fournette\FourLe00,JAX,RB,24,15,15,0,0,0,0,0,265,1152,4.35,3,100,76,522,6.87,0,1,1,3,,,183,259.4,266.4,221.4,43,13,29
30,Jameis Winston\WinsJa00,TAM,QB,25,16,16,380,626,5109,33,30,59,250,4.24,1,0,0,0,,0,12,5,1,2,2,305,305.4,346.4,335.4,42,5,30
31,Austin Hooper*\HoopAu00,ATL,TE,25,13,10,0,0,0,0,0,0,0,,0,97,75,787,10.49,6,0,0,6,1,,117,191.7,194.7,154.2,40,7,31
32,Amari Cooper*\CoopAm00,DAL,WR,25,16,16,0,0,0,0,0,1,6,6.00,0,119,79,1189,15.05,8,0,0,8,,,168,246.5,249.5,207.0,38,7,32
33,Mike Evans*\EvanMi00,TAM,WR,26,13,13,0,0,0,0,0,0,0,,0,118,67,1157,17.27,8,0,0,8,1,,166,232.7,235.7,199.2,37,8,33
34,A.J. Brown\BrowAJ00,TEN,WR,22,16,11,0,0,0,0,0,3,60,20.00,1,84,52,1051,20.21,8,1,0,9,,,165,217.1,220.1,191.1,36,9,34
35,DeAndre Hopkins*+\HopkDe00,HOU,WR,27,15,15,1,2,6,1,1,2,18,9.00,0,150,104,1165,11.20,7,0,0,7,1,,165,268.5,272.5,217.5,35,10,35
36,Josh Jacobs\JacoJo01,OAK,RB,21,13,13,0,0,0,0,0,242,1150,4.75,7,27,20,166,8.30,0,1,1,7,,,172,191.6,198.6,181.6,31,14,36
37,Keenan Allen*\AlleKe00,LAC,WR,27,16,16,0,0,0,0,0,3,16,5.33,0,149,104,1199,11.53,6,0,0,6,,,158,261.5,264.5,209.5,28,11,37
38,Miles Sanders\SandMi01,PHI,RB,22,16,11,0,0,0,0,0,179,818,4.57,3,63,50,509,10.18,3,2,1,6,1,,169,218.7,225.7,193.7,28,15,38
39,Allen Robinson\RobiAl02,CHI,WR,26,16,15,0,0,0,0,0,1,2,2.00,0,154,98,1147,11.70,7,0,0,7,,,157,254.9,257.9,205.9,28,12,39
40,Julian Edelman\EdelJu00,NWE,WR,33,16,13,2,2,47,1,0,8,27,3.38,0,153,100,1117,11.17,6,3,1,6,1,,156,256.3,260.3,206.3,27,13,40
41,Alvin Kamara*\KamaAl00,NOR,RB,24,14,9,1,1,13,0,0,171,797,4.66,5,97,81,533,6.58,1,4,1,6,,,168,248.5,255.5,208.0,27,16,41
42,Marlon Mack\MackMa00,IND,RB,23,14,12,0,0,0,0,0,247,1091,4.42,8,17,14,82,5.86,0,0,0,8,1,,167,181.3,184.3,174.3,27,17,42
43,Jarvis Landry *\LandJa00,CLE,WR,27,16,16,0,0,0,0,0,1,10,10.00,0,138,83,1174,14.14,6,0,0,6,,,154,237.4,240.4,195.9,25,14,43
44,Josh Allen\AlleJo02,BUF,QB,23,16,16,271,461,3089,20,9,109,510,4.68,9,0,0,0,,0,14,4,9,1,2,289,288.6,307.6,297.6,25,6,44
45,Tyler Lockett\LockTy00,SEA,WR,27,16,16,0,0,0,0,0,4,-5,-1.25,0,110,82,1057,12.89,8,1,0,8,,,153,235.2,238.2,194.2,24,15,45
46,DJ Chark*\CharDJ00,JAX,WR,23,15,14,0,0,0,0,0,2,20,10.00,0,118,73,1008,13.81,8,0,0,8,1,,153,225.8,228.8,189.3,24,16,46
47,Kenyan Drake\DrakKe00,2TM,RB,25,14,10,0,0,0,0,0,170,817,4.81,8,68,50,345,6.90,0,2,1,8,1,,164,214.2,221.2,189.2,24,18,47
48,Patrick Mahomes *\MahoPa00,KAN,QB,24,14,14,319,484,4031,26,5,43,218,5.07,2,0,0,0,,0,3,2,2,,1,287,287.0,300.0,292.0,23,7,48
49,Phillip Lindsay\LindPh00,DEN,RB,25,16,16,0,0,0,0,0,224,1011,4.51,7,48,35,196,5.60,0,0,0,7,,,163,197.7,203.7,180.2,22,19,49
50,Kyler Murray\MurrKy00,ARI,QB,22,16,16,349,542,3722,20,12,93,544,5.85,4,0,0,0,,0,5,2,4,,3,285,285.3,305.3,297.3,22,8,50
51,Courtland Sutton *\SuttCo00,DEN,WR,24,16,14,1,1,38,0,0,3,17,5.67,0,124,72,1112,15.44,6,2,0,6,,,150,222.4,225.4,186.4,21,17,51
52,Stefon Diggs\DiggSt00,MIN,WR,26,15,15,0,1,0,0,0,5,61,12.20,0,94,63,1130,17.94,6,4,3,6,,,149,212.1,218.1,180.6,20,18,52
53,John Brown\BrowJo02,BUF,WR,29,15,15,1,1,28,1,0,2,7,3.50,0,115,72,1060,14.72,6,0,0,6,,,148,219.8,222.8,183.8,19,19,53
54,Hunter Henry\HenrHu00,LAC,TE,25,12,12,0,0,0,0,0,0,0,,0,76,55,652,11.85,5,1,1,5,1,,95,150.2,154.2,122.7,18,8,54
55,Michael Gallup\GallMi00,DAL,WR,23,14,12,0,0,0,0,0,0,0,,0,113,66,1107,16.77,6,0,0,6,,,147,212.7,215.7,179.7,18,20,55
56,Aaron Rodgers *\RodgAa00,GNB,QB,36,16,16,353,569,4002,26,4,46,183,3.98,1,0,0,0,,0,4,4,1,1,2,278,278.4,292.4,282.4,15,9,56
57,Tyler Higbee\HigbTy00,LAR,TE,26,15,15,0,0,0,0,0,0,0,,0,89,69,734,10.64,3,0,0,3,,,91,160.4,163.4,125.9,15,9,57
58,D.J. Moore\MoorD.00,CAR,WR,22,15,15,0,0,0,0,0,6,40,6.67,0,135,87,1175,13.51,4,2,1,4,,,144,230.5,234.5,187.0,14,21,58
59,Robert Woods\WoodRo02,LAR,WR,27,15,15,0,0,0,0,0,17,115,6.76,1,139,90,1134,12.60,2,0,0,3,,,143,232.9,238.9,187.9,14,22,59
60,Carson Wentz\WentCa00,PHI,QB,27,16,16,388,607,4039,27,7,62,243,3.92,1,0,0,0,,0,16,7,1,,2,276,275.9,295.9,282.9,12,10,60
61,Raheem Mostert\MostRa00,SFO,RB,27,16,0,0,0,0,0,0,137,772,5.64,8,22,14,180,12.86,2,2,2,10,,,151,165.2,173.2,158.2,11,20,61
62,Dallas Goedert\GoedDa00,PHI,TE,24,15,9,0,0,0,0,0,0,0,,0,87,58,607,10.47,5,2,2,5,,,87,144.7,149.7,115.7,10,10,62
63,Le'Veon Bell\BellLe00,NYJ,RB,27,15,15,0,0,0,0,0,245,789,3.22,3,78,66,461,6.98,1,1,1,4,1,,149,215.0,222.0,182.0,8,21,63
64,Mike Gesicki\GesiMi00,MIA,TE,24,16,5,0,0,0,0,0,0,0,,0,89,51,570,11.18,5,1,1,5,,,85,136.0,140.0,110.5,8,11,64
65,Calvin Ridley\RidlCa00,ATL,WR,25,13,10,0,0,0,0,0,2,34,17.00,0,93,63,866,13.75,7,0,0,7,1,,134,197.0,200.0,165.5,5,23,65
66,Terry McLaurin\McLaTe00,WAS,WR,24,14,14,0,0,0,0,0,0,0,,0,93,58,919,15.84,7,0,0,7,,,134,191.9,194.9,162.9,5,24,66
67,David Montgomery\MontDa01,CHI,RB,22,16,8,0,0,0,0,0,242,889,3.67,6,35,25,185,7.40,1,2,2,7,,,145,170.4,178.4,157.9,5,22,67
68,Tyler Boyd\BoydTy00,CIN,WR,25,16,15,0,0,0,0,0,4,23,5.75,0,148,90,1046,11.62,5,2,2,5,,,133,222.9,227.9,177.9,4,25,68
69,Matt Ryan\RyanMa00,ATL,QB,34,15,15,408,616,4466,26,14,34,147,4.32,1,0,0,0,,0,9,5,1,,1,267,267.3,292.3,281.3,4,11,69
70,Deebo Samuel\SamuDe00,SFO,WR,23,15,11,0,0,0,0,0,14,159,11.36,3,81,57,802,14.07,3,2,1,6,1,,132,189.1,196.1,160.6,3,26,70
71,Marvin Jones\JoneMa02,DET,WR,29,13,11,0,0,0,0,0,2,0,0.00,0,91,62,779,12.56,9,0,0,9,,,132,193.9,196.9,162.9,3,27,71
72,Carlos Hyde\HydeCa00,HOU,RB,29,16,14,0,0,0,0,0,245,1070,4.37,6,16,10,42,4.20,0,4,2,6,,,143,153.2,158.2,148.2,3,23,72
73,Tyreek Hill*\HillTy00,KAN,WR,25,12,12,0,0,0,0,0,8,23,2.88,0,89,58,860,14.83,7,0,0,7,,,130,188.3,191.3,159.3,1,28,73
74,Davante Adams*\AdamDa01,GNB,WR,27,12,12,0,0,0,0,0,0,0,,0,127,83,997,12.01,5,2,1,5,1,,130,212.7,216.7,171.2,1,29,74
75,Michael Burton\BurtMi00,WAS,,27,10,2,0,0,0,0,0,0,0,,0,1,0,0,,0,0,0,0,,,,,,,,2,75
76,Jamize Olawale\OlawJa00,DAL,,30,16,5,0,0,0,0,0,0,0,,0,2,0,0,,0,0,0,0,,,,,,,,1,76
77,D.K. Metcalf\MetcDK00,SEA,WR,22,16,15,0,0,0,0,0,2,11,5.50,0,100,58,900,15.52,7,3,3,7,1,,129,187.1,193.1,158.1,,30,77
78,Sony Michel\MichSo00,NWE,RB,24,16,14,0,0,0,0,0,247,912,3.69,7,20,12,94,7.83,0,2,1,7,,,141,152.6,156.6,146.6,,24,78
79,Tom Brady\BradTo00,NWE,QB,42,16,16,373,613,4057,24,8,26,34,1.31,3,0,0,0,,0,4,1,3,,1,264,263.7,275.7,271.7,,12,
80,Jared Goff\GoffJa00,LAR,QB,25,16,16,394,626,4638,22,16,33,40,1.21,2,0,0,0,,0,10,5,2,,,248,247.5,271.5,263.5,,13,
81,Jimmy Garoppolo\GaroJi00,SFO,QB,28,16,16,329,476,3978,27,13,46,62,1.35,1,0,0,0,,0,10,5,1,,2,247,247.3,268.3,260.3,,14,
82,Derek Carr\CarrDe02,OAK,QB,28,16,16,361,513,4054,21,8,27,82,3.04,2,0,0,0,,0,7,3,2,,,244,244.4,258.4,252.4,,16,
83,Kirk Cousins *\CousKi00,MIN,QB,31,15,15,307,444,3603,26,6,31,63,2.03,1,1,0,0,,0,10,3,1,,1,244,244.4,256.4,250.4,,15,
84,Ryan Fitzpatrick\FitzRy00,MIA,QB,37,15,13,311,502,3529,20,13,54,243,4.50,4,0,0,0,,0,9,2,4,,1,241,241.5,262.5,254.5,,17,
85,Philip Rivers\RivePh00,LAC,QB,38,16,16,390,591,4615,23,20,12,29,2.42,0,0,0,0,,0,8,3,0,,1,236,235.5,261.5,255.5,,18,
86,Baker Mayfield\MayfBa00,CLE,QB,24,16,16,317,534,3827,22,21,28,141,5.04,3,0,0,0,,0,6,2,3,,1,229,229.2,258.2,250.2,,20,
87,Gardner Minshew II\MinsGa00,JAX,QB,23,14,12,285,470,3271,21,6,67,344,5.13,0,0,0,0,,0,13,7,0,,3,229,229.2,248.2,235.2,,19,
88,Drew Brees*\BreeDr00,NOR,QB,40,11,11,281,378,2979,27,4,9,-4,-0.44,1,0,0,0,,0,0,0,1,,,225,224.8,231.8,228.8,,21,
89,Ryan Tannehill*\TannRy00,TEN,QB,31,12,10,201,286,2742,22,6,43,185,4.30,4,0,0,0,,0,6,3,4,1,,224,224.2,239.2,230.2,,22,
90,Jacoby Brissett\BrisJa00,IND,QB,27,15,15,272,447,2942,18,6,56,228,4.07,4,1,1,2,2.00,0,7,5,4,,1,217,217.7,234.7,223.2,,23,
91,Daniel Jones\JoneDa05,NYG,QB,22,13,12,284,459,3027,24,12,45,279,6.20,2,0,0,0,,0,18,11,2,,2,215,215.0,244.0,227.0,,24,
92,Andy Dalton\DaltAn00,CIN,QB,32,13,13,314,528,3494,16,14,32,73,2.28,4,1,1,-4,-4.00,0,8,4,4,1,1,203,203.7,224.7,217.2,,26,
93,Mitchell Trubisky\TrubMi00,CHI,QB,25,15,15,326,516,3138,17,10,48,193,4.02,2,0,0,0,,0,5,2,2,,1,203,202.8,220.8,212.8,,25,
94,Sam Darnold\DarnSa00,NYJ,QB,22,13,13,273,441,3024,19,13,33,62,1.88,2,0,0,0,,0,11,3,2,,3,189,189.2,208.2,202.2,,27,
95,Kyle Allen\AlleKy00,CAR,QB,23,13,12,303,489,3322,17,16,32,106,3.31,2,0,0,0,,0,13,7,2,,,177,177.5,206.5,193.5,,28,
96,Matthew Stafford\StafMa00,DET,QB,31,8,8,187,291,2499,19,5,20,66,3.30,0,0,0,0,,0,5,3,0,,,167,166.6,177.6,171.6,,29,
97,Devonta Freeman\FreeDe00,ATL,RB,27,14,14,0,0,0,0,0,184,656,3.57,2,70,59,410,6.95,4,3,2,6,,,139,197.6,205.6,168.1,,26,
98,Melvin Gordon\GordMe00,LAC,RB,26,12,11,0,0,0,0,0,162,612,3.78,8,55,42,296,7.05,1,4,3,9,,,139,180.8,189.8,159.8,,25,
99,Ronald Jones II\JoneRo01,TAM,RB,22,16,9,0,0,0,0,0,172,724,4.21,6,40,31,309,9.97,0,3,2,6,,,135,166.3,174.3,150.8,,27,
100,Adrian Peterson\PeteAd01,WAS,RB,34,15,15,0,0,0,0,0,211,898,4.26,5,23,17,142,8.35,0,3,2,5,,,130,147.0,155.0,138.5,,28,
101,James White\WhitJa02,NWE,RB,27,15,1,1,1,35,0,0,67,263,3.93,1,95,72,645,8.96,5,1,1,6,1,,128,200.2,207.2,164.2,,29,
102,Odell Beckham Jr.\BeckOd00,CLE,WR,27,16,15,1,2,20,0,0,3,10,3.33,0,133,74,1035,13.99,4,1,1,4,,,127,201.3,205.3,164.3,,31,
103,Emmanuel Sanders\SandEm00,2TM,WR,32,17,16,1,1,35,1,0,0,0,,0,97,66,869,13.17,5,0,0,5,1,,124,190.3,193.3,157.3,,32,
104,Latavius Murray\MurrLa00,NOR,RB,29,16,8,0,0,0,0,0,146,637,4.36,5,43,34,235,6.91,1,0,0,6,,,123,157.2,163.2,140.2,,30,
105,Darius Slayton\SlayDa01,NYG,WR,22,14,9,0,0,0,0,0,0,0,,0,84,48,740,15.42,8,0,0,8,,,122,170.0,173.0,146.0,,33,
106,Jamison Crowder\CrowJa00,NYJ,WR,26,16,12,0,0,0,0,0,1,4,4.00,0,122,78,833,10.68,6,0,0,6,,,120,197.7,200.7,158.7,,34,
107,Devin Singletary\SingDe00,BUF,RB,22,12,8,0,0,0,0,0,151,775,5.13,2,41,29,194,6.69,2,4,1,4,,,119,147.9,154.9,133.4,,31,
108,Cole Beasley\BeasCo00,BUF,WR,30,15,10,0,0,0,0,0,0,0,,0,106,67,778,11.61,6,0,0,6,2,,118,184.8,187.8,151.3,,35,
109,Curtis Samuel\SamuCu00,CAR,WR,23,16,15,0,0,0,0,0,19,130,6.84,1,105,54,627,11.61,6,0,0,7,,,118,171.7,177.7,144.7,,36,
110,Tevin Coleman\ColeTe01,SFO,RB,26,14,11,0,0,0,0,0,137,544,3.97,6,30,21,180,8.57,1,0,0,7,,,114,135.4,141.4,124.9,,32,
111,James Conner\ConnJa00,PIT,RB,24,10,10,0,0,0,0,0,116,464,4.00,4,38,34,251,7.38,3,1,1,7,,,112,145.5,152.5,128.5,,33,
112,Mike Williams\WillMi07,LAC,WR,25,15,15,0,0,0,0,0,1,2,2.00,0,90,49,1001,20.43,2,0,0,2,,,112,161.3,164.3,136.8,,37,
113,Damien Williams\WillDa05,KAN,RB,27,11,6,0,0,0,0,0,111,498,4.49,5,37,30,213,7.10,2,1,1,7,,,111,141.1,148.1,126.1,,34,
114,Robby Anderson\AndeRo04,NYJ,WR,26,16,15,0,0,0,0,0,1,4,4.00,0,96,52,779,14.98,5,1,0,5,1,,110,162.3,165.3,136.3,,38,
115,Chris Conley\ConlCh00,JAX,WR,27,16,14,0,0,0,0,0,0,0,,0,90,47,775,16.49,5,0,0,5,1,,110,156.5,159.5,133.0,,39,
116,Duke Johnson\JohnDu00,HOU,RB,26,16,2,0,0,0,0,0,83,410,4.94,2,62,44,410,9.32,3,1,1,5,,,110,154.0,161.0,132.0,,35,
117,Mason Rudolph\RudoMa00,PIT,QB,24,10,8,176,283,1765,13,9,21,42,2.00,0,0,0,0,,0,4,0,0,,,109,108.8,120.8,117.8,,30,
118,Jamaal Williams\WillJa06,GNB,RB,24,14,2,0,0,0,0,0,107,460,4.30,1,45,39,253,6.49,5,0,0,6,,,107,146.3,152.3,126.8,,36,
119,David Johnson\JohnDa08,ARI,RB,28,13,9,0,0,0,0,0,94,345,3.67,2,47,36,370,10.28,4,1,1,6,,,106,141.5,148.5,123.5,,37,
120,Diontae Johnson\JohnDi01,PIT,WR,23,16,12,0,0,0,0,0,4,41,10.25,0,92,59,680,11.53,5,5,2,6,,,104,163.1,168.1,133.6,,40,
121,Case Keenum\KeenCa00,WAS,QB,31,10,8,160,247,1707,11,5,9,12,1.33,1,0,0,0,,0,6,3,1,,,103,103.5,114.5,108.5,,31,
122,Golden Tate\TateGo00,NYG,WR,31,11,10,0,0,0,0,0,1,16,16.00,0,85,49,676,13.80,6,1,1,6,,,103,152.2,156.2,127.7,,41,
123,Larry Fitzgerald\FitzLa00,ARI,WR,36,16,16,0,0,0,0,0,0,0,,0,109,75,804,10.72,4,1,1,4,,,102,177.4,181.4,139.9,,42,
124,Breshad Perriman\PerrBr02,TAM,WR,26,14,4,0,0,0,0,0,2,16,8.00,0,69,36,645,17.92,6,0,0,6,,,102,138.1,141.1,120.1,,43,
125,Peyton Barber\BarbPe01,TAM,RB,25,16,7,0,0,0,0,0,154,470,3.05,6,24,16,115,7.19,1,1,1,7,1,,101,116.5,123.5,108.5,,39,
126,Jordan Howard\HowaJo00,PHI,RB,25,10,4,0,0,0,0,0,119,525,4.41,6,14,10,69,6.90,1,0,0,7,,,101,111.4,114.4,106.4,,38,
127,Tyrell Williams\WillTy00,OAK,WR,27,14,12,0,0,0,0,0,0,0,,0,64,42,651,15.50,6,0,0,6,,,101,143.1,146.1,122.1,,44,
128,Marquise Brown\BrowMa04,BAL,WR,22,14,11,0,0,0,0,0,0,0,,0,71,46,584,12.70,7,0,0,7,,,100,146.4,149.4,123.4,,45,
129,Randall Cobb\CobbRa00,DAL,WR,29,15,6,0,1,0,0,0,3,11,3.67,0,83,55,828,15.05,3,2,1,3,,,100,154.9,158.9,127.4,,47,
130,Christian Kirk\KirkCh01,ARI,WR,23,13,13,0,0,0,0,0,10,93,9.30,0,108,68,709,10.43,3,0,0,3,1,,100,168.2,171.2,134.2,,46,
131,Royce Freeman\FreeRo00,DEN,RB,23,16,0,0,0,0,0,0,132,496,3.76,3,50,43,256,5.95,1,0,0,4,,,99,142.2,148.2,120.7,,40,
132,Mecole Hardman*\HardMe00,KAN,WR,21,16,5,0,0,0,0,0,4,17,4.25,0,41,26,538,20.69,6,2,2,7,,,94,119.5,124.5,106.5,,49,
133,Zach Pascal\PascZa00,IND,WR,25,16,13,0,1,0,0,0,2,16,8.00,0,72,41,607,14.80,5,0,0,5,1,,94,135.3,138.3,114.8,,48,
134,LeSean McCoy\McCoLe01,KAN,RB,31,13,9,0,0,0,0,0,101,465,4.60,4,34,28,181,6.46,1,3,2,5,,,91,118.6,126.6,104.6,,41,
135,Dede Westbrook\WestDe00,JAX,WR,26,15,11,0,0,0,0,0,5,27,5.40,0,101,66,660,10.00,3,1,0,3,2,,91,156.7,159.7,123.7,,50,
136,Teddy Bridgewater\BridTe00,NOR,QB,27,9,5,133,196,1384,9,2,28,31,1.11,0,0,0,0,,0,1,0,0,,,90,90.5,95.5,92.5,,32,
137,James Washington\WashJa00,PIT,WR,23,15,10,0,0,0,0,0,0,0,,0,80,44,735,16.70,3,1,1,3,,,90,133.5,137.5,111.5,,51,
138,Sammy Watkins\WatkSa00,KAN,WR,26,14,13,0,0,0,0,0,2,12,6.00,0,90,52,673,12.94,3,2,1,3,1,,87,138.5,142.5,112.5,,52,
139,Gus Edwards\EdwaGu00,BAL,RB,24,16,1,0,0,0,0,0,133,711,5.35,2,7,7,45,6.43,0,2,1,2,,,86,92.6,96.6,89.1,,43,
140,DeAndre Washington\WashDe00,OAK,RB,26,16,3,0,0,0,0,0,108,387,3.58,3,41,36,292,8.11,0,0,0,3,,,86,121.9,127.9,103.9,,42,
141,Tarik Cohen\CoheTa00,CHI,RB,24,16,11,0,0,0,0,0,64,213,3.33,0,104,79,456,5.77,3,3,0,3,,,85,163.9,169.9,124.4,,44,
142,Joe Flacco\FlacJo00,DEN,QB,34,8,8,171,262,1822,6,5,12,20,1.67,0,0,0,0,,0,8,3,0,,1,85,84.9,95.9,89.9,,34,
143,Will Fuller\FullWi01,HOU,WR,25,11,11,0,0,0,0,0,0,0,,0,71,49,670,13.67,3,1,0,3,,,85,134.0,137.0,109.5,,53,
144,Marcus Mariota\MariMa01,TEN,QB,26,7,6,95,160,1203,7,2,24,129,5.38,0,0,0,0,,0,3,0,0,,,85,85.0,93.0,87.0,,33,
145,Hunter Renfrow\RenfHu00,OAK,WR,24,13,4,0,0,0,0,0,0,0,,0,71,49,605,12.35,4,1,0,4,,,85,133.5,136.5,109.0,,55,
146,Sterling Shepard\ShepSt00,NYG,WR,26,10,10,0,0,0,0,0,6,72,12.00,0,83,57,576,10.11,3,0,0,3,1,,85,141.8,144.8,113.3,,54,
147,Matt Breida\BreiMa00,SFO,RB,24,13,5,0,0,0,0,0,123,623,5.07,1,22,19,120,6.32,1,2,1,2,,,84,103.3,110.3,93.8,,45,
148,Adam Thielen\ThieAd00,MIN,WR,29,10,10,0,0,0,0,0,4,6,1.50,1,48,30,418,13.93,6,0,0,7,,,84,114.4,117.4,99.4,,56,
149,Taysom Hill\HillTa00,NOR,QB,29,16,5,3,6,55,0,0,27,156,5.78,1,22,19,234,12.32,6,0,0,7,,,83,102.2,108.2,92.7,,35,
150,Frank Gore\GoreFr00,BUF,RB,36,16,8,0,0,0,0,0,166,599,3.61,2,16,13,100,7.69,0,0,0,2,,,82,94.9,100.9,88.4,,46,
151,T.Y. Hilton\HiltT.00,IND,WR,30,10,10,0,0,0,0,0,0,0,,0,68,45,501,11.13,5,0,0,5,,,80,125.1,128.1,102.6,,58,
152,Kenny Stills\StilKe00,HOU,WR,27,13,5,0,0,0,0,0,0,0,,0,55,40,561,14.03,4,0,0,4,,,80,120.1,123.1,100.1,,57,
153,Danny Amendola\AmenDa00,DET,WR,34,15,10,1,1,19,1,0,0,0,,0,97,62,678,10.94,1,0,0,1,,,79,140.6,143.6,109.6,,60,
154,Alshon Jeffery\JeffAl00,PHI,WR,29,10,10,0,0,0,0,0,1,2,2.00,1,73,43,490,11.40,4,0,0,5,,,79,122.2,125.2,100.7,,59,
155,Dwayne Haskins\HaskDw00,WAS,QB,22,9,7,119,203,1365,7,7,20,101,5.05,0,0,0,0,,0,6,2,0,,1,77,76.7,91.7,83.7,,36,
156,Jason Witten\WittJa00,DAL,TE,37,16,16,0,0,0,0,0,0,0,,0,83,63,529,8.40,4,1,1,4,1,,77,139.9,143.9,108.4,,12,
157,Brandin Cooks\CookBr00,LAR,WR,26,14,14,0,0,0,0,0,6,52,8.67,0,72,42,583,13.88,2,0,0,2,,,76,117.5,120.5,96.5,,62,
158,Darren Fells\FellDa01,HOU,TE,33,16,14,0,0,0,0,0,0,0,,0,48,34,341,10.03,7,0,0,7,,,76,110.1,113.1,93.1,,13,
159,Anthony Miller\MillAn02,CHI,WR,25,16,7,0,0,0,0,0,1,-1,-1.00,0,85,52,656,12.62,2,1,1,2,,,76,127.5,131.5,101.5,,63,
160,Steven Sims\SimsSt00,WAS,WR,22,16,2,0,1,0,0,0,9,85,9.44,1,56,34,310,9.12,4,1,0,6,,,76,109.5,112.5,92.5,,61,
161,Kerryon Johnson\JohnKe06,DET,RB,22,8,7,0,0,0,0,0,113,403,3.57,3,15,10,127,12.70,1,1,1,4,,,75,85.0,92.0,80.0,,47,
162,Kyle Rudolph\RudoKy00,MIN,TE,30,16,16,0,0,0,0,0,0,0,,0,48,39,367,9.41,6,0,0,6,1,,75,113.7,116.7,94.2,,14,
163,Rex Burkhead\BurkRe00,NWE,RB,29,13,1,0,0,0,0,0,65,302,4.65,3,38,27,279,10.33,0,1,1,3,,,74,101.1,108.1,87.6,,49,
164,Nyheim Hines\HineNy00,IND,RB,23,16,2,0,0,0,0,0,52,199,3.83,2,58,44,320,7.27,0,1,1,4,,,74,117.9,124.9,95.9,,50,
165,Tony Pollard\PollTo00,DAL,RB,22,15,0,0,0,0,0,0,86,455,5.29,2,20,15,107,7.13,1,1,1,3,1,,74,89.2,96.2,81.7,,48,
166,Boston Scott\ScotBo02,PHI,RB,24,11,2,0,0,0,0,0,61,245,4.02,5,26,24,204,8.50,0,4,1,5,,,73,96.9,103.9,84.9,,51,
167,Corey Davis\DaviCo03,TEN,WR,24,15,11,0,0,0,0,0,0,0,,0,69,43,601,13.98,2,1,0,2,,,72,115.1,118.1,93.6,,64,
168,Phillip Dorsett\DorsPh00,NWE,WR,26,14,4,0,0,0,0,0,3,21,7.00,0,54,29,397,13.69,5,0,0,5,,,72,100.8,103.8,86.3,,65,
169,Greg Olsen\OlseGr00,CAR,TE,34,14,14,0,0,0,0,0,0,0,,0,82,52,597,11.48,2,0,0,2,,,72,123.7,126.7,97.7,,15,
170,Chase Edmonds\EdmoCh00,ARI,RB,23,13,2,0,0,0,0,0,60,303,5.05,4,21,12,105,8.75,1,0,0,5,,,71,82.8,88.8,76.8,,52,
171,Noah Fant\FantNo00,DEN,TE,22,16,11,0,0,0,0,0,3,-12,-4.00,0,66,40,562,14.05,3,1,1,3,,,71,111.0,115.0,91.0,,16,
172,JuJu Smith-Schuster\SmitJu00,PIT,WR,23,12,12,0,0,0,0,0,0,0,,0,70,42,552,13.14,3,1,1,3,,,71,113.2,117.2,92.2,,66,
173,Jonnu Smith\SmitJo01,TEN,TE,24,16,14,0,0,0,0,0,4,78,19.50,0,44,35,439,12.54,3,0,0,3,,,70,104.7,107.7,87.2,,17,
174,Jack Doyle*\DoylJa00,IND,TE,29,16,16,0,0,0,0,0,0,0,,0,72,43,448,10.42,4,1,0,4,,,69,111.8,114.8,90.3,,18,
175,Demarcus Robinson\RobiDe01,KAN,WR,25,16,10,0,0,0,0,0,0,0,,0,55,32,449,14.03,4,0,0,4,,,69,100.9,103.9,84.9,,67,
176,Kendrick Bourne\BourKe00,SFO,WR,24,16,0,0,0,0,0,0,0,0,,0,44,30,358,11.93,5,0,0,5,1,,68,97.8,100.8,82.8,,69,
177,Allen Lazard\LazaAl00,GNB,WR,24,16,3,0,0,0,0,0,1,21,21.00,0,52,35,477,13.63,3,0,0,3,,,68,102.8,105.8,85.3,,68,
178,Drew Lock\LockDr00,DEN,QB,23,5,5,100,156,1020,7,3,18,72,4.00,0,0,0,0,,0,3,1,0,,,68,68.0,75.0,71.0,,37,
179,Rashaad Penny\PennRa00,SEA,RB,23,10,0,0,0,0,0,0,65,370,5.69,3,11,8,83,10.38,1,1,1,4,,,67,75.3,79.3,71.3,,53,
180,John Ross\RossJo00,CIN,WR,24,8,8,0,0,0,0,0,3,4,1.33,0,56,28,506,18.07,3,1,1,3,,,67,95.0,99.0,81.0,,70,
181,Evan Engram\EngrEv00,NYG,TE,25,8,6,0,0,0,0,0,3,7,2.33,0,68,44,467,10.61,3,0,0,3,,,65,109.4,112.4,87.4,,19,
182,Mohamed Sanu\SanuMo00,2TM,WR,30,15,12,0,0,0,0,0,3,11,3.67,0,89,59,520,8.81,2,0,0,2,,,65,124.1,127.1,94.6,,71,
183,Tyler Eifert\EifeTy00,CIN,TE,29,16,4,0,0,0,0,0,0,0,,0,63,43,436,10.14,3,0,0,3,1,,64,106.6,109.6,85.1,,21,
184,Ryan Griffin\GrifRy00,NYJ,TE,29,13,13,0,0,0,0,0,0,0,,0,41,34,320,9.41,5,0,0,5,1,,64,98.0,101.0,81.0,,20,
185,Kareem Hunt\HuntKa00,CLE,RB,24,8,3,0,0,0,0,0,43,179,4.16,2,44,37,285,7.70,1,1,0,3,,,64,101.4,107.4,82.9,,54,
186,Willie Snead\SneaWi00,BAL,WR,27,16,11,0,0,0,0,0,2,2,1.00,0,46,31,339,10.94,5,0,0,5,,,64,95.1,98.1,79.6,,72,
187,Jimmy Graham\GrahJi00,GNB,TE,33,16,10,0,0,0,0,0,0,0,,0,60,38,447,11.76,3,1,0,3,,,63,100.7,103.7,81.7,,22,
188,Auden Tate\TateAu00,CIN,WR,22,12,10,0,0,0,0,0,0,0,,0,80,40,575,14.38,1,1,1,1,,,62,101.5,105.5,81.5,,73,
189,Taylor Gabriel\GabrTa00,CHI,WR,28,9,7,0,0,0,0,0,3,20,6.67,0,48,29,353,12.17,4,0,0,4,,,61,90.3,93.3,75.8,,74,
190,Preston Williams\WillPr01,MIA,WR,22,8,7,0,0,0,0,0,0,0,,0,60,32,428,13.38,3,2,1,3,,,59,90.8,94.8,74.8,,75,
191,Alexander Mattison\MattAl01,MIN,RB,21,13,0,0,0,0,0,0,100,462,4.62,1,12,10,82,8.20,0,1,1,1,,,58,68.4,72.4,63.4,,55,
192,Marquez Valdes-Scantling\ValdMa00,GNB,WR,25,16,10,0,0,0,0,0,2,9,4.50,0,56,26,452,17.38,2,0,0,2,,,58,84.1,87.1,71.1,,76,
193,Malcolm Brown\BrowMa03,LAR,RB,26,14,1,0,0,0,0,0,69,255,3.70,5,6,2,16,8.00,0,0,0,5,,,57,59.1,62.1,58.1,,58,
194,Jeff Driskel\DrisJe00,DET,QB,26,3,3,62,105,685,4,4,22,151,6.86,1,1,1,6,6.00,0,1,0,1,,,57,58.1,68.1,61.6,,38,
195,Brian Hill\HillBr02,ATL,RB,24,12,2,0,0,0,0,0,78,323,4.14,2,14,10,69,6.90,1,0,0,3,,,57,67.2,70.2,62.2,,57,
196,Jaylen Samuels\SamuJa00,PIT,RB,23,14,4,4,5,35,0,1,66,175,2.65,1,57,47,305,6.49,1,1,1,2,,,57,104.4,112.4,81.9,,56,
197,Tajae Sharpe\SharTa00,TEN,WR,25,15,6,0,0,0,0,0,0,0,,0,35,25,329,13.16,4,0,0,4,,,57,81.9,84.9,69.4,,77,
198,Eric Ebron\EbroEr00,IND,TE,26,11,2,0,0,0,0,0,0,0,,0,52,31,375,12.10,3,0,0,3,,,56,86.5,89.5,71.0,,23,
199,Ted Ginn Jr.\GinnTe00,NOR,WR,34,16,9,0,0,0,0,0,3,18,6.00,0,56,30,421,14.03,2,0,0,2,,,56,85.9,88.9,70.9,,78,
200,Nelson Agholor\AghoNe00,PHI,WR,26,11,10,0,0,0,0,0,2,7,3.50,0,69,39,363,9.31,3,2,1,3,1,,55,94.0,98.0,74.5,,79,
201,Cameron Brate\BratCa00,TAM,TE,28,16,6,0,0,0,0,0,0,0,,0,55,36,311,8.64,4,0,0,4,,,55,91.1,94.1,73.1,,24,
202,Keelan Cole\ColeKe00,JAX,WR,26,16,1,0,0,0,0,0,1,6,6.00,0,35,24,361,15.04,3,0,0,3,,,55,78.7,81.7,66.7,,80,
203,Blake Jarwin\JarwBl00,DAL,TE,25,16,7,0,0,0,0,0,0,0,,0,41,31,365,11.77,3,1,0,3,,,55,85.5,88.5,70.0,,25,
204,Benny Snell Jr.\SnelBe00,PIT,RB,21,13,2,0,0,0,0,0,108,426,3.94,2,4,3,23,7.67,0,1,1,2,,,55,57.9,61.9,56.4,,59,
205,Jordan Akins\AkinJo00,HOU,TE,27,16,9,0,0,0,0,0,0,0,,0,55,36,418,11.61,2,0,0,2,,,54,89.8,92.8,71.8,,26,
206,David Blough\BlouDa00,DET,QB,24,5,5,94,174,984,4,6,8,31,3.88,0,1,1,19,19.00,1,1,0,1,,,54,55.4,64.4,60.9,,40,
207,Eli Manning\MannEl00,NYG,QB,38,4,4,91,147,1042,6,5,4,7,1.75,0,0,0,0,,0,3,1,0,,,54,54.4,63.4,59.4,,39,
208,Alex Erickson\EricAl01,CIN,WR,27,16,6,1,1,26,0,0,5,33,6.60,0,78,43,529,12.30,0,4,2,0,,,53,96.2,101.2,74.7,,82,
209,Gerald Everett\EverGe00,LAR,TE,25,13,2,0,0,0,0,0,1,0,0.00,0,60,37,408,11.03,2,0,0,2,,,53,89.8,92.8,71.3,,28,
210,Jacob Hollister\HollJa03,SEA,TE,26,11,3,0,0,0,0,0,0,0,,0,59,41,349,8.51,3,0,0,3,,,53,93.9,96.9,73.4,,27,
211,Tre'Quan Smith\SmitTr03,NOR,WR,23,11,6,0,0,0,0,0,0,0,,0,25,18,234,13.00,5,0,0,5,,,53,71.4,74.4,62.4,,81,
212,Darrel Williams\WillDa10,KAN,RB,24,12,0,0,0,0,0,0,41,141,3.44,3,19,15,167,11.13,1,1,1,4,,,53,67.8,74.8,60.3,,60,
213,Allen Hurns\HurnAl01,MIA,WR,28,14,7,0,0,0,0,0,0,0,,0,47,32,416,13.00,2,1,1,2,,,52,83.6,87.6,67.6,,83,
214,Dawson Knox\KnoxDa00,BUF,TE,23,15,11,0,0,0,0,0,1,9,9.00,0,50,28,388,13.86,2,0,0,2,,,52,79.7,82.7,65.7,,29,
215,Chris Thompson\ThomCh03,WAS,RB,29,11,0,0,0,0,0,0,37,138,3.73,0,58,42,378,9.00,0,1,0,0,,,52,93.6,99.6,72.6,,61,
216,Will Dissly\DissWi00,SEA,TE,23,6,6,0,0,0,0,0,1,7,7.00,0,27,23,262,11.39,4,1,0,4,,,51,73.9,76.9,62.4,,30,
217,Devlin Hodges\HodgDe00,PIT,QB,23,8,6,100,160,1063,5,8,21,68,3.24,0,0,0,0,,0,5,1,0,,,51,51.3,63.3,59.3,,41,
218,Russell Gage\GageRu00,ATL,WR,23,16,4,0,0,0,0,0,4,12,3.00,0,74,49,446,9.10,1,1,1,1,,,50,98.8,102.8,74.3,,84,
219,Derrius Guice\GuicDe00,WAS,RB,22,5,1,0,0,0,0,0,42,245,5.83,2,9,7,79,11.29,1,0,0,3,,,50,57.4,60.4,53.9,,62,
220,O.J. Howard\HowaO.00,TAM,TE,25,14,14,0,0,0,0,0,0,0,,0,53,34,459,13.50,1,1,1,1,,,50,83.9,87.9,66.9,,31,
221,Adam Humphries\HumpAd00,TEN,WR,26,12,3,0,0,0,0,0,1,1,1.00,0,47,37,374,10.11,2,1,0,2,,,50,86.5,89.5,68.0,,85,
222,J.D. McKissic\McKiJ.00,DET,RB,26,16,3,0,0,0,0,0,38,205,5.39,0,42,34,233,6.85,1,0,0,1,,,50,83.8,89.8,66.8,,63,
223,T.J. Hockenson\HockTJ00,DET,TE,22,12,7,0,0,0,0,0,0,0,,0,59,32,367,11.47,2,0,0,2,,,49,80.7,83.7,64.7,,32,
224,Demaryius Thomas\ThomDe03,NYJ,WR,32,11,10,0,0,0,0,0,0,0,,0,58,36,433,12.03,1,0,0,1,,,49,85.3,88.3,67.3,,86,
225,Olabisi Johnson\JohnOl00,MIN,WR,22,16,6,0,0,0,0,0,1,6,6.00,0,45,31,294,9.48,3,0,0,3,,,48,79.0,82.0,63.5,,87,
226,Mike Boone\BoonMi00,MIN,RB,24,16,2,0,0,0,0,0,49,273,5.57,3,4,3,17,5.67,0,0,0,3,,,47,50.0,53.0,48.5,,64,
227,Josh Gordon\GordJo02,2TM,WR,28,11,7,0,1,0,0,1,1,1,1.00,0,47,27,426,15.78,1,0,0,1,,,47,73.7,77.7,61.2,,88,
228,Hayden Hurst\HursHa00,BAL,TE,26,16,4,0,0,0,0,0,0,0,,0,39,30,349,11.63,2,0,0,2,,,47,76.9,79.9,61.9,,34,
229,Foster Moreau\MoreFo00,OAK,TE,22,13,7,0,0,0,0,0,0,0,,0,25,21,174,8.29,5,0,0,5,,,47,68.4,71.4,57.9,,33,
230,Jalen Richard\RichJa01,OAK,RB,26,16,0,0,0,0,0,0,39,145,3.72,0,43,36,323,8.97,0,2,0,0,,,47,82.8,88.8,64.8,,66,
231,Jordan Wilkins\WilkJo01,IND,RB,25,14,1,0,0,0,0,0,51,307,6.02,2,11,7,43,6.14,0,0,0,2,,,47,54.0,57.0,50.5,,65,
232,Vance McDonald\McDoVa00,PIT,TE,29,14,14,0,0,0,0,0,1,2,2.00,0,55,38,273,7.18,3,1,0,3,,,46,83.5,86.5,64.5,,35,
233,Albert Wilson\WilsAl02,MIA,WR,27,13,4,1,2,20,0,0,5,45,9.00,0,62,43,351,8.16,1,0,0,1,,,46,89.4,92.4,67.9,,89,
234,Patrick Laird\LairPa00,MIA,RB,24,15,4,0,0,0,0,0,62,168,2.71,1,30,23,204,8.87,0,0,0,1,1,,45,68.2,74.2,56.7,,67,
235,Ricky Seals-Jones\SealRi00,CLE,TE,24,14,3,0,0,0,0,0,0,0,,0,22,14,229,16.36,4,1,1,4,,,45,58.9,62.9,51.9,,36,
236,Kaden Smith\SmitKa00,NYG,TE,22,9,6,0,0,0,0,0,0,0,,0,42,31,268,8.65,3,2,0,3,,,45,75.8,78.8,60.3,,37,
237,Nick Boyle\BoylNi00,BAL,TE,26,16,15,0,0,0,0,0,0,0,,0,43,31,321,10.35,2,0,0,2,,,44,75.1,78.1,59.6,,38,
238,Jeff Wilson\WilsJe01,SFO,RB,24,10,0,0,0,0,0,0,27,105,3.89,4,5,3,34,11.33,1,0,0,5,,,44,46.9,49.9,45.4,,68,
239,David Moore\MoorDa03,SEA,WR,24,14,1,0,0,0,0,0,3,25,8.33,0,34,17,301,17.71,2,2,1,2,,,43,59.6,63.6,51.1,,90,
240,Irv Smith Jr.\SmitIr01,MIN,TE,21,16,7,0,0,0,0,0,0,0,,0,47,36,311,8.64,2,1,0,2,,,43,79.1,82.1,61.1,,39,
241,Brandon Bolden\BoldBr00,NWE,RB,29,15,2,0,0,0,0,0,15,68,4.53,3,11,9,111,12.33,1,0,0,4,,,42,50.9,53.9,46.4,,70,
242,Justice Hill\HillJu00,BAL,RB,22,16,0,0,0,0,0,0,58,225,3.88,2,15,8,70,8.75,0,0,0,2,,,42,49.5,52.5,45.5,,71,
243,Cody Latimer\LatiCo00,NYG,WR,27,15,10,0,0,0,0,0,0,0,,0,42,24,300,12.50,2,0,0,2,,,42,66.0,69.0,54.0,,91,
244,Matt Moore\MoorMa01,KAN,QB,35,6,2,59,91,659,4,0,5,-1,-0.20,0,0,0,0,,0,2,0,0,,,42,42.3,45.3,42.3,,42,
245,Bo Scarbrough\ScarBo01,DET,RB,25,6,5,0,0,0,0,0,89,377,4.24,1,4,1,5,5.00,0,1,1,1,,,42,43.2,47.2,42.7,,69,
246,Geronimo Allison\AlliGe01,GNB,WR,25,16,6,0,0,0,0,0,1,7,7.00,0,55,34,287,8.44,2,2,1,2,1,,41,75.4,79.4,58.4,,92,
247,Josh Hill\HillJo02,NOR,TE,29,16,11,0,0,0,0,0,0,0,,0,35,25,226,9.04,3,0,0,3,,,41,65.6,68.6,53.1,,40,
248,Dion Lewis\LewiDi00,TEN,RB,29,16,1,0,0,0,0,0,54,209,3.87,0,32,25,164,6.56,1,1,1,1,,,41,66.3,73.3,53.8,,72,
249,Josh Reynolds\ReynJo00,LAR,WR,24,16,2,0,0,0,0,0,5,23,4.60,0,43,21,326,15.52,1,0,0,1,,,41,61.9,64.9,51.4,,93,
250,Damiere Byrd\ByrdDa00,ARI,WR,26,11,3,0,0,0,0,0,0,0,,0,46,32,359,11.22,1,1,1,1,,,40,71.9,75.9,55.9,,94,
251,Marcus Johnson\JohnMa07,IND,WR,25,8,6,0,0,0,0,0,0,0,,0,33,17,277,16.29,2,0,0,2,,,40,56.7,59.7,48.2,,95,
252,Dare Ogunbowale\OgunDa00,TAM,RB,25,16,0,0,0,0,0,0,11,17,1.55,2,46,35,286,8.17,0,2,1,2,,,40,75.3,79.3,57.8,,73,
253,Seth Roberts\RobeSe00,BAL,WR,28,16,0,0,0,0,0,0,0,0,,0,35,21,271,12.90,2,0,0,2,,,39,60.1,63.1,49.6,,96,
254,Kalen Ballage\BallKa00,MIA,RB,24,12,6,0,0,0,0,0,74,135,1.82,3,24,14,63,4.50,0,0,0,3,,,38,51.8,54.8,44.8,,75,
255,Giovani Bernard\BernGi00,CIN,RB,28,16,2,0,0,0,0,0,53,170,3.21,0,43,30,234,7.80,0,2,1,0,,,38,68.4,75.4,53.4,,74,
256,Miles Boykin\BoykMi00,BAL,WR,23,16,11,0,0,0,0,0,0,0,,0,22,13,198,15.23,3,0,0,3,,,38,50.8,53.8,44.3,,97,
257,Nick Foles\FoleNi00,JAX,QB,30,4,4,77,117,736,3,2,4,23,5.75,0,0,0,0,,0,2,2,0,,1,38,37.7,44.7,39.7,,43,
258,Ryquell Armstead\ArmsRy00,JAX,RB,23,16,1,0,0,0,0,0,35,108,3.09,0,24,14,144,10.29,2,0,0,2,,,37,51.2,57.2,44.2,,76,
259,Wayne Gallman\GallWa00,NYG,RB,25,10,2,0,0,0,0,0,29,110,3.79,2,15,11,102,9.27,1,1,1,3,,,37,48.2,55.2,42.7,,77,
260,Kelvin Harmon\HarmKe00,WAS,WR,23,16,8,1,1,11,0,0,0,0,,0,44,30,365,12.17,0,0,0,0,,,37,66.9,69.9,51.9,,98,
261,Paul Richardson\RichPa01,WAS,WR,27,10,6,0,0,0,0,0,1,0,0.00,0,42,28,245,8.75,2,0,0,2,,,37,64.5,67.5,50.5,,99,
262,DaeSean Hamilton\HamiDa01,DEN,WR,24,16,2,0,0,0,0,0,0,0,,0,52,28,297,10.61,1,0,0,1,,,36,63.7,66.7,49.7,,102,
263,Ty Johnson\JohnTy02,DET,RB,22,16,1,0,0,0,0,0,63,273,4.33,0,31,24,109,4.54,0,1,1,0,,,36,60.2,67.2,48.2,,78,
264,Isaiah McKenzie\McKeIs00,BUF,WR,24,15,8,0,0,0,0,0,8,49,6.13,0,39,27,254,9.41,1,0,0,1,,,36,63.3,66.3,49.8,,100,
265,Jakobi Meyers\MeyeJa01,NWE,WR,23,15,1,0,0,0,0,0,0,0,,0,41,26,359,13.81,0,0,0,0,,,36,61.9,64.9,48.9,,101,
266,C.J. Uzomah\UzomC.00,CIN,TE,26,16,16,0,0,0,0,0,0,0,,0,40,27,242,8.96,2,0,0,2,,,36,63.2,66.2,49.7,,41,
267,Demetrius Harris\HarrDe03,CLE,TE,28,15,6,0,0,0,0,0,0,0,,0,27,15,149,9.93,3,0,0,3,1,,35,49.9,52.9,42.4,,42,
268,Jonathan Williams\WillJo07,IND,RB,25,9,1,0,0,0,0,0,49,235,4.80,1,5,5,59,11.80,0,0,0,1,,,35,40.4,43.4,37.9,,79,
269,Tavon Austin\AustTa00,DAL,WR,29,14,0,0,0,0,0,0,6,47,7.83,1,24,13,177,13.62,1,1,0,2,,,34,47.4,50.4,40.9,,103,
270,Delanie Walker\WalkHu00,TEN,TE,35,7,4,0,0,0,0,0,0,0,,0,31,21,215,10.24,2,1,0,2,,,34,54.5,57.5,44.0,,43,
271,Brandon Allen\AlleBr00,DEN,QB,27,3,3,39,84,515,3,2,10,39,3.90,0,0,0,0,,0,0,0,0,,,33,32.5,37.5,34.5,,45,
272,Marvin Hall\HallMa02,DET,WR,26,9,0,0,0,0,0,0,1,7,7.00,0,11,7,261,37.29,1,0,0,1,,,33,39.8,42.8,36.3,,104,
273,Matt Schaub\SchaMa00,ATL,QB,38,6,1,50,67,580,3,1,3,-3,-1.00,0,0,0,0,,0,1,1,0,,1,33,32.9,37.9,33.9,,44,
274,Jaron Brown\BrowJa03,SEA,WR,29,14,4,0,0,0,0,0,0,0,,0,28,16,220,13.75,2,1,1,2,,,32,48.0,52.0,40.0,,105,
275,Vyncint Smith\SmitVy00,NYJ,WR,23,13,4,0,0,0,0,0,3,52,17.33,1,31,17,225,13.24,0,1,1,1,,,32,48.7,52.7,40.2,,107,
276,Greg Ward\WardGr02,PHI,WR,24,7,3,0,0,0,0,0,1,5,5.00,0,40,28,254,9.07,1,0,0,1,,,32,59.9,62.9,45.9,,106,
277,Pharoh Cooper\CoopPh00,2TM,WR,24,13,1,0,0,0,0,0,1,2,2.00,0,33,25,243,9.72,1,0,0,1,,,31,55.5,58.5,43.0,,110,
278,Keke Coutee\CoutKe00,HOU,WR,22,9,4,0,0,0,0,0,2,14,7.00,1,36,22,254,11.55,0,1,1,1,,,31,52.8,56.8,41.8,,108,
279,Kyle Juszczyk*\JuszKy00,SFO,RB,28,12,12,0,0,0,0,0,3,7,2.33,0,24,20,239,11.95,1,0,0,1,,,31,50.6,53.6,40.6,,80,
280,Malik Turner\TurnMa00,SEA,WR,23,15,3,0,0,0,0,0,0,0,,0,22,15,245,16.33,1,0,0,1,,,31,45.5,48.5,38.0,,109,
281,Charles Clay\ClayCh00,ARI,TE,30,15,10,0,0,0,0,0,0,0,,0,24,18,237,13.17,1,0,0,1,,,30,47.7,50.7,38.7,,45,
282,Qadree Ollison\OlliQa00,ATL,RB,23,8,0,0,0,0,0,0,22,50,2.27,4,2,1,7,7.00,0,1,0,4,,,30,30.7,30.7,30.2,,81,
283,Chester Rogers\RogeCh02,IND,WR,25,12,6,0,0,0,0,0,1,18,18.00,0,28,16,179,11.19,2,2,1,2,,,30,45.7,49.7,37.7,,111,
284,Jeremy Sprinkle\SpriJe00,WAS,TE,25,16,13,0,0,0,0,0,0,0,,0,40,26,241,9.27,1,1,0,1,,,30,56.1,59.1,43.1,,44,
285,Jarius Wright\WrigJa02,CAR,WR,30,16,9,0,0,0,0,0,1,-7,-7.00,0,58,28,296,10.57,0,0,0,0,,,29,56.9,59.9,42.9,,112,
286,DeSean Jackson\JackDe00,PHI,WR,33,3,3,0,0,0,0,0,0,0,,0,10,9,159,17.67,2,0,0,2,,,28,36.9,39.9,32.4,,113,
287,Jake Kumerow\KumeJa00,GNB,WR,27,14,4,0,0,0,0,0,0,0,,0,21,12,219,18.25,1,0,0,1,,,28,39.9,42.9,33.9,,114,
288,Scott Miller\MillSc01,TAM,WR,22,10,2,0,0,0,0,0,2,16,8.00,0,26,13,200,15.38,1,0,0,1,,,28,40.6,43.6,34.1,,116,
289,Justin Watson\WatsJu01,TAM,WR,23,16,2,0,0,0,0,0,0,0,,0,26,15,159,10.60,2,0,0,2,,,28,42.9,45.9,35.4,,115,
290,Jakeem Grant\GranJa00,MIA,WR,27,10,2,0,0,0,0,0,4,5,1.25,1,33,19,164,8.63,0,2,1,2,,,27,45.9,49.9,36.4,,118,
291,N'Keal Harry\HarrNK00,NWE,WR,22,7,5,0,0,0,0,0,5,49,9.80,0,24,12,105,8.75,2,0,0,2,,,27,39.4,42.4,33.4,,117,
292,James O'Shaughnessy\O'ShJa00,JAX,TE,27,5,5,0,0,0,0,0,0,0,,0,20,14,153,10.93,2,0,0,2,,,27,41.3,44.3,34.3,,46,
293,Mark Walton\WaltMa00,MIA,RB,22,7,4,0,0,0,0,0,53,201,3.79,0,21,15,89,5.93,0,1,1,0,,,27,42.0,46.0,34.5,,82,
294,Chase Daniel\DaniCh00,CHI,QB,33,3,1,45,64,435,3,2,6,6,1.00,0,0,0,0,,0,0,0,0,,,26,26.0,31.0,28.0,,46,
295,Anthony Firkser\FirkAn00,TEN,TE,24,15,1,0,0,0,0,0,0,0,,0,24,14,204,14.57,1,0,0,1,,,26,40.4,43.4,33.4,,47,
296,Isaiah Ford\FordIs00,MIA,WR,23,8,0,0,0,0,0,0,1,11,11.00,0,35,23,244,10.61,0,0,0,0,,,26,48.5,51.5,37.0,,123,
297,Marquise Goodwin\GoodMa00,SFO,WR,29,9,6,0,0,0,0,0,1,15,15.00,0,21,12,186,15.50,1,0,0,1,,,26,38.1,41.1,32.1,,120,
298,Dontrell Hilliard\HillDo00,CLE,RB,24,14,0,0,0,0,0,0,13,49,3.77,2,15,12,92,7.67,0,2,0,2,,,26,38.1,38.1,32.1,,84,
299,Andy Isabella\IsabAn00,ARI,WR,23,15,1,0,0,0,0,0,4,15,3.75,0,13,9,189,21.00,1,0,0,1,,,26,35.4,38.4,30.9,,119,
300,Bilal Powell\PoweBi00,NYJ,RB,31,13,1,0,1,0,0,0,59,229,3.88,0,12,7,33,4.71,0,0,0,0,,,26,33.2,36.2,29.7,,83,
301,Trey Quinn\QuinTr00,WAS,WR,24,12,6,0,0,0,0,0,0,0,,0,47,26,198,7.62,1,1,1,1,1,,26,51.8,55.8,38.8,,122,
302,Damion Ratley\RatlDa00,CLE,WR,24,13,3,0,0,0,0,0,0,0,,0,24,12,200,16.67,1,0,0,1,,,26,38.0,41.0,32.0,,121,
303,Maxx Williams\WillMa04,ARI,TE,25,16,10,0,0,0,0,0,0,0,,0,19,15,202,13.47,1,0,0,1,,,26,41.2,44.2,33.7,,48,
304,Dan Arnold\ArnoDa00,2TM,TE,24,5,1,0,0,0,0,0,0,0,,0,14,8,127,15.88,2,0,0,2,,,25,32.7,35.7,28.7,,49,
305,Ryan Finley\FinlRy00,CIN,QB,25,3,3,41,87,474,2,2,10,77,7.70,0,0,0,0,,0,4,3,0,,,25,24.7,32.7,26.7,,47,
306,KeeSean Johnson\JohnKe07,ARI,WR,23,10,4,0,0,0,0,0,1,3,3.00,0,42,21,187,8.90,1,1,1,1,1,,25,46.0,50.0,35.5,,124,
307,Cordarrelle Patterson*+\PattCo00,CHI,WR,28,16,4,0,0,0,0,0,17,103,6.06,0,17,11,83,7.55,0,0,0,1,,,25,35.6,38.6,30.1,,125,
308,Ito Smith\SmitIt00,ATL,RB,24,7,0,0,0,0,0,0,22,106,4.82,1,14,11,87,7.91,0,0,0,1,,,25,36.3,39.3,30.8,,85,
309,Javon Wims\WimsJa00,CHI,WR,25,16,6,0,0,0,0,0,0,0,,0,39,18,186,10.33,1,0,0,1,,,25,42.6,45.6,33.6,,126,
310,Ameer Abdullah\AbduAm00,MIN,RB,26,16,0,0,0,0,0,0,23,115,5.00,0,21,15,88,5.87,1,1,1,1,,,24,39.3,43.3,31.8,,87,
311,Myles Gaskin\GaskMy00,MIA,RB,22,7,0,0,0,0,0,0,36,133,3.69,1,12,7,51,7.29,0,0,0,1,,,24,31.4,34.4,27.9,,86,
312,Dante Pettis\PettDa00,SFO,WR,24,11,4,1,1,16,0,0,0,0,,0,24,11,109,9.91,2,0,0,2,,,24,34.5,37.5,29.0,,128,
313,Laquon Treadwell\TreaLa00,MIN,WR,24,13,1,0,0,0,0,0,0,0,,0,16,9,184,20.44,1,0,0,1,,,24,33.4,36.4,28.9,,127,
314,Olamide Zaccheaus\ZaccOl01,ATL,WR,22,10,0,0,0,0,0,0,0,0,,0,5,3,115,38.33,1,0,0,2,,,24,26.5,29.5,25.0,,129,
315,JJ Arcega-Whiteside\ArceJJ00,PHI,WR,23,16,5,0,0,0,0,0,0,0,,0,22,10,169,16.90,1,0,0,1,,,23,32.9,35.9,27.9,,132,
316,Reggie Bonnafon\BonnRe00,CAR,RB,23,16,0,0,0,0,0,0,16,116,7.25,1,9,6,57,9.50,0,0,0,1,,,23,29.3,32.3,26.3,,88,
317,Rhett Ellison\ElliRh00,NYG,TE,31,10,7,0,0,0,0,0,0,0,,0,28,18,167,9.28,1,0,0,1,,,23,40.7,43.7,31.7,,51,
318,Bennie Fowler\FowlBe00,NYG,WR,28,8,2,0,0,0,0,0,1,20,20.00,0,36,23,193,8.39,0,0,0,0,1,,23,46.3,49.3,34.8,,130,
319,Byron Pringle\PrinBy00,KAN,WR,26,16,0,0,0,0,0,0,0,0,,0,16,12,170,14.17,1,0,0,1,,,23,35.0,38.0,29.0,,131,
320,Darwin Thompson\ThomDa06,KAN,RB,22,12,0,0,0,0,0,0,37,128,3.46,1,10,9,43,4.78,0,0,0,1,,,23,32.1,35.1,27.6,,89,
321,Logan Thomas\ThomLo00,DET,TE,28,16,3,0,0,0,0,0,0,0,,0,28,16,173,10.81,1,0,0,1,,,23,39.3,42.3,31.3,,50,
322,Duke Williams\WillDu01,BUF,WR,27,4,3,0,0,0,0,0,0,0,,0,19,12,166,13.83,1,0,0,1,,,23,34.6,37.6,28.6,,133,
323,Justin Jackson\JackJu01,LAC,RB,23,7,0,0,0,0,0,0,29,200,6.90,0,11,9,22,2.44,0,0,0,0,,,22,31.2,34.2,26.7,,90,
324,Zay Jones\JoneZa00,2TM,WR,24,15,9,0,0,0,0,0,1,3,3.00,0,45,27,216,8.00,0,0,0,0,,,22,48.9,51.9,35.4,,134,
325,Marcedes Lewis\LewiMa00,GNB,TE,35,16,11,0,0,0,0,0,0,0,,0,19,15,156,10.40,1,0,0,1,,,22,36.6,39.6,29.1,,52,
326,Tim Patrick\PatrTi00,DEN,WR,26,8,2,0,0,0,0,0,0,0,,0,31,16,218,13.63,0,0,0,0,,,22,37.8,40.8,29.8,,135,
327,Ross Dwelley\DwelRo00,SFO,TE,24,16,6,0,0,0,0,0,0,0,,0,22,15,91,6.07,2,0,0,2,,,21,36.1,36.1,28.6,,53,
328,Jaeden Graham\GrahJa01,ATL,TE,24,16,0,0,0,0,0,0,0,0,,0,10,9,149,16.56,1,0,0,1,,,21,29.9,32.9,25.4,,54,
329,C.J. Ham*\HamxC.00,MIN,RB,26,16,7,0,0,0,0,0,7,17,2.43,0,26,17,149,8.76,1,1,1,1,,,21,37.6,41.6,29.1,,91,
330,Brian Hoyer\HoyeBr00,IND,QB,34,4,1,35,65,372,4,4,8,2,0.25,0,0,0,0,,0,2,1,0,,,21,21.1,29.1,25.1,,48,
331,Kalif Raymond\RaymKa00,TEN,WR,25,8,1,0,0,0,0,0,1,-5,-5.00,0,12,9,170,18.89,1,1,1,1,,,21,29.5,33.5,25.0,,136,
332,Parris Campbell\CampPa00,IND,WR,22,7,3,0,0,0,0,0,4,34,8.50,0,24,18,127,7.06,1,3,1,1,,,20,38.1,42.1,29.1,,139,
333,Derek Carrier\CarrDe00,OAK,TE,29,16,4,0,0,0,0,0,1,27,27.00,0,19,13,108,8.31,1,0,0,1,,,20,32.5,35.5,26.0,,56,
334,Trevor Davis\DaviTr03,3TM,WR,26,14,4,0,0,0,0,0,4,73,18.25,1,11,8,111,13.88,0,3,2,1,,,20,28.4,33.4,24.4,,138,
335,Justin Hardy\HardJu00,ATL,WR,28,16,1,0,0,0,0,0,0,0,,0,26,19,195,10.26,0,0,0,0,,,20,38.5,41.5,29.0,,140,
336,Richie James\JameRi00,SFO,WR,24,16,1,0,0,0,0,0,2,-1,-0.50,0,10,6,165,27.50,1,1,1,1,,,20,26.4,30.4,23.4,,137,
337,Ian Thomas\ThomIa00,CAR,TE,23,16,3,0,0,0,0,0,0,0,,0,30,16,136,8.50,1,0,0,1,,,20,35.6,38.6,27.6,,55,
338,Matt LaCosse\LaCoMa00,NWE,TE,27,11,8,0,0,0,0,0,0,0,,0,19,13,131,10.08,1,0,0,1,,,19,32.1,35.1,25.6,,57,
339,Ty Montgomery\MontTy01,NYJ,RB,26,16,2,0,0,0,0,0,32,103,3.22,0,17,13,90,6.92,0,0,0,0,,,19,32.3,35.3,25.8,,92,
340,C.J. Prosise\ProsC.00,SEA,RB,25,9,0,0,0,0,0,0,23,72,3.13,1,12,10,76,7.60,0,1,1,1,,,19,28.8,29.8,23.8,,93,
341,Vernon Davis\DaviVe00,WAS,TE,35,4,1,0,0,0,0,0,0,0,,0,19,10,123,12.30,1,0,0,1,,,18,28.3,31.3,23.3,,58,
342,Darrell Henderson\HendDa00,LAR,RB,22,13,0,0,0,0,0,0,39,147,3.77,0,6,4,37,9.25,0,0,0,0,,,18,22.4,25.4,20.4,,94,
343,Dontrelle Inman\InmaDo00,2TM,WR,30,7,1,0,0,0,0,0,0,0,,0,21,12,181,15.08,0,0,0,0,,,18,30.1,33.1,24.1,,141,
344,Josh Rosen\RoseJo01,MIA,QB,22,6,3,58,109,567,1,5,3,13,4.33,0,0,0,0,,0,1,0,0,,,18,18.0,26.0,23.0,,49,
345,Jeff Heuerman\HeueJe00,DEN,TE,27,14,11,0,0,0,0,0,0,0,,0,20,14,114,8.14,1,0,0,1,,,17,31.4,34.4,24.4,,60,
346,Travis Homer\HomeTr00,SEA,RB,21,16,1,0,0,0,0,0,18,114,6.33,0,13,11,56,5.09,0,0,0,0,,,17,28.0,31.0,22.5,,95,
347,Ryan Izzo\IzzoRy00,NWE,TE,24,6,4,0,0,0,0,0,0,0,,0,9,6,114,19.00,1,0,0,1,,,17,23.4,26.4,20.4,,59,
348,A.J. McCarron\McCaA.00,HOU,QB,29,2,1,21,37,225,0,1,5,39,7.80,1,0,0,0,,0,0,0,1,,,17,16.9,17.9,17.9,,50,
349,Cam Newton\NewtCa00,CAR,QB,30,2,2,50,89,572,0,1,5,-2,-0.40,0,0,0,0,,0,2,2,0,,,17,16.7,22.7,17.7,,51,
350,Nick O'Leary\OLeaNi00,2TM,TE,27,12,5,0,0,0,0,0,0,0,,0,18,13,109,8.38,1,1,0,1,,,17,29.9,32.9,23.4,,62,
351,Devin Smith\SmitDe04,DAL,WR,27,4,2,0,0,0,0,0,0,0,,0,9,5,113,22.60,1,0,0,1,,,17,22.3,25.3,19.8,,142,
352,Nick Vannett\VannNi00,2TM,TE,26,16,7,0,0,0,0,0,0,0,,0,22,17,166,9.76,0,0,0,0,,,17,33.6,36.6,25.1,,63,
353,Ben Watson\WatsBe00,NWE,TE,39,10,8,0,0,0,0,0,0,0,,0,24,17,173,10.18,0,0,0,0,,,17,34.3,37.3,25.8,,61,
354,T.J. Yeldon\YeldT.00,BUF,RB,26,6,0,0,0,0,0,0,17,63,3.71,0,15,13,124,9.54,0,1,1,0,,,17,29.7,33.7,23.2,,96,
355,Andrew Beck\BeckAn01,DEN,TE,23,16,6,1,1,6,0,0,1,3,3.00,0,12,9,90,10.00,1,0,0,1,,,16,24.5,24.5,20.0,,66,
356,Robert Griffin III\GrifRo01,BAL,QB,29,7,1,23,38,225,1,2,20,70,3.50,0,0,0,0,,0,0,0,0,,,16,16.0,18.0,18.0,,52,
357,Hale Hentges\HentHa00,WAS,TE,23,11,4,0,0,0,0,0,0,0,,0,14,8,103,12.88,1,0,0,1,,,16,24.3,27.3,20.3,,64,
358,Robert Tonyan\TonyRo00,GNB,TE,25,11,1,0,0,0,0,0,0,0,,0,15,10,100,10.00,1,0,0,1,,,16,26.0,29.0,21.0,,65,
359,Joshua Perkins\PerkJo02,PHI,TE,26,5,0,0,0,0,0,0,0,0,,0,13,9,87,9.67,1,0,0,1,,,15,23.7,23.7,19.2,,68,
360,MyCole Pruitt\PruiMy00,TEN,TE,27,16,10,0,0,0,0,0,0,0,,0,8,6,90,15.00,1,0,0,1,,,15,21.0,21.0,18.0,,67,
361,Wendell Smallwood\SmalWe00,WAS,RB,25,15,0,0,0,0,0,0,22,81,3.68,0,13,9,64,7.11,0,0,0,0,,,15,23.5,23.5,19.0,,97,
362,DeAndre Carter\CartDe02,HOU,WR,26,16,3,0,0,0,0,0,0,0,,0,14,11,162,14.73,0,2,1,0,,,14,25.2,29.2,19.7,,143,
363,Seth Devalve\DevaSe00,JAX,TE,26,12,6,0,0,0,0,0,0,0,,0,18,12,140,11.67,0,0,0,0,,,14,26.0,29.0,20.0,,70,
364,Trey Edmunds\EdmuTr00,PIT,RB,25,11,0,0,0,0,0,0,22,92,4.18,0,7,6,48,8.00,0,0,0,0,,,14,20.0,20.0,17.0,,99,
365,Virgil Green\GreeVi00,LAC,TE,31,15,4,0,0,0,0,0,0,0,,0,13,9,78,8.67,1,0,0,1,,,14,22.8,22.8,18.3,,71,
366,Wes Hills\HillWe00,DET,RB,24,1,1,0,0,0,0,0,10,21,2.10,2,2,2,1,0.50,0,0,0,2,,,14,16.2,16.2,15.2,,98,
367,Jesse James\JameJe00,DET,TE,25,16,11,0,0,0,0,0,0,0,,0,27,16,142,8.88,0,0,0,0,,,14,30.2,33.2,22.2,,69,
368,Daniel Brown\BrowDa04,NYJ,WR,27,16,5,0,0,0,0,0,0,0,,0,11,7,72,10.29,1,0,0,1,,,13,20.2,20.2,16.7,,145,
369,Keelan Doss\DossKe00,OAK,WR,23,8,2,0,0,0,0,0,0,0,,0,14,11,133,12.09,0,0,0,0,,,13,24.3,27.3,18.8,,144,
370,Rico Gafford\GaffRi00,OAK,WR,23,4,1,0,0,0,0,0,0,0,,0,2,2,66,33.00,1,0,0,1,,,13,14.6,14.6,13.6,,147,
371,Mack Hollins\HollMa00,2TM,WR,26,16,3,0,0,0,0,0,0,0,,0,23,10,125,12.50,0,0,0,0,,,13,22.5,25.5,17.5,,148,
372,Jesper Horsted\HorsJe00,CHI,WR,22,6,1,0,0,0,0,0,0,0,,0,10,8,87,10.88,1,1,1,1,,,13,20.7,21.7,16.7,,146,
373,Tyler Kroft\KrofTy00,BUF,TE,27,11,3,0,0,0,0,0,0,0,,0,14,6,71,11.83,1,0,0,1,,,13,19.1,19.1,16.1,,72,
374,Ben Roethlisberger\RoetBe00,PIT,QB,37,2,2,35,62,351,0,1,1,7,7.00,0,0,0,0,,0,1,0,0,,,13,12.7,16.7,13.7,,53,
375,Kerrith Whyte Jr\WhytKe00,PIT,RB,23,6,0,0,0,0,0,0,24,122,5.08,0,1,1,9,9.00,0,0,0,0,,,13,14.1,17.1,13.6,,100,
376,Ben Braunecker\BrauBe00,CHI,TE,25,11,3,0,0,0,0,0,0,0,,0,11,6,59,9.83,1,0,0,1,,,12,17.9,17.9,14.9,,73,
377,Antonio Brown\BrowAn04,NWE,WR,31,1,0,0,0,0,0,0,1,5,5.00,0,8,4,56,14.00,1,0,0,1,,,12,16.1,16.1,14.1,,150,
378,Deon Cain\CainDe00,2TM,WR,23,13,6,0,0,0,0,0,0,0,,0,20,9,124,13.78,0,0,0,0,,,12,21.4,24.4,16.9,,149,
379,Rashard Higgins\HiggRa00,CLE,WR,25,10,1,0,0,0,0,0,0,0,,0,11,4,55,13.75,1,0,0,1,,,12,15.5,15.5,13.5,,151,
380,Alec Ingold\IngoAl01,OAK,RB,23,16,4,0,0,0,0,0,10,17,1.70,0,6,6,44,7.33,1,0,0,1,,,12,18.1,18.1,15.1,,101,
381,Javorius Allen\AlleJa01,NYG,RB,28,10,0,0,0,0,0,0,10,36,3.60,1,2,1,9,9.00,0,0,0,1,,,11,11.5,11.5,11.0,,104,
382,Stephen Carlson\CarlSt00,CLE,TE,23,9,5,0,0,0,0,0,0,0,,0,7,5,51,10.20,1,0,0,1,,,11,16.1,16.1,13.6,,75,
383,Patrick Ricard*\RicaPa00,BAL,RB,25,16,7,0,0,0,0,0,0,0,,0,11,8,47,5.88,1,0,0,1,,,11,18.7,18.7,14.7,,103,
384,Darren Sproles\SproDa00,PHI,RB,36,6,1,0,0,0,0,0,17,66,3.88,0,10,6,24,4.00,0,1,0,0,1,,11,17.0,17.0,14.0,,102,
385,Tommy Sweeney\SweeTo00,BUF,TE,24,6,1,0,0,0,0,0,0,0,,0,13,8,114,14.25,0,0,0,0,,,11,19.4,22.4,15.4,,74,
386,Brandon Zylstra\ZylsBr00,CAR,WR,26,8,0,0,0,0,0,0,0,0,,0,12,8,106,13.25,0,1,0,0,,,11,18.6,21.6,14.6,,152,
387,Marcell Ateman\AtemMa00,OAK,WR,25,11,0,0,0,0,0,0,0,0,,0,10,5,116,23.20,0,1,1,0,,,10,14.6,18.6,12.1,,155,
388,Braxton Berrios\BerrBr00,NYJ,WR,24,16,0,0,0,0,0,0,0,0,,0,13,6,115,19.17,0,1,1,0,,,10,15.5,19.5,12.5,,156,
389,Troy Fumagalli\FumaTr00,DEN,TE,24,11,5,0,0,0,0,0,0,0,,0,9,6,38,6.33,1,0,0,1,,,10,15.8,15.8,12.8,,77,
390,Deonte Harris*+\HarrDe07,NOR,WR,22,14,1,0,0,0,0,0,4,31,7.75,0,6,6,24,4.00,0,3,1,1,,,10,15.5,16.5,12.5,,157,
391,Andy Janovich\JanoAn00,DEN,RB,26,7,3,0,0,0,0,0,1,1,1.00,1,5,5,42,8.40,0,0,0,1,,,10,15.3,15.3,12.8,,105,
392,T.J. Jones\JoneT.00,NYG,WR,27,3,0,0,0,0,0,0,0,0,,0,4,3,38,12.67,1,3,0,1,,,10,12.8,12.8,11.3,,153,
393,JJ Nelson\NelsJJ00,OAK,WR,27,2,1,0,0,0,0,0,0,0,,0,5,4,36,9.00,1,0,0,1,,,10,13.6,13.6,11.6,,154,
394,David Njoku\NjokDa00,CLE,TE,23,4,1,0,0,0,0,0,0,0,,0,10,5,41,8.20,1,0,0,1,,,10,15.1,15.1,12.6,,76,
395,Danny Vitale\VitaDa00,GNB,RB,26,15,4,0,0,0,0,0,1,3,3.00,0,12,7,97,13.86,0,0,0,0,,,10,17.0,17.0,13.5,,107,
396,Derek Watt\WattDe00,LAC,RB,27,16,2,0,0,0,0,0,7,10,1.43,1,5,3,32,10.67,0,0,0,1,,,10,13.2,13.2,11.7,,106,
397,Mo Alie-Cox\AlieMo00,IND,TE,26,16,2,0,0,0,0,0,0,0,,0,11,8,93,11.63,0,0,0,0,,,9,17.3,17.3,13.3,,78,
398,Kenjon Barner\BarnKe00,ATL,RB,30,14,0,1,1,3,0,0,4,28,7.00,0,8,6,22,3.67,0,4,1,1,,,9,15.1,16.1,12.1,,110,
399,Christian Blake\BlakCh00,ATL,WR,23,9,3,0,0,0,0,0,0,0,,0,24,11,91,8.27,0,0,0,0,,,9,20.1,20.1,14.6,,160,
400,Antonio Callaway\CallAn00,CLE,WR,22,4,2,0,0,0,0,0,0,0,,0,15,8,89,11.13,0,0,0,0,,,9,16.9,16.9,12.9,,161,
401,Luke Falk\FalkLu00,NYJ,QB,25,3,2,47,73,416,0,3,0,0,,0,0,0,0,,0,2,1,0,,,9,8.6,15.6,11.6,,54,
402,Robert Foster\FostRo01,BUF,WR,25,13,2,0,0,0,0,0,2,29,14.50,0,18,3,64,21.33,0,0,0,0,,,9,12.3,12.3,10.8,,158,
403,J.P. Holtz\HoltJ.01,2TM,TE,26,15,7,0,0,0,0,0,0,0,,0,8,7,91,13.00,0,0,0,0,,,9,16.1,16.1,12.6,,79,
404,D'Ernest Johnson\JohnDE04,CLE,RB,23,16,0,0,0,0,0,0,4,21,5.25,0,7,6,71,11.83,0,0,0,0,,,9,15.2,15.2,12.2,,109,
405,Marshawn Lynch\LyncMa00,SEA,RB,33,1,0,0,0,0,0,0,12,34,2.83,1,0,0,0,,0,0,0,1,,,9,9.4,9.4,9.4,,108,
406,Lee Smith\SmitLe00,BUF,WR,32,16,5,0,0,0,0,0,0,0,,0,5,4,31,7.75,1,0,0,1,,,9,13.1,13.1,11.1,,159,
407,Alex Armah\ArmaAl00,CAR,RB,25,16,1,0,0,0,0,0,6,11,1.83,1,2,2,6,3.00,0,0,0,1,,,8,9.7,9.7,8.7,,112,
408,Nick Bellore\BellNi01,SEA,RB,30,14,1,0,0,0,0,0,0,0,,0,2,2,23,11.50,1,0,0,1,,,8,10.3,10.3,9.3,,111,
409,Ventell Bryant\BryaVe00,DAL,WR,23,12,0,0,0,0,0,0,0,0,,0,1,1,15,15.00,1,0,0,1,,,8,8.5,8.5,8.0,,165,
410,Trey Burton\BurtTr01,CHI,TE,28,8,5,0,0,0,0,0,0,0,,0,24,14,84,6.00,0,0,0,0,,,8,22.4,22.4,15.4,,80,
411,KhaDarel Hodge\HodgKh00,CLE,WR,24,16,1,0,0,0,0,0,0,0,,0,10,4,76,19.00,0,0,0,0,,,8,11.6,11.6,9.6,,164,
412,Trent Sherfield\SherTr00,ARI,WR,23,16,1,0,0,0,0,0,0,0,,0,13,4,80,20.00,0,0,0,0,,,8,12.0,12.0,10.0,,163,
413,Damion Willis\WillDa11,CIN,WR,22,10,2,0,0,0,0,0,0,0,,0,16,9,82,9.11,0,0,0,0,,,8,17.2,17.2,12.7,,162,
414,Luke Willson\WillLu00,SEA,TE,29,8,7,0,0,0,0,0,0,0,,0,10,8,79,9.88,0,0,0,0,,,8,15.9,15.9,11.9,,81,
415,Chad Beebe\BeebCh00,MIN,WR,25,3,0,0,0,0,0,0,0,0,,0,2,2,70,35.00,0,3,0,0,,,7,9.0,9.0,8.0,,166,
416,Blake Bell\BellBl00,KAN,TE,28,15,7,0,0,0,0,0,0,0,,0,15,8,67,8.38,0,0,0,0,,,7,14.7,14.7,10.7,,83,
417,Devontae Booker\BookDe00,DEN,RB,27,16,0,0,0,0,0,0,2,9,4.50,0,9,6,57,9.50,0,0,0,0,,,7,12.6,12.6,9.6,,118,
418,Tra Carson\CarsTr01,2TM,RB,27,3,1,0,0,0,0,0,18,48,2.67,0,4,4,18,4.50,0,0,0,0,,,7,10.6,10.6,8.6,,116,
419,Cethan Carter\CartCe00,CIN,TE,24,15,0,0,0,0,0,0,0,0,,0,3,2,13,6.50,1,0,0,1,,,7,9.3,9.3,8.3,,82,
420,Chris Hogan\HogaCh00,CAR,WR,32,7,1,0,0,0,0,0,0,0,,0,15,8,67,8.38,0,0,0,0,,,7,14.7,14.7,10.7,,168,
421,Troymaine Pope\PopeTr00,LAC,RB,26,14,0,0,0,0,0,0,10,20,2.00,0,3,2,14,7.00,1,1,1,1,,,7,9.4,10.4,8.4,,113,
422,Riley Ridley\RidlRi00,CHI,WR,23,5,0,0,0,0,0,0,0,0,,0,7,6,69,11.50,0,0,0,0,,,7,12.9,12.9,9.9,,167,
423,Adam Shaheen\ShahAd00,CHI,RB,25,8,2,0,0,0,0,0,0,0,,0,13,9,74,8.22,0,1,1,0,1,,7,16.4,17.4,11.9,,114,
424,Durham Smythe\SmytDu00,MIA,TE,24,16,14,0,0,0,0,0,0,0,,0,14,7,65,9.29,0,0,0,0,,,7,13.5,13.5,10.0,,85,
425,Geoff Swaim\SwaiGe00,JAX,TE,26,6,2,0,0,0,0,0,0,0,,0,17,13,65,5.00,0,0,0,0,,,7,19.5,19.5,13.0,,84,
426,Spencer Ware\WareSp00,KAN,RB,28,3,1,0,0,0,0,0,17,51,3.00,0,7,5,22,4.40,0,1,0,0,,,7,12.3,12.3,9.8,,115,
427,Dwayne Washington\WashDw00,NOR,RB,25,16,0,0,0,0,0,0,8,60,7.50,0,1,1,6,6.00,0,0,0,0,,,7,7.6,7.6,7.1,,117,
428,Matt Barkley\BarkMa00,BUF,QB,29,2,0,27,51,359,0,3,2,-4,-2.00,0,0,0,0,,0,3,1,0,,,6,6.0,13.0,9.0,,57,
429,Tyler Conklin\ConkTy00,MIN,TE,24,15,1,0,0,0,0,0,0,0,,0,10,8,58,7.25,0,0,0,0,,,6,13.8,13.8,9.8,,87,
430,Brett Hundley\HundBr00,ARI,QB,26,3,0,5,11,49,0,0,7,41,5.86,0,0,0,0,,0,0,0,0,,,6,6.1,6.1,6.1,,55,
431,Tevin Jones\JoneTe02,PIT,WR,27,5,0,0,0,0,0,0,0,0,,0,10,4,61,15.25,0,0,0,0,,,6,10.1,10.1,8.1,,169,
432,Chris Lacy\LacyCh00,DET,WR,23,7,2,0,0,0,0,0,0,0,,0,10,3,60,20.00,0,0,0,0,,,6,9.0,9.0,7.5,,170,
433,Zach Line\LineZa01,NOR,RB,29,12,2,0,0,0,0,0,7,20,2.86,0,10,6,36,6.00,0,0,0,0,,,6,11.6,11.6,8.6,,119,
434,Andre Patton\PattAn00,LAC,WR,25,13,5,0,0,0,0,0,0,0,,0,17,6,56,9.33,0,0,0,0,,,6,11.6,11.6,8.6,,171,
435,Tyrod Taylor\TaylTy00,LAC,QB,30,8,0,4,6,33,1,0,10,7,0.70,0,1,0,0,,0,0,0,0,,,6,6.0,6.0,6.0,,56,
436,Clive Walford\WalfCl00,MIA,TE,28,7,3,0,0,0,0,0,0,4,,0,8,4,57,14.25,0,0,0,0,,,6,10.1,10.1,8.1,,86,
437,Khari Blasingame\BlasKh00,TEN,RB,23,6,3,0,0,0,0,0,0,0,,0,5,4,54,13.50,0,0,0,0,,,5,9.4,9.4,7.4,,120,
438,Deontay Burnett\BurnDe00,PHI,WR,22,1,1,0,0,0,0,0,0,0,,0,4,2,48,24.00,0,0,0,0,,,5,6.8,6.8,5.8,,173,
439,Mike Davis\DaviMi01,2TM,RB,26,12,1,0,0,0,0,0,13,27,2.08,0,8,7,22,3.14,0,0,0,0,,,5,11.9,11.9,8.4,,123,
440,Patrick DiMarco\DiMaPa00,BUF,RB,30,16,4,0,0,0,0,0,3,7,2.33,0,7,5,41,8.20,0,0,0,0,,,5,9.8,9.8,7.3,,125,
441,Jon Hilliman\HillJo03,NYG,RB,24,3,1,0,0,0,0,0,30,91,3.03,0,4,3,1,0.33,0,2,2,0,,,5,8.2,10.2,6.7,,121,
442,Alexander Hollins\HollAl00,MIN,WR,23,5,1,0,0,0,0,0,0,0,,0,4,2,46,23.00,0,0,0,0,,,5,6.6,6.6,5.6,,174,
443,Taiwan Jones\JoneTa00,HOU,RB,31,11,0,0,0,0,0,0,9,40,4.44,0,1,1,9,9.00,0,0,0,0,,,5,5.9,5.9,5.4,,124,
444,Lance Kendricks\KendLa00,LAC,TE,31,12,1,0,0,0,0,0,0,0,,0,7,3,50,16.67,0,0,0,0,,,5,8.0,8.0,6.5,,90,
445,Devine Ozigbo\OzigDe01,JAX,RB,23,10,0,0,0,0,0,0,9,27,3.00,0,5,3,23,7.67,0,0,0,0,,,5,8.0,8.0,6.5,,122,
446,Elijhaa Penny\PennEl00,NYG,RB,26,16,1,0,0,0,0,0,15,39,2.60,0,4,2,9,4.50,0,0,0,0,,,5,6.8,6.8,5.8,,126,
447,Luke Stocker\StocLu00,ATL,TE,31,15,9,0,0,0,0,0,0,0,,0,14,8,53,6.63,0,1,0,0,,,5,13.3,13.3,9.3,,88,
448,Trevon Wesco\WescTr00,NYJ,TE,24,16,1,0,0,0,0,0,1,2,2.00,0,3,2,47,23.50,0,0,0,0,,,5,6.9,6.9,5.9,,91,
449,DeAndrew White\WhitDe01,CAR,WR,28,10,0,0,0,0,0,0,0,0,,0,9,4,51,12.75,0,0,0,0,,,5,9.1,9.1,7.1,,172,
450,Cedrick Wilson\WilsCe01,DAL,WR,24,6,0,0,0,0,0,0,0,0,,0,8,5,46,9.20,0,0,0,0,,,5,9.6,9.6,7.1,,175,
451,Deon Yelder\YeldDe00,KAN,TE,24,9,1,0,0,0,0,0,0,0,,0,4,3,50,16.67,0,0,0,0,,,5,8.0,8.0,6.5,,89,
452,C.J. Anderson\AndeC.00,DET,RB,28,2,0,0,0,0,0,0,16,43,2.69,0,0,0,0,,0,0,0,0,,,4,4.3,4.3,4.3,,127,
453,Geremy Davis\DaviGe00,LAC,WR,27,7,1,0,0,0,0,0,0,0,,0,3,3,38,12.67,0,0,0,0,,,4,6.8,6.8,5.3,,177,
454,Mike Glennon\GlenMi00,OAK,QB,30,2,0,6,10,56,1,0,2,0,0.00,0,0,0,0,,0,3,1,0,,,4,4.2,5.2,4.2,,59,
455,Colt McCoy\McCoCo00,WAS,QB,33,1,1,18,27,122,0,1,2,14,7.00,0,0,0,0,,0,2,0,0,,,4,4.3,5.3,5.3,,58,
456,Steven Mitchell\MitcSt02,HOU,WR,25,3,1,0,0,0,0,0,0,0,,0,6,2,37,18.50,0,0,0,0,,,4,5.7,5.7,4.7,,178,
457,Jason Moore\MoorJa02,LAC,WR,24,10,0,0,0,0,0,0,0,0,,0,5,2,43,21.50,0,0,0,0,,,4,6.3,6.3,5.3,,176,
458,Paul Perkins\PerkPa00,DET,RB,25,4,0,0,0,0,0,0,12,29,2.42,0,1,1,9,9.00,0,0,0,0,,,4,4.8,4.8,4.3,,128,
459,Jay Ajayi\AjayJa00,PHI,RB,26,3,0,0,0,0,0,0,10,30,3.00,0,1,0,0,,0,0,0,0,,,3,3.0,3.0,3.0,,130,
460,Travis Benjamin\BenjTr00,LAC,WR,30,5,2,0,0,0,0,0,0,0,,0,16,6,30,5.00,0,0,0,0,,,3,9.0,9.0,6.0,,184,
461,C.J. Board\BoarC.00,JAX,WR,26,4,0,0,0,0,0,0,0,0,,0,4,2,31,15.50,0,0,0,0,,,3,5.1,5.1,4.1,,182,
462,Pharaoh Brown\BrowPh01,CLE,TE,25,9,6,0,0,0,0,0,0,0,,0,3,2,27,13.50,0,0,0,0,,,3,4.7,4.7,3.7,,94,
463,Cody Core\CoreCo00,NYG,WR,25,16,0,0,0,0,0,0,0,0,,0,5,3,28,9.33,0,0,0,0,,,3,5.8,5.8,4.3,,186,
464,Dalyn Dawkins\DawkDa01,TEN,RB,25,2,0,0,0,0,0,0,11,26,2.36,0,1,0,0,,0,0,0,0,,,3,2.6,2.6,2.6,,131,
465,Devin Funchess\FuncDe00,IND,WR,25,1,1,0,0,0,0,0,0,0,,0,5,3,32,10.67,0,0,0,0,,,3,6.2,6.2,4.7,,181,
466,Johnny Holton\HoltJo00,PIT,WR,29,16,3,0,0,0,0,0,1,9,9.00,0,15,3,21,7.00,0,0,0,0,,,3,6.0,6.0,4.5,,185,
467,Tanner Hudson\HudsTa00,TAM,TE,25,9,1,0,0,0,0,0,0,0,,0,5,2,26,13.00,0,0,0,0,,,3,4.6,4.6,3.6,,96,
468,Ishmael Hyman\HymaIs00,TAM,WR,24,2,1,0,0,0,0,0,0,0,,0,4,2,34,17.00,0,0,0,0,,,3,5.4,5.4,4.4,,179,
469,Jordan Matthews\MattJo00,2TM,WR,27,3,1,0,0,0,0,0,0,0,,0,12,4,33,8.25,0,0,0,0,,,3,7.3,7.3,5.3,,180,
470,Codey McElroy\McElCo00,TAM,WR,27,1,0,0,0,0,0,0,0,0,,0,1,1,30,30.00,0,0,0,0,,,3,4.0,4.0,3.5,,183,
471,Johnny Mundt\MundJo00,LAR,TE,25,13,2,0,0,0,0,0,0,0,,0,7,4,26,6.50,0,0,0,0,,,3,6.6,6.6,4.6,,95,
472,Andre Roberts*\RobeAn00,BUF,WR,31,13,0,0,0,0,0,0,1,7,7.00,0,7,3,20,6.67,0,1,0,0,,,3,5.7,5.7,4.2,,187,
473,Drew Sample\SampDr00,CIN,TE,23,9,2,0,0,0,0,0,0,0,,0,6,5,30,6.00,0,0,0,0,,,3,8.0,8.0,5.5,,93,
474,Da'Mari Scott\ScotDa02,NYG,WR,24,5,2,0,0,0,0,0,1,5,5.00,0,3,2,22,11.00,0,0,0,0,,,3,4.7,4.7,3.7,,188,
475,Russell Shepard\ShepRu00,NYG,WR,29,3,0,0,0,0,0,0,0,0,,0,8,3,25,8.33,0,0,0,0,,,3,5.5,5.5,4.0,,191,
476,Anthony Sherman\SherAn00,KAN,RB,31,16,0,0,0,0,0,0,4,9,2.25,0,3,2,22,11.00,0,0,0,0,,,3,5.1,5.1,4.1,,129,
477,Cam Sims\SimsCa00,WAS,WR,23,7,1,0,0,0,0,0,0,0,,0,3,2,27,13.50,0,0,0,0,,,3,4.7,4.7,3.7,,189,
478,Ryan Switzer\SwitRy00,PIT,WR,25,9,0,0,0,0,0,0,0,0,,0,11,8,27,3.38,0,1,0,0,,,3,10.7,10.7,6.7,,190,
479,Ross Travis\TravRo00,IND,TE,26,3,1,0,0,0,0,0,0,0,,0,6,4,51,12.75,0,1,1,0,,,3,7.1,8.1,5.1,,92,
480,Nick Bawden\BawdNi00,DET,RB,23,10,2,0,0,0,0,0,0,0,,0,6,4,17,4.25,0,0,0,0,,,2,5.7,5.7,3.7,,136,
481,Josh Bellamy\BellJo02,NYJ,WR,30,7,0,0,0,0,0,0,0,0,,0,3,2,20,10.00,0,0,0,0,,,2,4.0,4.0,3.0,,195,
482,Fred Brown\BrowFr01,DEN,WR,26,13,1,0,0,0,0,0,0,0,,0,3,2,21,10.50,0,1,0,0,,,2,4.1,4.1,3.1,,193,
483,Michael Crabtree\CrabMi00,ARI,WR,32,2,1,0,0,0,0,0,0,0,,0,5,4,22,5.50,0,0,0,0,,,2,6.2,6.2,4.2,,192,
484,Rashard Davis\DaviRa01,TEN,WR,24,1,0,0,0,0,0,0,0,0,,0,1,1,16,16.00,0,0,0,0,,,2,2.6,2.6,2.1,,203,
485,Robert Davis\DaviRo00,2TM,WR,24,6,3,0,0,0,0,0,0,0,,0,5,2,17,8.50,0,0,0,0,,,2,3.7,3.7,2.7,,202,
486,Ashton Dulin\DuliAs00,IND,WR,22,13,0,0,0,0,0,0,0,0,,0,2,2,17,8.50,0,0,0,0,,,2,3.7,3.7,2.7,,200,
487,Tyler Ervin\ErviTy00,2TM,RB,26,10,0,0,0,0,0,0,1,10,10.00,0,4,2,11,5.50,0,2,0,0,,,2,4.1,4.1,3.1,,134,
488,Darius Jennings\JennDa00,TEN,WR,27,8,0,0,0,0,0,0,0,0,,0,5,2,17,8.50,0,0,0,0,,,2,3.7,3.7,2.7,,199,
489,Marqise Lee\LeexMa00,JAX,WR,28,6,1,0,0,0,0,0,1,1,1.00,0,4,3,18,6.00,0,0,0,0,,,2,4.9,4.9,3.4,,196,
490,T.J. Logan\LogaT.00,TAM,RB,25,12,0,0,0,0,0,0,3,10,3.33,0,3,2,13,6.50,0,0,0,0,,,2,4.3,4.3,3.3,,132,
491,Donte Moncrief\MoncDo00,2TM,WR,26,8,2,0,0,0,0,0,0,0,,0,15,4,18,4.50,0,0,0,0,,,2,5.8,5.8,3.8,,198,
492,Chris Moore\MoorCh00,BAL,WR,26,14,1,0,0,0,0,0,1,0,0.00,0,5,3,21,7.00,0,0,0,0,,,2,5.1,5.1,3.6,,194,
493,Stanley Morgan Jr.\MorgSt02,CIN,WR,23,11,0,0,0,0,0,0,0,0,,0,10,3,18,6.00,0,0,0,0,,,2,4.8,4.8,3.3,,197,
494,Josh Oliver\OlivJo00,JAX,TE,22,4,1,0,0,0,0,0,0,0,,0,6,3,15,5.00,0,0,0,0,,,2,4.5,4.5,3.0,,98,
495,Samaje Perine\PeriSa00,2TM,RB,24,7,0,0,0,0,0,0,5,16,3.20,0,0,0,0,,0,0,0,0,,,2,1.6,1.6,1.6,,137,
496,Eric Saubert\SaubEr00,CHI,TE,25,2,0,0,0,0,0,0,0,0,,0,3,2,21,10.50,0,0,0,0,,,2,4.1,4.1,3.1,,97,
497,Keith Smith\SmitKe03,ATL,RB,27,16,5,0,0,0,0,0,5,8,1.60,0,3,1,13,13.00,0,0,0,0,,,2,3.1,3.1,2.6,,133,
498,Diontae Spencer\SpenDi00,DEN,WR,27,16,2,0,0,0,0,0,3,6,2.00,0,8,6,31,5.17,0,3,1,0,,,2,7.7,8.7,4.7,,201,
499,Bobo Wilson\WilsJe00,TAM,WR,24,6,1,0,0,0,0,0,0,0,,0,11,3,35,11.67,0,3,1,0,,,2,4.5,5.5,3.0,,204,
500,Zach Zenner\ZennZa00,3TM,RB,28,5,0,0,0,0,0,0,3,-2,-0.67,0,3,2,19,9.50,0,0,0,0,,,2,3.7,3.7,2.7,,135,
501,Josh Adams\AdamJo03,NYJ,RB,23,3,0,0,0,0,0,0,8,12,1.50,0,0,0,0,,0,0,0,0,,,1,1.2,1.2,1.2,,138,
502,Antony Auclair\AuclAn00,TAM,TE,26,8,5,0,0,0,0,0,0,0,,0,3,1,11,11.00,0,0,0,0,,,1,2.1,2.1,1.6,,103,
503,Tony Brooks-James\BrooTo01,PIT,RB,25,3,0,0,0,0,0,0,8,7,0.88,0,0,0,0,,0,0,0,0,,,1,0.7,0.7,0.7,,147,
504,Austin Carr\CarrAu00,NOR,WR,26,6,3,0,0,0,0,0,0,0,,0,4,1,9,9.00,0,0,0,0,,,1,1.9,1.9,1.4,,212,
505,Sean Culkin\CulkSe00,LAC,TE,26,4,2,0,0,0,0,0,0,0,,0,2,1,12,12.00,0,0,0,0,,,1,2.2,2.2,1.7,,100,
506,Josh Ferguson\FergJo02,WAS,RB,26,2,0,0,0,0,0,0,3,9,3.00,0,0,0,0,,0,0,0,0,,,1,0.9,0.9,0.9,,144,
507,Ryan Grant\GranRy01,OAK,WR,29,2,1,0,0,0,0,0,0,0,,0,9,4,14,3.50,0,0,0,0,,,1,5.4,5.4,3.4,,207,
508,Will Grier\GrieWi00,CAR,QB,24,2,2,28,52,228,0,4,7,22,3.14,0,0,0,0,,0,1,1,0,,,1,1.3,6.3,5.3,,60,
509,Ryan Griffin\GrifRy01,TAM,QB,30,2,0,2,4,18,0,0,4,-1,-0.25,0,0,0,0,,0,0,0,0,,,1,0.6,0.6,0.6,,62,
510,Damien Harris\HarrDa06,NWE,RB,22,2,0,0,0,0,0,0,4,12,3.00,0,0,0,0,,0,0,0,0,,,1,1.2,1.2,1.2,,139,
511,Dwayne Harris\HarrDw00,OAK,WR,32,3,0,0,0,0,0,0,0,0,,0,1,1,7,7.00,0,0,0,0,,,1,1.7,1.7,1.2,,213,
512,Chris Herndon\HernCh00,NYJ,TE,23,1,0,0,0,0,0,0,0,0,,0,2,1,7,7.00,0,0,0,0,,,1,1.7,1.7,1.2,,107,
513,Cody Hollister\HollCo00,TEN,WR,26,5,0,0,0,0,0,0,0,0,,0,2,2,13,6.50,0,0,0,0,,,1,3.3,3.3,2.3,,208,
514,Buddy Howell\HoweGr00,HOU,RB,23,16,0,0,0,0,0,0,5,10,2.00,0,0,0,0,,0,0,0,0,,,1,1.0,1.0,1.0,,141,
515,Jakob Johnson\JohnJa12,NWE,RB,25,4,3,0,0,0,0,0,0,0,,0,2,1,5,5.00,0,0,0,0,,,1,1.5,1.5,1.0,,149,
516,Charles Jones\JoneCh10,JAX,TE,23,4,0,0,0,0,0,0,0,0,,0,1,1,5,5.00,0,0,0,0,,,1,1.5,1.5,1.0,,110,
517,John Kelly\KellJo00,LAR,RB,23,4,0,0,0,0,0,0,3,9,3.00,0,0,0,0,,0,0,0,0,,,1,0.9,0.9,0.9,,143,
518,Ben Koyack\KoyaBe00,JAX,TE,26,11,6,0,0,0,0,0,0,0,,0,3,1,9,9.00,0,0,0,0,,,1,1.9,1.9,1.4,,105,
519,Chris Manhertz\ManhCh00,CAR,TE,27,15,6,0,0,0,0,0,0,0,,0,1,1,11,11.00,0,0,0,0,,,1,2.1,2.1,1.6,,102,
520,Josh McCown\McCoJo01,PHI,QB,40,3,0,3,5,24,0,0,2,-2,-1.00,0,0,0,0,,0,0,0,0,,,1,0.8,0.8,0.8,,61,
521,Ryan Nall\NallRy00,CHI,RB,24,8,0,0,0,0,0,0,2,8,4.00,0,0,0,0,,0,0,0,0,,,1,0.8,0.8,0.8,,145,
522,Isaac Nauta\NautIs00,DET,TE,22,6,0,0,0,0,0,0,0,0,,0,3,2,13,6.50,0,0,0,0,,,1,3.3,3.3,2.3,,99,
523,Gunner Olszewski\OlszGu00,NWE,WR,23,8,0,0,0,0,0,0,0,0,,0,4,2,34,17.00,0,1,1,0,,,1,3.4,4.4,2.4,,206,
524,Ricky Ortiz\OrtiRi00,NOR,RB,25,1,0,0,0,0,0,0,0,0,,0,1,1,8,8.00,0,0,0,0,,,1,1.8,1.8,1.3,,146,
525,Jordan Scarlett\ScarJo00,CAR,RB,23,9,0,0,0,0,0,0,4,9,2.25,0,0,0,0,,0,0,0,0,,,1,0.9,0.9,0.9,,142,
526,Dalton Schultz\SchuDa00,DAL,TE,23,16,0,0,0,0,0,0,0,0,,0,2,1,6,6.00,0,0,0,0,,,1,1.6,1.6,1.1,,108,
527,Jaleel Scott\ScotJa02,BAL,WR,24,3,0,0,0,0,0,0,0,0,,0,3,1,6,6.00,0,0,0,0,,,1,1.6,1.6,1.1,,214,
528,Scott Simonson\SimoSc00,NYG,TE,27,5,1,0,0,0,0,0,0,0,,0,2,2,11,5.50,0,0,0,0,,,1,3.1,3.1,2.1,,101,
529,Jeff Smith\SmitJe03,NYJ,WR,22,1,0,0,0,0,0,0,0,0,,0,2,1,12,12.00,0,0,0,0,,,1,2.2,2.2,1.7,,209,
530,Tyrone Swoopes\SwooTy00,SEA,TE,25,5,2,0,0,0,0,0,0,0,,0,1,1,5,5.00,0,0,0,0,,,1,1.5,1.5,1.0,,109,
531,De'Anthony Thomas\ThomDe05,2TM,WR,26,14,0,0,0,0,0,0,2,5,2.50,0,2,1,6,6.00,0,3,0,0,,,1,2.1,2.1,1.6,,210,
532,Jordan Thomas\ThomJo05,HOU,TE,23,5,2,0,0,0,0,0,0,0,,0,3,1,8,8.00,0,0,0,0,,,1,1.8,1.8,1.3,,106,
533,Mike Thomas\ThomMi04,LAR,WR,25,16,0,0,0,0,0,0,0,0,,0,5,2,14,7.00,0,0,0,0,,,1,3.4,3.4,2.4,,205,
534,Levine Toilolo\ToilLe00,SFO,TE,28,13,0,0,0,0,0,0,0,0,,0,2,2,10,5.00,0,0,0,0,,,1,3.0,3.0,2.0,,104,
535,De'Lance Turner\TurnDe01,MIA,RB,24,8,0,0,0,0,0,0,4,6,1.50,0,0,0,0,,0,0,0,0,,,1,0.6,0.6,0.6,,148,
536,John Ursua\UrsuJo00,SEA,WR,25,3,0,0,0,0,0,0,0,0,,0,1,1,11,11.00,0,0,0,0,,,1,2.1,2.1,1.6,,211,
537,Dexter Williams\WillDe07,GNB,RB,22,4,0,0,0,0,0,0,5,11,2.20,0,0,0,0,,0,0,0,0,,,1,1.1,1.1,1.1,,140,
538,Jerell Adams\AdamJe01,HOU,,27,1,0,0,0,0,0,0,0,0,,0,0,0,0,,0,0,0,0,,,,,,,,119,
539,Stephen Anderson\AndeSt01,LAC,,26,1,0,0,0,0,0,0,0,0,,0,0,0,0,,0,0,0,0,,,,,,,,131,
540,Evan Baylis\BaylEv00,GNB,,26,5,0,0,0,0,0,0,0,0,,0,0,0,0,,0,0,0,0,,,,,,,,118,
541,Kendall Blanton\BlanKe01,LAR,,24,1,0,0,0,0,0,0,0,0,,0,0,0,0,,0,0,0,0,,,,,,,,127,
542,Tim Boyle\BoylTi00,GNB,QB,25,3,0,3,4,15,0,0,5,-7,-1.40,0,0,0,0,,0,0,0,0,,,,-0.1,-0.1,-0.1,,68,
543,Deante Burton\BurtDe00,DAL,,25,3,0,0,0,0,0,0,0,0,,0,0,0,0,,0,0,0,0,,,,,,,,222,
544,Trenton Cannon\CannTr00,NYJ,,25,4,0,0,0,0,0,0,0,0,,0,0,0,0,,0,0,0,0,,,,,,,,154,
545,Garrett Celek\CeleGa00,SFO,,31,5,1,0,0,0,0,0,0,0,,0,0,0,0,,0,0,0,0,,,,,,,,126,
546,Jordan Chunn\ChunJo00,DAL,,24,1,0,0,0,0,0,0,0,0,,0,0,0,0,,0,0,0,0,,,,,,,,161,
547,Chandler Cox\CoxxCh01,MIA,,23,13,3,0,0,0,0,0,0,0,,0,0,0,0,,0,0,0,0,,,,,,,,156,
548,River Cracraft\CracRi00,DEN,,25,1,0,0,0,0,0,0,0,0,,0,0,0,0,,0,0,0,0,,,,,,,,224,
549,Jerome Cunningham\CunnJe00,WAS,,28,2,1,0,0,0,0,0,0,0,,0,0,0,0,,0,0,0,0,,,,,,,,122,
550,Darrell Daniels\DaniDa02,ARI,TE,25,11,0,0,0,0,0,0,0,0,,0,3,1,4,4.00,0,0,0,0,,,,1.4,1.4,0.9,,111,
551,Davion Davis\DaviDa03,MIN,,23,2,0,0,0,0,0,0,0,0,,0,0,0,0,,0,0,0,0,,,,,,,,218,
552,James Develin\DeveJa00,NWE,TE,31,2,2,0,0,0,0,0,2,3,1.50,0,0,0,0,,0,0,0,0,,,,0.3,0.3,0.3,,113,
553,Garrett Dickerson\DickGa00,NYG,,24,4,0,0,0,0,0,0,0,0,,0,0,0,0,,0,0,0,0,,,,,,,,129,
554,Gehrig Dieter\DietGe00,KAN,,26,2,0,0,0,0,0,0,0,0,,0,0,0,0,,0,0,0,0,,,,,,,,229,
555,Brandon Dillon\DillBr00,MIN,,22,1,0,0,0,0,0,0,0,0,,0,0,0,0,,0,0,0,0,,,,,,,,128,
556,Josh Doctson\DoctJo00,MIN,,27,1,0,0,0,0,0,0,0,0,,0,0,0,0,,0,0,0,0,,,,,,,,230,
557,Alex Ellis\ElliAl01,PHI,,26,3,0,0,0,0,0,0,0,0,,0,0,0,0,,0,0,0,0,,,,,,,,121,
558,David Fales\FaleDa00,NYJ,,29,2,0,0,0,0,0,0,0,0,,0,0,0,0,,0,0,0,0,,,,,,,,67,
559,David Fluellen\FlueDa00,TEN,,27,2,0,0,0,0,0,0,0,0,,0,0,0,0,,0,0,0,0,,,,,,,,159,
560,D.J. Foster\FostD.01,ARI,,26,6,0,0,0,0,0,0,0,0,,0,0,0,0,,0,0,0,0,,,,,,,,160,
561,Travis Fulgham\FulgTr00,DET,,24,3,0,0,0,0,0,0,0,0,,0,3,0,0,,0,0,0,0,,,,,,,,228,
562,Zach Gentry\GentZa00,PIT,TE,23,4,0,0,0,0,0,0,0,0,,0,1,1,4,4.00,0,0,0,0,,,,1.4,1.4,0.9,,112,
563,Garrett Gilbert\GilbGa01,CLE,QB,28,5,0,0,3,0,0,0,3,-3,-1.00,0,0,0,0,,0,0,0,0,,,,-0.3,-0.3,-0.3,,70,
564,Cullen Gillaspia\GillCu00,HOU,,24,16,0,0,0,0,0,0,0,0,,0,0,0,0,,0,0,0,0,,,,,,,,162,
565,C.J. Goodwin\GoodC.00,DAL,,29,16,0,0,0,0,0,0,0,0,,0,0,0,0,,0,0,0,0,,,,,,,,219,
566,Cyril Grayson\GrayCy01,TAM,WR,26,2,0,0,0,0,0,0,0,0,,0,1,1,3,3.00,0,0,0,0,,,,1.3,1.3,0.8,,216,
567,Xavier Grimble\GrimXa00,PIT,TE,27,3,1,0,0,0,0,0,0,0,,0,3,1,3,3.00,0,0,0,0,,,,1.3,1.3,0.8,,114,
568,Jalen Guyton\GuytJa01,LAC,,22,3,0,0,0,0,0,0,0,0,,0,2,0,0,,0,0,0,0,,,,,,,,234,
569,Justin Hardee\HardJu01,NOR,,25,16,0,0,0,0,0,0,0,0,,0,1,0,0,,0,0,0,0,,,,,,,,240,
570,Clark Harris\HarrCl20,CIN,,35,16,0,0,0,0,0,0,0,0,,0,0,0,0,,0,0,0,0,,,,,,,,117,
571,Krishawn Hogan\HogaKr00,NOR,WR,24,8,0,0,0,0,0,0,0,0,,0,1,1,4,4.00,0,0,0,0,,,,1.4,1.4,0.9,,215,
572,Lil'Jordan Humphrey\HumpLi01,NOR,,21,5,1,0,0,0,0,0,0,0,,0,1,0,0,,0,0,0,0,,,,,,,,231,
573,Trenton Irwin\IrwiTr00,CIN,,24,1,0,0,0,0,0,0,0,0,,0,0,0,0,,0,0,0,0,,,,,,,,225,
574,Gary Jennings Jr\JennGa00,MIA,,22,1,0,0,0,0,0,0,0,0,,0,0,0,0,,0,0,0,0,,,,,,,,241,
575,Tom Kennedy\KennTo01,DET,,23,1,0,0,0,0,0,0,0,0,,0,0,0,0,,0,0,0,0,,,,,,,,226,
576,Darvin Kidsy\KidsDa00,WAS,,24,3,0,0,0,0,0,0,0,0,,0,0,0,0,,0,0,0,0,,,,,,,,239,
577,Keith Kirkwood\KirkKe00,NOR,,25,1,0,0,0,0,0,0,0,0,,0,0,0,0,,0,0,0,0,,,,,,,,235,
578,Matt Lengel\LengMa00,IND,,29,1,1,0,0,0,0,0,0,0,,0,0,0,0,,0,0,0,0,,,,,,,,132,
579,Josh Malone\MaloJo00,NYJ,,23,2,0,0,0,0,0,0,0,0,,0,0,0,0,,0,0,0,0,,,,,,,,236,
580,Jeremy McNichols\McNiJe00,JAX,,24,1,0,0,0,0,0,0,0,0,,0,0,0,0,,0,0,0,0,,,,,,,,164,
581,Trace McSorley\McSoTr00,BAL,QB,24,1,0,0,0,0,0,0,1,1,1.00,0,0,0,0,,0,0,0,0,,,,0.1,0.1,0.1,,64,
582,Carson Meier\MeieCa00,ATL,,24,1,1,0,0,0,0,0,0,0,,0,0,0,0,,0,0,0,0,,,,,,,,124,
583,Jaydon Mickens\MickJa01,TAM,,25,1,0,0,0,0,0,0,0,0,,0,0,0,0,,0,0,0,0,,,,,,,,221,
584,Alfred Morris\MorrAl00,ARI,RB,31,1,0,0,0,0,0,0,1,4,4.00,0,0,0,0,,0,0,0,0,,,,0.4,0.4,0.4,,150,
585,Nick Mullens\MullNi00,SFO,QB,24,1,0,0,0,0,0,0,3,-3,-1.00,0,0,0,0,,0,0,0,0,,,,-0.3,-0.3,-0.3,,69,
586,Jojo Natson\NatsJo00,LAR,,25,12,0,0,0,0,0,0,0,0,,0,0,0,0,,0,0,0,0,,,,,,,,227,
587,Roosevelt Nix\NixxRo01,PIT,RB,27,3,0,0,0,0,0,0,0,0,,0,3,2,4,2.00,0,0,0,0,,,,2.4,2.4,1.4,,152,
588,Matthew Orzech\OrzeMa00,JAX,,24,16,0,0,0,0,0,0,0,0,,0,0,0,0,,0,0,0,0,,,,,,,,133,
589,Senorise Perry\PerrSe00,BUF,RB,28,11,0,0,0,0,0,0,3,3,1.00,0,1,1,1,1.00,0,0,0,0,,,,1.4,1.4,0.9,,151,
590,Craig Reynolds\ReynCr00,WAS,,23,3,0,0,0,0,0,0,0,0,,0,0,0,0,,0,0,0,0,,,,,,,,155,
591,Richard Rodgers\RodgRi00,PHI,,27,1,0,0,0,0,0,0,0,0,,0,0,0,0,,0,0,0,0,,,,,,,,125,
592,Cooper Rush\RushCo00,DAL,,26,2,0,0,0,0,0,0,0,0,,0,0,0,0,,0,0,0,0,,,,,,,,66,
593,Spencer Schnell\SchnSp00,TAM,,25,1,0,0,0,0,0,0,0,0,,0,0,0,0,,0,0,0,0,,,,,,,,237,
594,Mason Schreck\SchrMa00,CIN,,26,2,0,0,0,0,0,0,0,0,,0,0,0,0,,0,0,0,0,,,,,,,,116,
595,Trevor Siemian\SiemTr00,NYJ,QB,28,1,1,3,6,3,0,0,0,0,,0,0,0,0,,0,0,0,0,,,,0.1,0.1,0.1,,63,
596,Matthew Slater*+\SlatMa00,NWE,,34,16,0,0,0,0,0,0,0,0,,0,0,0,0,,0,0,0,0,,,,,,,,238,
597,Rod Smith\SmitRo06,2TM,,27,6,0,0,0,0,0,0,0,0,,0,0,0,0,,0,0,0,0,,,,,,,,158,
598,Nate Solder\SoldNa00,NYG,,31,16,16,0,0,0,0,0,0,0,,0,0,0,0,,0,0,0,0,,,,,,,,123,
599,Jace Sternberger\SterJa00,GNB,,23,6,1,0,0,0,0,0,0,0,,0,1,0,0,,0,0,0,0,,,,,,,,130,
600,Alex Tanney\TannAl00,NYG,QB,32,1,0,1,1,1,0,0,0,0,,0,0,0,0,,0,0,0,0,,,,,,,,65,
601,Taywan Taylor\TaylTa00,CLE,,24,3,1,0,0,0,0,0,0,0,,0,1,0,0,,0,0,0,0,,,,,,,,232,
602,Eric Tomlinson\TomlEr01,3TM,TE,27,8,3,0,0,0,0,0,0,0,,0,1,1,1,1.00,0,0,0,0,,,,1.1,1.1,0.6,,115,
603,Robert Turbin\TurbRo00,SEA,,30,1,0,0,0,0,0,0,0,0,,0,0,0,0,,0,0,0,0,,,,,,,,153,
604,Jason Vander Laan\VandJa00,NOR,,27,2,1,0,0,0,0,0,0,0,,0,0,0,0,,0,0,0,0,,,,,,,,120,
605,Austin Walter\WaltAu00,NYG,,23,1,0,0,0,0,0,0,0,0,,0,0,0,0,,0,0,0,0,,,,,,,,163,
606,Jester Weah\WeahJe01,WAS,,24,1,0,0,0,0,0,0,0,0,,0,0,0,0,,0,0,0,0,,,,,,,,217,
607,Nsimba Webster\WebsNs00,LAR,,23,5,0,0,0,0,0,0,0,0,,0,0,0,0,,0,1,0,0,,,,,,,,233,
608,Chad Williams\WillCh05,IND,,25,1,0,0,0,0,0,0,0,0,,0,1,0,0,,0,0,0,0,,,,,,,,220,
609,Trayveon Williams\WillTr06,CIN,,22,11,0,0,0,0,0,0,0,0,,0,0,0,0,,0,0,0,0,,,,,,,,157,
610,Juwann Winfree\WinfJu00,DEN,,23,3,0,0,0,0,0,0,0,0,,0,0,0,0,,0,0,0,0,,,,,,,,223,
611,Blake Bortles\BortBl00,LAR,QB,27,3,0,1,2,3,0,0,2,-9,-4.50,0,0,0,0,,0,0,0,0,,,-1,-0.8,-0.8,-0.8,,71,
612,Sean Mannion\MannSe00,MIN,QB,27,3,1,12,21,126,0,2,6,-5,-0.83,0,0,0,0,,0,1,1,0,,,-1,-1.5,1.5,0.5,,72,
613,Greg Dortch\DortGr01,CAR,,21,2,0,0,0,0,0,0,0,0,,0,0,0,0,,0,1,1,0,,,-2,-2.0,-1.0,-2.0,,243,
614,Quincy Enunwa\EnunQu00,NYJ,WR,27,1,1,0,0,0,0,0,0,0,,0,3,1,-4,-4.00,0,1,1,0,,,-2,-1.4,-0.4,-1.9,,245,
615,Ray-Ray McCloud\McClRa00,CAR,,23,6,0,0,0,0,0,0,0,0,,0,0,0,0,,0,3,1,0,,,-2,-2.0,-1.0,-2.0,,244,
616,Darrius Shepherd\ShepDa00,GNB,WR,24,6,0,0,0,0,0,0,0,0,,0,2,1,1,1.00,0,1,1,0,,,-2,-0.9,0.1,-1.4,,242,
617,Jarrett Stidham\StidJa00,NWE,QB,23,3,0,2,4,14,0,1,2,-2,-1.00,0,0,0,0,,0,0,0,0,,,-2,-1.6,-0.6,-0.6,,73,
618,Michael Walker\WalkMi00,JAX,WR,23,7,0,0,0,0,0,0,0,0,,0,3,2,15,7.50,0,2,2,0,,,-3,-0.5,1.5,-1.5,,246,
619,Corey Clement\ClemCo00,PHI,,25,4,0,0,0,0,0,0,0,0,,0,0,0,0,,0,2,2,0,,,-4,-4.0,-2.0,-4.0,,165,